#!ascii label  , from subject bert vox2ras=TkReg
748
130246  -18.057  -41.018  61.768 0.0000000000
49230  -40.276  -28.566  54.576 0.0000000000
55176  -43.132  -21.758  49.915 0.0000000000
59875  -48.278  -16.472  44.650 0.0000000000
44776  -39.599  -33.221  53.099 0.0000000000
57096  -45.870  -18.959  47.642 0.0000000000
127280  -45.068  -11.495  36.586 0.0000000000
66769  -49.058  -9.245  35.689 0.0000000000
48363  -43.879  -29.282  53.141 0.0000000000
51748  -44.227  -25.234  52.491 0.0000000000
52617  -41.311  -24.918  53.167 0.0000000000
41074  -19.745  -38.060  63.822 0.0000000000
41108  -24.207  -37.222  62.001 0.0000000000
41982  -26.786  -36.154  58.889 0.0000000000
41987  -31.021  -36.953  58.330 0.0000000000
41998  -35.911  -37.384  57.061 0.0000000000
42017  -40.196  -36.530  55.336 0.0000000000
44759  -42.462  -33.788  54.537 0.0000000000
53470  -46.700  -23.073  49.695 0.0000000000
65021  -51.473  -10.431  34.277 0.0000000000
119635  -42.279  -28.837  54.752 0.0000000000
50851  -42.648  -26.828  54.313 0.0000000000
50856  -40.544  -27.147  54.050 0.0000000000
41964  -20.430  -37.130  62.002 0.0000000000
41099  -22.399  -37.772  63.332 0.0000000000
42896  -35.759  -35.882  55.530 0.0000000000
41175  -38.252  -37.192  56.424 0.0000000000
42899  -38.421  -36.126  55.370 0.0000000000
112379  -39.933  -31.304  55.469 0.0000000000
44750  -41.065  -33.019  55.135 0.0000000000
47458  -41.268  -30.774  55.610 0.0000000000
46535  -43.546  -31.570  53.612 0.0000000000
54312  -43.682  -22.583  52.712 0.0000000000
52631  -45.331  -24.169  51.118 0.0000000000
56021  -45.013  -20.560  51.182 0.0000000000
58088  -47.039  -17.887  46.108 0.0000000000
57082  -47.869  -19.416  47.894 0.0000000000
58091  -49.023  -18.434  46.347 0.0000000000
58970  -50.143  -17.217  43.949 0.0000000000
110807  -47.628  -10.501  39.268 0.0000000000
113277  -47.648  -12.534  39.940 0.0000000000
43860  -38.248  -35.009  53.124 0.0000000000
58129  -45.761  -18.830  42.345 0.0000000000
118834  -46.761  -9.243  36.481 0.0000000000
110809  -48.083  -10.484  37.145 0.0000000000
62500  -50.893  -13.121  33.597 0.0000000000
48390  -43.881  -29.896  51.665 0.0000000000
50058  -44.073  -27.634  52.933 0.0000000000
52603  -42.850  -24.804  53.848 0.0000000000
38414  -18.902  -39.451  63.744 0.0000000000
38461  -25.072  -39.941  59.984 0.0000000000
41970  -25.650  -36.477  60.370 0.0000000000
40278  -26.284  -38.459  58.769 0.0000000000
40280  -28.212  -37.973  57.810 0.0000000000
40282  -30.891  -38.380  58.412 0.0000000000
39386  -32.741  -39.037  58.225 0.0000000000
41989  -33.784  -37.598  57.789 0.0000000000
38514  -36.799  -38.898  56.096 0.0000000000
42916  -40.143  -35.166  54.582 0.0000000000
42029  -41.983  -35.383  54.818 0.0000000000
42064  -42.031  -35.787  52.795 0.0000000000
43896  -42.934  -33.667  51.576 0.0000000000
45685  -43.605  -31.926  50.993 0.0000000000
115361  -46.176  -19.461  49.715 0.0000000000
60731  -46.612  -14.488  40.631 0.0000000000
60711  -48.809  -15.038  42.300 0.0000000000
37564  -18.083  -40.488  63.144 0.0000000000
49231  -41.094  -28.286  54.713 0.0000000000
50033  -41.254  -27.602  54.623 0.0000000000
50041  -40.386  -27.830  54.367 0.0000000000
42897  -36.451  -35.710  54.875 0.0000000000
42882  -37.621  -36.344  56.116 0.0000000000
115478  -37.205  -35.572  54.190 0.0000000000
116509  -39.913  -30.084  54.858 0.0000000000
46495  -40.095  -31.391  55.732 0.0000000000
48339  -40.419  -29.865  54.999 0.0000000000
48351  -41.826  -29.726  55.195 0.0000000000
55149  -44.106  -22.067  52.035 0.0000000000
55170  -43.990  -20.934  50.984 0.0000000000
133007  -47.811  -16.848  45.009 0.0000000000
133724  -48.201  -17.640  46.102 0.0000000000
131759  -48.720  -17.392  45.641 0.0000000000
58110  -49.721  -18.054  45.055 0.0000000000
59877  -49.490  -16.676  44.257 0.0000000000
111087  -48.040  -10.978  38.750 0.0000000000
110806  -48.708  -12.468  39.530 0.0000000000
110804  -48.184  -12.782  38.529 0.0000000000
65898  -46.769  -9.601  34.965 0.0000000000
66748  -47.448  -9.276  36.203 0.0000000000
65878  -47.515  -9.163  37.460 0.0000000000
66750  -48.690  -9.286  36.137 0.0000000000
64183  -48.847  -11.362  36.061 0.0000000000
65005  -49.596  -10.137  35.755 0.0000000000
63320  -51.592  -11.789  34.195 0.0000000000
48382  -43.985  -29.709  52.313 0.0000000000
49277  -44.036  -29.063  52.449 0.0000000000
49251  -44.040  -28.301  53.048 0.0000000000
52601  -41.705  -25.287  53.720 0.0000000000
51736  -42.573  -25.486  54.105 0.0000000000
52610  -42.043  -24.557  53.368 0.0000000000
53439  -42.338  -23.712  53.148 0.0000000000
53447  -41.341  -24.390  52.467 0.0000000000
39335  -19.893  -39.212  63.087 0.0000000000
39326  -20.364  -38.295  63.364 0.0000000000
131349  -23.633  -38.069  62.822 0.0000000000
42840  -26.380  -35.503  58.897 0.0000000000
113531  -26.114  -36.531  59.536 0.0000000000
41127  -26.007  -37.180  59.932 0.0000000000
41156  -26.796  -37.623  58.608 0.0000000000
40279  -27.086  -38.313  57.918 0.0000000000
41157  -27.799  -37.430  58.246 0.0000000000
41142  -30.954  -37.372  58.510 0.0000000000
39385  -31.679  -38.682  58.371 0.0000000000
123636  -31.889  -37.869  58.470 0.0000000000
42866  -35.259  -36.832  56.910 0.0000000000
42856  -33.948  -36.939  57.032 0.0000000000
41997  -35.347  -37.430  57.305 0.0000000000
40283  -34.352  -38.243  57.914 0.0000000000
40285  -35.653  -37.999  57.482 0.0000000000
38497  -35.879  -38.827  56.687 0.0000000000
113056  -36.594  -38.219  56.795 0.0000000000
41185  -38.984  -37.436  56.058 0.0000000000
134635  -39.146  -38.353  56.013 0.0000000000
40302  -39.488  -38.052  55.347 0.0000000000
40309  -40.306  -37.621  54.594 0.0000000000
42932  -39.464  -35.191  53.982 0.0000000000
43848  -40.583  -34.221  54.527 0.0000000000
44752  -42.056  -33.721  55.095 0.0000000000
43834  -41.943  -34.388  55.102 0.0000000000
43849  -42.442  -34.780  54.373 0.0000000000
42054  -42.006  -35.874  53.676 0.0000000000
43863  -42.613  -34.687  53.620 0.0000000000
44767  -42.909  -33.619  53.190 0.0000000000
47491  -43.764  -30.691  53.369 0.0000000000
46536  -43.736  -31.340  52.887 0.0000000000
47502  -43.958  -30.338  52.188 0.0000000000
128965  -43.781  -30.961  51.189 0.0000000000
41096  -18.905  -37.536  63.361 0.0000000000
41085  -18.680  -37.737  64.631 0.0000000000
40222  -18.565  -38.579  64.349 0.0000000000
50877  -43.995  -26.043  52.225 0.0000000000
50882  -44.052  -25.888  51.335 0.0000000000
53464  -46.241  -23.127  50.395 0.0000000000
56072  -45.269  -19.548  48.062 0.0000000000
57064  -45.178  -19.241  49.631 0.0000000000
57066  -46.244  -18.978  48.990 0.0000000000
56074  -48.800  -20.566  47.214 0.0000000000
55186  -47.946  -21.030  48.373 0.0000000000
62439  -48.790  -13.100  40.623 0.0000000000
61572  -47.096  -13.409  40.375 0.0000000000
62433  -48.555  -13.274  41.198 0.0000000000
60724  -47.878  -14.760  41.914 0.0000000000
61555  -49.202  -14.373  41.778 0.0000000000
59889  -50.283  -15.991  42.236 0.0000000000
65911  -48.843  -9.554  34.365 0.0000000000
65902  -49.925  -9.504  35.162 0.0000000000
65913  -50.776  -9.818  33.993 0.0000000000
65921  -51.415  -9.728  33.166 0.0000000000
126868  -43.013  -29.151  54.106 0.0000000000
50043  -43.508  -27.997  53.688 0.0000000000
50035  -42.378  -27.432  54.479 0.0000000000
50858  -41.665  -26.461  54.375 0.0000000000
127022  -40.713  -25.596  53.010 0.0000000000
41954  -20.140  -37.231  62.775 0.0000000000
41088  -21.442  -37.950  63.407 0.0000000000
41967  -23.912  -36.556  61.735 0.0000000000
42867  -35.962  -37.017  56.830 0.0000000000
134133  -37.044  -37.056  56.612 0.0000000000
42014  -37.632  -36.696  56.417 0.0000000000
42015  -38.196  -36.691  56.278 0.0000000000
119773  -39.093  -36.460  55.633 0.0000000000
45643  -39.953  -32.550  53.796 0.0000000000
44758  -40.695  -33.253  54.766 0.0000000000
46510  -40.089  -31.793  55.504 0.0000000000
45611  -41.063  -32.343  55.404 0.0000000000
45632  -42.365  -32.987  54.911 0.0000000000
45633  -42.800  -32.938  54.120 0.0000000000
130586  -42.789  -31.213  54.872 0.0000000000
47469  -42.935  -30.252  54.453 0.0000000000
119712  -19.009  -37.623  61.044 0.0000000000
53442  -43.880  -23.720  53.238 0.0000000000
52624  -44.671  -24.559  52.282 0.0000000000
53451  -44.925  -23.068  52.313 0.0000000000
54321  -45.239  -22.257  51.727 0.0000000000
54326  -46.528  -21.930  50.816 0.0000000000
129424  -46.696  -18.286  46.669 0.0000000000
58059  -46.928  -18.848  48.196 0.0000000000
123713  -47.505  -18.519  47.390 0.0000000000
58090  -48.565  -18.626  46.911 0.0000000000
110991  -46.241  -10.309  38.282 0.0000000000
126405  -46.514  -12.045  39.088 0.0000000000
110796  -47.313  -11.074  39.528 0.0000000000
62446  -48.672  -12.892  40.053 0.0000000000
48371  -39.578  -28.922  53.668 0.0000000000
118388  -39.855  -30.408  53.087 0.0000000000
55184  -43.487  -21.146  49.317 0.0000000000
56104  -45.618  -20.105  45.026 0.0000000000
57155  -46.154  -19.151  45.060 0.0000000000
58109  -46.713  -18.167  44.120 0.0000000000
58977  -47.091  -17.384  43.810 0.0000000000
65002  -45.542  -9.948  36.271 0.0000000000
129327  -46.733  -9.359  38.226 0.0000000000
110802  -47.612  -9.955  38.473 0.0000000000
110805  -47.941  -11.253  37.532 0.0000000000
64185  -50.604  -11.138  35.493 0.0000000000
63318  -50.355  -12.158  34.820 0.0000000000
113014  -43.576  -29.474  50.998 0.0000000000
50062  -44.020  -27.430  52.591 0.0000000000
50872  -43.929  -26.095  52.707 0.0000000000
121979  -43.236  -26.850  53.932 0.0000000000
50860  -43.404  -26.119  53.786 0.0000000000
52613  -43.806  -24.577  53.380 0.0000000000
53441  -43.425  -23.374  53.256 0.0000000000
54311  -43.067  -22.695  52.671 0.0000000000
50057  -39.594  -27.481  52.783 0.0000000000
51742  -40.204  -26.188  52.784 0.0000000000
52623  -40.694  -24.674  51.661 0.0000000000
37565  -18.952  -40.059  62.882 0.0000000000
38440  -19.825  -39.830  62.608 0.0000000000
38468  -25.307  -40.403  59.372 0.0000000000
41975  -23.689  -36.371  60.860 0.0000000000
42824  -24.932  -35.630  61.452 0.0000000000
41119  -24.925  -37.274  61.492 0.0000000000
39364  -25.703  -38.933  60.042 0.0000000000
39397  -29.047  -39.233  57.292 0.0000000000
39398  -30.161  -39.327  57.391 0.0000000000
42854  -31.523  -36.664  57.643 0.0000000000
42863  -32.443  -36.933  57.221 0.0000000000
41988  -32.035  -37.237  57.925 0.0000000000
41144  -33.167  -37.963  58.213 0.0000000000
114097  -33.512  -38.811  58.012 0.0000000000
39407  -37.939  -38.331  56.187 0.0000000000
42931  -38.724  -35.335  53.815 0.0000000000
133575  -39.849  -35.693  54.991 0.0000000000
42884  -40.161  -35.968  55.201 0.0000000000
127843  -41.095  -33.860  54.906 0.0000000000
42901  -40.960  -35.106  55.063 0.0000000000
42018  -40.982  -36.309  55.038 0.0000000000
41209  -41.162  -36.959  54.277 0.0000000000
41226  -41.538  -36.479  53.066 0.0000000000
43911  -42.855  -34.021  50.892 0.0000000000
45658  -43.185  -32.852  52.687 0.0000000000
44790  -43.206  -33.063  51.496 0.0000000000
44820  -43.030  -32.749  50.276 0.0000000000
45702  -43.344  -31.989  50.065 0.0000000000
38413  -18.173  -39.816  64.138 0.0000000000
56034  -44.391  -20.208  50.705 0.0000000000
56037  -45.790  -19.939  50.606 0.0000000000
54327  -46.930  -21.634  50.269 0.0000000000
57081  -47.244  -19.256  48.425 0.0000000000
55179  -47.453  -20.636  49.064 0.0000000000
54341  -47.628  -22.319  48.725 0.0000000000
58997  -46.403  -17.385  42.024 0.0000000000
59887  -47.107  -16.492  42.626 0.0000000000
126434  -46.008  -12.996  38.568 0.0000000000
61579  -45.585  -14.511  38.748 0.0000000000
127421  -46.632  -15.209  41.052 0.0000000000
59899  -47.512  -15.608  42.286 0.0000000000
59880  -48.630  -16.106  43.795 0.0000000000
59882  -49.950  -16.554  43.422 0.0000000000
37590  -17.406  -41.357  61.487 0.0000000000
48350  -40.590  -28.815  54.723 0.0000000000
50032  -40.806  -27.927  54.593 0.0000000000
42928  -35.640  -35.490  53.559 0.0000000000
42929  -36.379  -35.464  53.874 0.0000000000
48361  -39.884  -29.207  54.404 0.0000000000
122343  -40.112  -30.269  55.127 0.0000000000
48349  -40.182  -29.460  54.802 0.0000000000
49225  -40.904  -29.188  54.869 0.0000000000
55169  -43.371  -21.690  50.794 0.0000000000
55159  -43.579  -21.878  51.497 0.0000000000
58958  -47.997  -16.959  45.351 0.0000000000
59867  -48.489  -16.791  45.150 0.0000000000
59868  -49.102  -16.858  45.012 0.0000000000
59876  -48.793  -16.416  44.469 0.0000000000
111064  -47.919  -12.163  37.914 0.0000000000
66768  -48.660  -9.132  35.561 0.0000000000
66760  -48.164  -9.125  35.847 0.0000000000
66749  -48.052  -9.307  36.496 0.0000000000
65880  -48.944  -9.446  36.077 0.0000000000
65890  -49.160  -9.498  36.080 0.0000000000
48372  -43.985  -29.600  52.725 0.0000000000
113594  -44.049  -28.975  52.753 0.0000000000
121682  -43.999  -28.947  52.992 0.0000000000
127252  -41.885  -24.218  52.973 0.0000000000
40224  -20.012  -38.147  63.609 0.0000000000
41949  -23.669  -37.460  62.373 0.0000000000
40243  -23.723  -38.188  62.579 0.0000000000
41137  -26.525  -37.011  59.119 0.0000000000
41138  -27.374  -36.845  58.647 0.0000000000
42845  -30.356  -36.425  58.227 0.0000000000
41986  -30.056  -36.739  58.465 0.0000000000
40271  -31.453  -38.074  58.553 0.0000000000
128071  -31.623  -37.447  58.331 0.0000000000
42004  -35.498  -37.064  56.952 0.0000000000
42003  -34.837  -37.038  57.145 0.0000000000
41160  -35.499  -37.637  57.401 0.0000000000
39390  -35.867  -38.180  57.273 0.0000000000
40292  -36.318  -37.781  57.056 0.0000000000
41186  -39.664  -37.469  55.544 0.0000000000
41198  -40.067  -37.663  55.113 0.0000000000
41187  -40.417  -37.067  55.250 0.0000000000
43862  -39.867  -34.553  53.865 0.0000000000
44766  -40.151  -33.508  53.917 0.0000000000
43835  -42.214  -34.450  54.819 0.0000000000
121650  -42.554  -34.298  54.289 0.0000000000
43864  -42.720  -34.271  53.738 0.0000000000
116960  -42.812  -34.092  53.060 0.0000000000
44760  -42.815  -33.756  53.857 0.0000000000
47481  -43.881  -29.955  53.101 0.0000000000
47492  -43.897  -30.448  52.729 0.0000000000
41097  -19.704  -37.548  63.391 0.0000000000
119460  -19.204  -37.806  64.046 0.0000000000
119665  -19.273  -38.027  64.232 0.0000000000
41073  -18.982  -38.152  64.357 0.0000000000
133610  -44.454  -25.112  52.123 0.0000000000
52638  -46.190  -23.694  49.648 0.0000000000
53478  -46.791  -23.237  48.922 0.0000000000
131010  -45.286  -19.670  47.256 0.0000000000
57080  -45.728  -19.035  48.861 0.0000000000
126377  -45.160  -12.506  37.093 0.0000000000
62434  -49.187  -13.389  41.116 0.0000000000
134019  -48.991  -13.951  41.669 0.0000000000
49234  -42.818  -28.154  54.192 0.0000000000
49233  -42.055  -28.044  54.673 0.0000000000
50042  -40.845  -27.419  54.465 0.0000000000
50849  -41.439  -27.087  54.601 0.0000000000
50857  -41.088  -26.823  54.343 0.0000000000
51734  -41.392  -26.014  53.995 0.0000000000
50865  -40.742  -26.298  53.626 0.0000000000
41966  -22.973  -36.860  61.491 0.0000000000
42881  -35.841  -36.468  56.395 0.0000000000
42013  -36.786  -36.807  56.513 0.0000000000
42898  -37.397  -35.950  55.171 0.0000000000
42883  -38.360  -36.450  55.999 0.0000000000
120179  -39.389  -36.150  55.309 0.0000000000
46523  -39.872  -31.685  54.669 0.0000000000
125447  -40.442  -31.188  55.783 0.0000000000
46496  -40.390  -31.668  55.651 0.0000000000
46497  -41.046  -31.653  55.674 0.0000000000
45621  -41.803  -32.530  55.448 0.0000000000
46512  -41.840  -31.511  55.637 0.0000000000
46524  -42.456  -32.008  55.170 0.0000000000
132600  -42.321  -31.356  55.358 0.0000000000
49232  -41.582  -28.765  54.893 0.0000000000
48352  -42.433  -29.686  54.818 0.0000000000
41117  -19.776  -37.458  61.234 0.0000000000
41963  -19.769  -37.291  62.107 0.0000000000
54303  -43.828  -23.013  53.092 0.0000000000
53450  -44.348  -23.380  52.863 0.0000000000
54313  -44.277  -22.624  52.529 0.0000000000
55161  -44.567  -21.306  51.426 0.0000000000
55150  -44.676  -22.126  51.927 0.0000000000
55162  -45.172  -21.269  51.444 0.0000000000
55163  -45.933  -21.455  51.364 0.0000000000
58089  -47.205  -18.210  46.846 0.0000000000
58951  -48.525  -18.041  46.401 0.0000000000
124187  -49.073  -19.123  46.546 0.0000000000
58099  -49.497  -18.799  45.712 0.0000000000
126468  -46.894  -10.425  39.198 0.0000000000
114865  -39.820  -29.882  54.083 0.0000000000
57134  -45.836  -19.359  45.876 0.0000000000
57185  -46.179  -18.796  42.914 0.0000000000
58119  -46.602  -18.204  43.266 0.0000000000
65889  -46.701  -9.427  35.630 0.0000000000
65888  -45.984  -9.441  35.840 0.0000000000
132929  -45.165  -10.297  35.668 0.0000000000
65876  -46.268  -9.364  36.805 0.0000000000
130412  -46.087  -9.719  37.410 0.0000000000
65003  -46.649  -9.095  37.641 0.0000000000
112015  -47.670  -9.628  37.503 0.0000000000
110803  -47.423  -9.397  38.184 0.0000000000
110946  -47.762  -10.235  37.855 0.0000000000
110801  -47.464  -12.106  36.481 0.0000000000
64182  -48.137  -11.350  36.556 0.0000000000
120264  -49.611  -11.380  35.853 0.0000000000
65892  -50.564  -10.206  35.066 0.0000000000
64186  -51.033  -10.973  35.160 0.0000000000
63325  -51.424  -12.432  33.987 0.0000000000
63319  -51.037  -11.946  34.600 0.0000000000
48405  -43.613  -30.445  50.592 0.0000000000
49293  -43.326  -29.860  50.170 0.0000000000
49264  -44.093  -28.321  52.794 0.0000000000
123698  -44.046  -28.320  52.486 0.0000000000
133225  -43.948  -26.863  52.719 0.0000000000
123774  -43.972  -26.941  53.019 0.0000000000
127521  -43.036  -27.457  54.016 0.0000000000
50044  -43.596  -27.532  53.627 0.0000000000
51737  -43.107  -25.361  54.037 0.0000000000
52604  -43.327  -24.797  53.736 0.0000000000
51738  -43.592  -25.353  53.551 0.0000000000
52612  -43.253  -24.089  53.472 0.0000000000
53448  -42.014  -23.544  52.627 0.0000000000
53449  -42.587  -23.077  52.997 0.0000000000
38427  -19.298  -39.584  63.185 0.0000000000
38416  -20.665  -39.037  62.759 0.0000000000
41098  -21.769  -37.636  63.338 0.0000000000
117665  -22.013  -37.909  63.546 0.0000000000
38460  -24.519  -40.110  60.270 0.0000000000
130174  -25.009  -40.364  59.671 0.0000000000
42838  -24.394  -35.690  60.322 0.0000000000
42830  -24.613  -35.946  61.225 0.0000000000
41969  -25.058  -36.375  61.173 0.0000000000
40256  -25.177  -37.920  61.301 0.0000000000
129602  -25.561  -37.347  60.872 0.0000000000
134154  -25.960  -38.554  59.518 0.0000000000
39370  -25.825  -39.185  59.250 0.0000000000
38469  -25.715  -40.024  58.947 0.0000000000
38478  -26.125  -40.117  57.920 0.0000000000
39381  -26.944  -39.322  57.517 0.0000000000
40291  -28.018  -38.721  57.376 0.0000000000
39396  -27.764  -39.598  57.072 0.0000000000
40270  -30.576  -37.682  58.578 0.0000000000
40281  -30.000  -38.048  58.473 0.0000000000
39383  -30.128  -38.724  57.929 0.0000000000
39384  -30.985  -38.982  58.021 0.0000000000
121436  -32.307  -38.908  58.328 0.0000000000
39400  -31.715  -39.141  58.041 0.0000000000
39401  -32.413  -39.214  57.983 0.0000000000
38494  -32.313  -39.443  57.306 0.0000000000
42864  -33.466  -36.931  56.966 0.0000000000
41995  -33.209  -37.248  57.421 0.0000000000
41994  -32.191  -36.974  57.421 0.0000000000
115027  -32.882  -37.580  57.932 0.0000000000
39388  -34.338  -38.608  57.724 0.0000000000
39374  -33.620  -38.559  58.068 0.0000000000
39403  -33.764  -39.050  57.649 0.0000000000
120701  -36.037  -39.190  56.279 0.0000000000
38529  -36.642  -39.260  55.736 0.0000000000
41174  -37.482  -37.251  56.594 0.0000000000
40293  -37.240  -37.908  56.631 0.0000000000
40294  -38.102  -37.849  56.413 0.0000000000
42930  -37.896  -35.340  53.738 0.0000000000
42900  -40.311  -35.628  55.062 0.0000000000
43833  -41.517  -34.037  55.042 0.0000000000
42903  -42.148  -34.919  54.904 0.0000000000
132937  -41.635  -34.680  55.055 0.0000000000
42902  -41.806  -35.069  55.033 0.0000000000
123024  -41.569  -35.623  54.967 0.0000000000
42028  -41.478  -36.134  54.719 0.0000000000
131689  -42.046  -35.976  54.171 0.0000000000
42959  -42.695  -34.339  52.063 0.0000000000
123338  -43.257  -32.329  53.678 0.0000000000
45644  -43.013  -32.961  53.375 0.0000000000
45645  -43.424  -32.183  53.087 0.0000000000
45673  -43.668  -31.831  51.534 0.0000000000
45659  -43.591  -32.041  52.341 0.0000000000
112627  -43.455  -32.522  51.245 0.0000000000
123871  -43.439  -32.307  50.723 0.0000000000
46571  -43.598  -31.676  50.569 0.0000000000
47519  -43.775  -30.673  51.191 0.0000000000
47518  -43.695  -31.129  50.616 0.0000000000
39324  -18.996  -39.093  64.002 0.0000000000
38407  -18.510  -39.246  64.063 0.0000000000
38426  -18.584  -39.988  63.635 0.0000000000
52625  -45.186  -23.887  51.910 0.0000000000
51754  -44.900  -24.626  51.716 0.0000000000
56059  -44.047  -20.230  49.831 0.0000000000
57065  -45.655  -19.194  49.706 0.0000000000
57050  -45.533  -19.483  50.271 0.0000000000
56038  -46.365  -20.212  50.256 0.0000000000
55172  -46.399  -20.843  50.889 0.0000000000
55173  -46.744  -20.894  50.132 0.0000000000
58060  -47.477  -18.950  47.832 0.0000000000
54335  -47.648  -21.596  48.936 0.0000000000
62452  -46.673  -12.724  39.397 0.0000000000
61580  -46.209  -14.247  39.659 0.0000000000
60738  -45.466  -15.185  39.291 0.0000000000
128834  -45.874  -15.076  40.019 0.0000000000
59912  -46.049  -15.546  40.530 0.0000000000
114496  -48.344  -15.143  42.460 0.0000000000
60702  -48.538  -15.645  43.097 0.0000000000
59881  -49.193  -16.178  43.637 0.0000000000
60703  -48.979  -15.621  42.966 0.0000000000
120695  -41.527  -27.964  54.701 0.0000000000
118101  -36.648  -36.180  55.839 0.0000000000
42914  -38.155  -35.701  54.447 0.0000000000
47480  -39.834  -30.760  54.904 0.0000000000
47467  -39.962  -30.819  55.392 0.0000000000
47456  -40.210  -30.792  55.506 0.0000000000
47457  -40.616  -30.487  55.409 0.0000000000
48340  -41.166  -29.817  55.100 0.0000000000
54320  -43.657  -22.254  52.127 0.0000000000
55160  -44.132  -21.490  51.523 0.0000000000
56035  -44.580  -20.641  51.076 0.0000000000
58957  -47.513  -17.404  45.441 0.0000000000
58949  -47.716  -17.613  46.031 0.0000000000
134317  -48.209  -17.262  45.646 0.0000000000
58952  -49.207  -17.945  45.822 0.0000000000
58959  -49.315  -17.437  45.295 0.0000000000
58969  -49.696  -17.283  44.707 0.0000000000
128102  -47.839  -10.396  39.078 0.0000000000
110800  -48.020  -11.070  39.456 0.0000000000
111094  -48.371  -11.683  39.256 0.0000000000
66759  -47.472  -9.281  35.448 0.0000000000
65877  -47.318  -8.995  37.142 0.0000000000
65879  -48.151  -9.384  36.647 0.0000000000
65004  -48.367  -9.940  36.613 0.0000000000
64167  -48.616  -10.707  36.529 0.0000000000
64168  -49.396  -10.552  36.082 0.0000000000
64169  -50.195  -10.919  35.778 0.0000000000
64195  -51.632  -11.248  34.358 0.0000000000
63326  -51.902  -12.026  33.526 0.0000000000
62509  -50.955  -13.319  32.775 0.0000000000
50050  -43.921  -27.641  53.240 0.0000000000
50859  -42.284  -26.225  54.332 0.0000000000
51735  -41.978  -25.704  54.128 0.0000000000
52602  -42.330  -25.014  53.821 0.0000000000
52611  -42.572  -24.232  53.443 0.0000000000
53454  -41.288  -23.890  51.617 0.0000000000
39334  -19.183  -39.011  63.752 0.0000000000
38415  -19.610  -39.129  63.233 0.0000000000
39336  -20.815  -38.669  62.951 0.0000000000
39358  -24.859  -38.673  61.295 0.0000000000
40269  -26.203  -37.830  59.315 0.0000000000
39380  -26.246  -39.225  58.329 0.0000000000
39371  -32.262  -38.437  58.455 0.0000000000
42880  -34.765  -36.538  56.580 0.0000000000
42879  -33.851  -36.708  56.574 0.0000000000
41996  -34.577  -37.282  57.343 0.0000000000
41145  -33.995  -37.901  58.034 0.0000000000
39404  -35.366  -38.546  57.275 0.0000000000
39405  -36.100  -38.481  56.890 0.0000000000
39412  -36.723  -38.592  56.451 0.0000000000
40295  -38.677  -37.891  56.190 0.0000000000
40301  -39.122  -38.182  55.778 0.0000000000
40307  -39.177  -38.316  55.477 0.0000000000
40317  -39.946  -37.836  54.536 0.0000000000
40318  -40.500  -37.569  54.059 0.0000000000
43878  -38.684  -34.411  52.689 0.0000000000
43861  -39.128  -34.833  53.335 0.0000000000
44751  -41.646  -33.376  55.181 0.0000000000
124159  -42.207  -35.228  54.615 0.0000000000
42917  -42.344  -35.281  54.089 0.0000000000
42933  -42.444  -35.197  53.306 0.0000000000
42934  -42.691  -34.500  52.866 0.0000000000
43880  -42.836  -33.864  52.351 0.0000000000
46548  -43.845  -31.145  52.163 0.0000000000
46560  -43.829  -30.993  51.556 0.0000000000
46572  -43.711  -31.410  51.022 0.0000000000
47511  -43.882  -30.444  51.687 0.0000000000
41106  -18.588  -37.581  62.429 0.0000000000
118406  -18.442  -37.758  64.027 0.0000000000
41084  -17.977  -38.106  64.427 0.0000000000
53463  -45.621  -23.468  51.121 0.0000000000
52632  -45.727  -23.750  50.494 0.0000000000
56071  -44.656  -20.072  48.248 0.0000000000
56060  -44.563  -19.755  49.263 0.0000000000
56061  -45.051  -19.361  48.884 0.0000000000
57098  -48.563  -19.460  47.290 0.0000000000
62438  -48.181  -12.938  40.604 0.0000000000
61573  -47.625  -13.629  41.073 0.0000000000
60732  -47.291  -14.521  41.368 0.0000000000
61566  -48.175  -13.885  41.610 0.0000000000
61554  -48.639  -14.329  41.869 0.0000000000
121094  -49.483  -15.073  42.121 0.0000000000
60712  -49.750  -15.869  42.693 0.0000000000
65901  -49.233  -9.057  34.789 0.0000000000
124300  -49.458  -9.283  35.352 0.0000000000
116244  -49.982  -9.489  34.782 0.0000000000
65903  -50.686  -9.832  34.382 0.0000000000
65914  -51.625  -9.851  33.486 0.0000000000
65032  -52.099  -10.206  33.491 0.0000000000
48362  -43.619  -29.030  53.525 0.0000000000
49242  -43.830  -28.527  53.292 0.0000000000
49241  -43.424  -28.503  53.719 0.0000000000
50850  -42.010  -26.895  54.597 0.0000000000
50034  -41.747  -27.457  54.662 0.0000000000
129626  -41.165  -25.586  53.552 0.0000000000
41086  -19.867  -37.876  63.746 0.0000000000
41087  -20.787  -37.781  63.402 0.0000000000
41945  -20.527  -37.457  63.254 0.0000000000
41946  -21.279  -37.012  62.917 0.0000000000
41947  -22.215  -37.456  63.079 0.0000000000
113251  -22.850  -37.337  62.602 0.0000000000
41958  -23.728  -37.019  62.206 0.0000000000
41959  -24.274  -36.803  61.813 0.0000000000
132137  -35.265  -36.477  56.551 0.0000000000
42005  -36.316  -37.212  56.840 0.0000000000
131497  -36.507  -37.235  56.790 0.0000000000
117058  -37.003  -36.983  56.605 0.0000000000
42006  -37.578  -36.894  56.518 0.0000000000
131809  -38.728  -36.880  56.127 0.0000000000
42016  -39.355  -36.855  55.771 0.0000000000
133075  -39.623  -36.422  55.455 0.0000000000
45631  -40.268  -32.504  54.717 0.0000000000
44749  -40.497  -32.283  55.250 0.0000000000
45620  -40.554  -32.095  55.397 0.0000000000
46511  -40.221  -31.724  55.563 0.0000000000
132000  -42.709  -32.475  54.635 0.0000000000
46525  -43.098  -31.935  54.333 0.0000000000
47468  -42.200  -30.651  55.302 0.0000000000
120714  -43.423  -30.962  54.082 0.0000000000
130022  -43.617  -29.909  53.674 0.0000000000
111340  -19.131  -37.525  61.799 0.0000000000
41107  -19.370  -37.405  62.675 0.0000000000
52618  -44.312  -24.369  52.851 0.0000000000
52619  -44.754  -23.877  52.505 0.0000000000
132584  -44.752  -22.495  52.157 0.0000000000
53456  -45.453  -23.076  51.717 0.0000000000
53457  -45.944  -22.557  51.112 0.0000000000
122229  -46.460  -22.566  50.614 0.0000000000
57118  -46.128  -18.734  46.735 0.0000000000
58058  -46.426  -18.805  48.155 0.0000000000
57097  -46.579  -18.516  47.323 0.0000000000
58075  -46.951  -18.570  47.596 0.0000000000
58950  -47.858  -18.052  46.671 0.0000000000
58941  -48.104  -18.366  47.026 0.0000000000
58076  -48.052  -18.794  47.447 0.0000000000
126433  -45.539  -11.402  37.729 0.0000000000
110913  -46.310  -11.244  38.753 0.0000000000
126404  -47.324  -11.915  39.640 0.0000000000
131913  -47.921  -10.928  39.535 0.0000000000
110795  -48.099  -11.532  39.608 0.0000000000
62445  -48.467  -12.488  39.947 0.0000000000
62440  -49.259  -13.457  40.637 0.0000000000
49250  -39.874  -28.389  54.075 0.0000000000
49263  -39.373  -28.670  52.903 0.0000000000
46534  -39.847  -31.771  53.483 0.0000000000
47490  -39.809  -30.935  53.935 0.0000000000
55183  -42.873  -21.864  48.952 0.0000000000
54340  -43.285  -21.463  48.261 0.0000000000
55185  -43.992  -20.687  48.554 0.0000000000
56085  -44.796  -20.178  47.356 0.0000000000
57117  -45.553  -19.495  46.663 0.0000000000
57135  -46.441  -18.543  45.964 0.0000000000
124010  -46.800  -18.170  45.132 0.0000000000
57156  -46.350  -18.853  44.374 0.0000000000
58968  -47.308  -17.391  44.688 0.0000000000
58978  -47.729  -16.685  44.346 0.0000000000
126438  -45.053  -10.671  36.066 0.0000000000
126412  -45.467  -10.559  37.096 0.0000000000
111096  -47.059  -9.846  38.906 0.0000000000
111061  -47.508  -9.966  38.767 0.0000000000
65870  -47.132  -8.870  37.975 0.0000000000
133392  -47.858  -10.399  38.487 0.0000000000
65891  -49.882  -10.110  35.630 0.0000000000
64184  -50.301  -11.145  35.727 0.0000000000
64194  -51.059  -11.376  34.872 0.0000000000
63313  -50.631  -11.442  35.227 0.0000000000
49276  -43.899  -28.918  51.923 0.0000000000
127567  -43.822  -27.916  52.030 0.0000000000
123152  -43.837  -28.018  53.367 0.0000000000
124442  -43.701  -26.930  53.478 0.0000000000
120912  -42.916  -26.110  54.188 0.0000000000
50866  -43.771  -26.147  53.196 0.0000000000
51743  -43.977  -25.291  52.979 0.0000000000
54302  -43.223  -22.936  53.098 0.0000000000
53440  -42.837  -23.456  53.254 0.0000000000
54325  -42.568  -22.254  50.432 0.0000000000
50049  -39.936  -27.634  53.730 0.0000000000
50864  -40.081  -26.867  53.316 0.0000000000
50871  -39.858  -26.710  52.555 0.0000000000
52616  -40.751  -25.086  52.401 0.0000000000
54332  -42.385  -22.302  49.540 0.0000000000
37576  -18.474  -40.582  62.333 0.0000000000
37591  -18.830  -40.679  61.472 0.0000000000
37577  -19.416  -40.261  62.185 0.0000000000
40225  -20.980  -38.216  63.438 0.0000000000
39327  -21.210  -38.150  63.248 0.0000000000
42820  -24.624  -36.379  61.666 0.0000000000
41960  -24.590  -36.806  61.684 0.0000000000
124755  -25.251  -39.172  60.399 0.0000000000
128367  -25.858  -38.058  60.110 0.0000000000
39369  -25.492  -39.685  59.679 0.0000000000
41139  -28.451  -36.789  58.593 0.0000000000
41158  -29.042  -37.557  58.467 0.0000000000
39382  -29.144  -38.388  57.915 0.0000000000
39399  -30.997  -39.373  57.453 0.0000000000
42853  -30.713  -36.352  58.001 0.0000000000
42846  -31.165  -36.737  58.274 0.0000000000
42878  -32.655  -36.835  56.928 0.0000000000
41143  -32.329  -37.730  58.275 0.0000000000
124179  -32.493  -38.007  58.408 0.0000000000
39373  -33.003  -38.462  58.315 0.0000000000
40272  -33.812  -38.147  58.135 0.0000000000
39387  -33.067  -38.818  58.231 0.0000000000
38495  -32.954  -39.293  57.580 0.0000000000
41173  -36.731  -37.321  56.761 0.0000000000
39406  -37.246  -38.357  56.400 0.0000000000
39413  -37.516  -38.646  56.006 0.0000000000
40300  -38.723  -38.276  56.276 0.0000000000
39414  -38.313  -38.586  55.717 0.0000000000
38515  -37.662  -38.830  55.578 0.0000000000
43859  -37.258  -35.232  53.161 0.0000000000
42915  -39.241  -35.716  54.609 0.0000000000
132279  -39.774  -36.090  55.323 0.0000000000
43832  -41.062  -34.711  54.907 0.0000000000
42885  -41.058  -35.695  55.036 0.0000000000
41199  -40.851  -37.007  54.950 0.0000000000
41218  -41.018  -37.259  53.743 0.0000000000
41219  -41.480  -36.604  53.747 0.0000000000
44777  -42.963  -33.434  52.486 0.0000000000
121625  -43.020  -33.320  51.936 0.0000000000
45672  -43.312  -32.750  51.899 0.0000000000
46594  -43.084  -31.677  49.361 0.0000000000
46582  -43.504  -31.437  49.957 0.0000000000
55177  -43.717  -20.904  50.381 0.0000000000
56049  -44.734  -19.594  50.218 0.0000000000
56036  -45.102  -19.862  50.806 0.0000000000
55171  -45.579  -20.503  51.172 0.0000000000
54333  -46.876  -22.503  50.148 0.0000000000
57067  -46.653  -19.204  48.865 0.0000000000
56062  -47.004  -19.663  49.076 0.0000000000
56051  -46.816  -20.322  49.650 0.0000000000
55178  -47.215  -21.257  49.613 0.0000000000
54334  -47.334  -22.055  49.541 0.0000000000
53471  -47.150  -22.673  49.257 0.0000000000
58138  -45.891  -18.195  41.968 0.0000000000
114845  -46.835  -17.415  42.933 0.0000000000
58988  -47.537  -16.610  43.466 0.0000000000
126411  -45.737  -12.261  38.190 0.0000000000
110937  -45.437  -13.193  37.742 0.0000000000
61592  -45.567  -13.857  38.222 0.0000000000
131637  -46.724  -13.289  39.703 0.0000000000
61593  -46.137  -13.645  39.013 0.0000000000
59904  -46.396  -16.043  41.076 0.0000000000
60723  -47.040  -15.413  41.597 0.0000000000
59898  -46.717  -16.333  41.794 0.0000000000
59888  -47.949  -15.836  43.044 0.0000000000
111475  -48.252  -16.173  43.822 0.0000000000
58979  -50.428  -17.301  42.988 0.0000000000
37625  -25.052  -40.823  59.232 0.0000000000
39323  -18.081  -39.048  64.247 0.0000000000
39372  -32.696  -38.766  58.340 0.0000000000
39389  -35.113  -38.195  57.634 0.0000000000
39402  -32.972  -39.109  58.063 0.0000000000
40223  -19.272  -38.363  64.078 0.0000000000
40273  -34.363  -38.112  58.059 0.0000000000
41075  -20.686  -37.837  63.382 0.0000000000
41172  -36.067  -37.476  57.086 0.0000000000
41948  -23.010  -37.569  62.840 0.0000000000
42855  -33.079  -37.022  57.081 0.0000000000
42862  -30.837  -36.334  57.628 0.0000000000
42865  -34.409  -36.847  56.979 0.0000000000
50848  -41.124  -27.361  54.556 0.0000000000
56050  -45.260  -19.381  50.218 0.0000000000
58130  -46.311  -18.195  42.550 0.0000000000
61567  -48.839  -13.677  41.520 0.0000000000
65013  -50.317  -10.694  35.596 0.0000000000
65900  -48.367  -9.133  34.903 0.0000000000
66761  -48.759  -9.210  35.935 0.0000000000
66762  -49.204  -9.272  36.045 0.0000000000
66763  -49.252  -9.290  35.611 0.0000000000
110808  -47.208  -9.441  38.437 0.0000000000
113419  -18.003  -41.156  61.050 0.0000000000
132495  -46.818  -8.930  37.289 0.0000000000
134543  -40.714  -29.856  55.033 0.0000000000
