#!ascii label  , from subject bert vox2ras=TkReg
1824
50837  -34.013  -25.939  57.366 0.0000000000
70039  -44.619  -4.137  38.769 0.0000000000
57151  -38.905  -18.382  44.962 0.0000000000
41245  -5.936  -37.393  51.881 0.0000000000
49205  -20.131  -27.422  57.952 0.0000000000
50853  -8.398  -25.671  54.395 0.0000000000
49179  -5.123  -28.727  60.479 0.0000000000
113068  -41.616  -12.664  40.237 0.0000000000
50894  -6.151  -26.183  46.784 0.0000000000
38463  -6.061  -40.993  59.496 0.0000000000
51751  -33.078  -25.811  52.342 0.0000000000
46491  -30.382  -29.314  55.262 0.0000000000
49184  -28.709  -26.349  58.796 0.0000000000
112680  -47.008  -2.413  36.400 0.0000000000
58142  -40.897  -18.918  39.846 0.0000000000
131028  -17.596  -31.560  54.533 0.0000000000
55152  -4.424  -21.162  51.775 0.0000000000
46538  -8.062  -32.349  52.828 0.0000000000
117812  -10.333  -31.422  47.934 0.0000000000
42115  -7.731  -37.294  47.435 0.0000000000
41938  -9.834  -35.186  62.905 0.0000000000
41937  -7.312  -36.307  62.994 0.0000000000
58072  -37.871  -17.497  47.597 0.0000000000
51689  -24.912  -24.002  61.114 0.0000000000
49238  -23.677  -27.401  54.445 0.0000000000
50013  -7.590  -27.493  58.080 0.0000000000
45612  -6.046  -33.568  55.967 0.0000000000
66721  -43.397  -8.962  39.475 0.0000000000
43761  -12.980  -33.701  61.836 0.0000000000
43802  -14.784  -32.141  57.638 0.0000000000
49265  -7.124  -26.696  50.699 0.0000000000
46623  -7.295  -31.027  45.118 0.0000000000
47410  -6.244  -31.080  63.388 0.0000000000
42826  -4.917  -34.584  60.166 0.0000000000
40303  -4.369  -38.621  55.570 0.0000000000
51723  -34.973  -23.942  56.126 0.0000000000
129244  -33.721  -27.952  55.337 0.0000000000
50854  -34.673  -26.153  54.702 0.0000000000
47435  -32.429  -28.306  56.919 0.0000000000
45628  -31.095  -30.095  53.691 0.0000000000
49189  -31.507  -26.685  58.605 0.0000000000
70919  -45.815  -2.844  37.957 0.0000000000
68407  -42.082  -6.656  37.684 0.0000000000
70053  -42.353  -4.656  36.387 0.0000000000
70955  -43.766  -3.044  34.470 0.0000000000
57190  -39.979  -19.565  42.125 0.0000000000
57149  -36.305  -18.096  44.842 0.0000000000
56125  -36.324  -18.277  42.847 0.0000000000
131813  -37.612  -18.520  41.030 0.0000000000
44791  -7.117  -34.304  51.619 0.0000000000
112609  -7.289  -34.158  49.934 0.0000000000
41247  -7.327  -37.344  49.911 0.0000000000
38641  -7.512  -40.188  47.131 0.0000000000
39482  -7.260  -39.763  49.821 0.0000000000
41111  -10.213  -36.976  60.834 0.0000000000
128348  -8.772  -38.055  61.860 0.0000000000
57049  -35.713  -17.385  51.047 0.0000000000
54309  -34.161  -21.748  53.711 0.0000000000
53459  -31.933  -23.537  51.362 0.0000000000
124719  -33.435  -19.920  51.648 0.0000000000
57077  -33.884  -18.750  49.082 0.0000000000
53357  -26.346  -22.848  61.926 0.0000000000
48347  -26.800  -27.544  54.435 0.0000000000
123955  -26.367  -26.670  56.012 0.0000000000
70967  -47.060  -3.102  31.850 0.0000000000
70082  -48.611  -3.947  30.449 0.0000000000
50003  -6.174  -27.937  59.440 0.0000000000
113442  -6.992  -30.582  57.794 0.0000000000
47436  -6.425  -30.796  58.459 0.0000000000
129147  -42.669  -10.669  39.368 0.0000000000
59921  -38.365  -15.805  39.288 0.0000000000
62450  -39.400  -12.991  38.230 0.0000000000
64995  -40.241  -10.900  38.007 0.0000000000
43742  -13.644  -32.677  64.812 0.0000000000
43753  -14.736  -32.541  63.394 0.0000000000
52598  -6.090  -23.526  54.108 0.0000000000
112645  -5.653  -23.976  52.540 0.0000000000
50052  -8.198  -26.244  52.045 0.0000000000
43968  -8.914  -34.833  45.323 0.0000000000
46609  -8.684  -31.062  46.067 0.0000000000
118471  -7.097  -34.351  43.853 0.0000000000
46455  -7.839  -32.027  64.947 0.0000000000
39346  -6.643  -38.878  62.046 0.0000000000
41950  -5.456  -36.101  62.284 0.0000000000
119979  -4.974  -37.753  59.771 0.0000000000
41161  -4.233  -37.247  57.646 0.0000000000
39391  -5.109  -39.601  57.686 0.0000000000
52608  -34.466  -24.635  54.134 0.0000000000
52543  -28.360  -24.052  61.146 0.0000000000
50799  -30.217  -25.477  59.781 0.0000000000
47430  -29.855  -27.921  57.198 0.0000000000
71833  -47.974  -2.265  35.234 0.0000000000
70963  -45.587  -2.695  32.642 0.0000000000
60729  -41.162  -15.272  40.152 0.0000000000
57214  -38.225  -18.033  39.301 0.0000000000
46530  -19.634  -29.534  54.241 0.0000000000
128533  -19.269  -30.239  56.125 0.0000000000
112088  -6.421  -23.883  49.258 0.0000000000
48364  -10.090  -29.673  53.758 0.0000000000
49270  -10.149  -28.957  51.638 0.0000000000
45677  -9.372  -31.883  49.969 0.0000000000
44832  -8.928  -34.359  47.782 0.0000000000
42135  -7.164  -37.449  45.431 0.0000000000
42798  -9.843  -34.221  66.215 0.0000000000
43733  -8.040  -34.033  66.005 0.0000000000
41069  -8.442  -36.280  63.255 0.0000000000
38408  -7.696  -39.051  62.722 0.0000000000
57114  -38.053  -18.326  46.000 0.0000000000
57111  -34.469  -18.193  46.465 0.0000000000
49989  -22.463  -25.842  59.725 0.0000000000
49974  -27.709  -25.029  59.657 0.0000000000
50008  -24.359  -25.396  58.268 0.0000000000
50020  -20.910  -27.275  56.576 0.0000000000
52591  -7.202  -24.094  56.189 0.0000000000
52584  -7.074  -23.839  58.020 0.0000000000
50026  -8.793  -26.589  56.024 0.0000000000
47460  -8.697  -30.525  55.651 0.0000000000
46513  -7.500  -33.066  54.367 0.0000000000
43866  -6.060  -35.248  53.098 0.0000000000
68391  -43.072  -7.088  39.838 0.0000000000
65869  -40.707  -9.339  38.032 0.0000000000
42805  -11.281  -33.162  64.870 0.0000000000
42818  -11.045  -34.521  62.297 0.0000000000
133551  -10.967  -36.016  59.381 0.0000000000
44733  -18.420  -30.998  57.477 0.0000000000
44720  -17.090  -31.505  59.770 0.0000000000
43764  -16.701  -32.888  61.022 0.0000000000
113897  -14.541  -33.092  59.145 0.0000000000
42858  -11.695  -35.210  57.674 0.0000000000
55137  -3.893  -22.085  52.737 0.0000000000
124171  -5.655  -23.614  52.110 0.0000000000
50069  -6.539  -27.239  49.110 0.0000000000
120282  -8.374  -29.320  49.514 0.0000000000
47532  -7.311  -29.659  48.375 0.0000000000
48434  -5.806  -28.947  46.582 0.0000000000
48287  -5.005  -29.440  62.293 0.0000000000
44692  -7.095  -32.947  63.315 0.0000000000
45587  -5.741  -32.468  62.067 0.0000000000
46471  -5.524  -31.323  60.526 0.0000000000
44730  -5.036  -33.886  57.715 0.0000000000
119600  -4.166  -35.897  55.019 0.0000000000
40326  -3.741  -38.248  52.914 0.0000000000
132608  -5.682  -43.468  57.729 0.0000000000
121517  -5.257  -42.526  55.517 0.0000000000
38583  -5.256  -40.905  51.699 0.0000000000
116851  -34.583  -24.926  56.714 0.0000000000
53393  -34.250  -24.135  57.649 0.0000000000
50017  -34.266  -26.774  56.884 0.0000000000
50018  -34.440  -26.224  56.516 0.0000000000
132920  -33.318  -26.708  57.460 0.0000000000
48337  -33.258  -28.206  56.126 0.0000000000
50823  -33.232  -25.481  58.022 0.0000000000
49191  -32.562  -26.540  58.194 0.0000000000
70902  -45.192  -3.382  38.372 0.0000000000
69240  -42.924  -5.221  37.903 0.0000000000
69247  -42.075  -5.420  36.758 0.0000000000
70049  -43.339  -4.300  37.596 0.0000000000
70917  -43.889  -3.547  37.140 0.0000000000
56115  -39.311  -18.818  43.473 0.0000000000
57170  -40.755  -19.178  43.550 0.0000000000
57153  -40.705  -18.991  44.433 0.0000000000
56111  -36.309  -18.285  43.740 0.0000000000
56113  -37.786  -18.573  44.141 0.0000000000
56127  -38.524  -18.645  42.984 0.0000000000
42960  -6.340  -35.695  51.798 0.0000000000
42975  -7.123  -35.573  50.742 0.0000000000
41246  -6.437  -37.571  51.132 0.0000000000
40360  -7.386  -38.659  49.448 0.0000000000
40359  -6.198  -38.763  50.570 0.0000000000
40265  -10.265  -38.106  59.703 0.0000000000
39361  -9.811  -38.460  60.499 0.0000000000
56004  -34.607  -19.937  53.216 0.0000000000
55146  -33.867  -20.779  53.089 0.0000000000
56019  -34.496  -19.230  52.300 0.0000000000
127159  -34.518  -18.750  51.497 0.0000000000
71857  -48.666  -2.914  33.114 0.0000000000
70978  -47.452  -3.606  31.221 0.0000000000
70979  -50.045  -3.250  31.474 0.0000000000
49193  -5.750  -28.483  59.801 0.0000000000
48313  -6.334  -29.561  59.185 0.0000000000
48312  -5.955  -29.901  59.580 0.0000000000
129064  -42.666  -11.080  39.874 0.0000000000
127942  -43.316  -10.859  40.445 0.0000000000
61577  -40.394  -13.751  39.630 0.0000000000
61591  -39.164  -14.472  39.027 0.0000000000
62443  -40.891  -12.780  39.544 0.0000000000
120346  -40.545  -12.160  38.999 0.0000000000
44688  -15.463  -32.513  64.969 0.0000000000
44699  -16.164  -32.062  63.644 0.0000000000
48304  -20.500  -27.413  59.598 0.0000000000
48314  -19.776  -28.219  58.467 0.0000000000
52647  -6.545  -24.355  47.247 0.0000000000
50852  -7.737  -24.809  53.896 0.0000000000
50861  -7.500  -25.038  53.006 0.0000000000
114585  -8.379  -26.115  52.870 0.0000000000
43058  -7.324  -35.948  44.548 0.0000000000
43986  -8.224  -34.492  44.562 0.0000000000
43984  -6.943  -35.330  43.879 0.0000000000
47396  -8.312  -30.821  65.215 0.0000000000
46449  -8.734  -31.930  66.222 0.0000000000
38447  -6.285  -40.128  61.012 0.0000000000
39353  -5.638  -38.616  60.754 0.0000000000
38454  -5.797  -39.624  59.746 0.0000000000
39375  -5.112  -38.917  58.574 0.0000000000
38462  -5.772  -40.213  59.112 0.0000000000
51729  -34.908  -24.072  55.015 0.0000000000
51733  -34.628  -25.538  54.463 0.0000000000
53435  -35.357  -22.889  54.978 0.0000000000
129392  -35.330  -22.313  54.816 0.0000000000
47432  -31.067  -28.424  57.271 0.0000000000
48307  -30.657  -27.577  58.111 0.0000000000
47441  -30.295  -28.457  56.568 0.0000000000
47452  -29.339  -28.621  55.609 0.0000000000
71818  -47.497  -2.328  35.825 0.0000000000
71816  -45.476  -2.544  35.585 0.0000000000
70962  -44.147  -2.836  33.633 0.0000000000
71830  -45.759  -2.407  34.898 0.0000000000
71832  -47.439  -2.351  34.558 0.0000000000
119681  -41.897  -17.327  39.798 0.0000000000
60721  -42.629  -15.367  41.059 0.0000000000
58995  -42.463  -17.579  40.718 0.0000000000
56157  -38.971  -19.879  40.692 0.0000000000
126599  -37.787  -19.008  39.716 0.0000000000
58152  -40.123  -18.293  39.078 0.0000000000
59008  -40.099  -17.378  39.215 0.0000000000
55164  -4.871  -20.764  50.932 0.0000000000
54328  -5.934  -22.026  49.854 0.0000000000
53458  -5.913  -22.634  51.035 0.0000000000
47483  -9.185  -31.092  53.757 0.0000000000
47494  -9.818  -30.618  52.510 0.0000000000
46550  -8.921  -31.851  51.727 0.0000000000
42990  -7.862  -36.023  49.093 0.0000000000
43914  -7.858  -34.400  49.164 0.0000000000
43008  -8.219  -36.404  47.032 0.0000000000
43023  -8.145  -36.292  45.844 0.0000000000
42126  -7.562  -37.471  46.298 0.0000000000
115341  -7.264  -38.481  46.096 0.0000000000
41930  -10.071  -33.922  64.565 0.0000000000
41928  -9.073  -34.673  64.520 0.0000000000
41071  -9.385  -35.716  63.080 0.0000000000
38436  -8.494  -39.766  61.604 0.0000000000
38409  -8.158  -38.805  62.473 0.0000000000
37558  -8.335  -39.981  61.940 0.0000000000
38435  -7.204  -40.780  62.707 0.0000000000
57092  -38.442  -17.960  46.645 0.0000000000
58051  -35.170  -17.866  48.770 0.0000000000
57089  -33.828  -18.601  48.153 0.0000000000
57090  -36.292  -17.753  46.853 0.0000000000
57113  -37.123  -17.836  45.943 0.0000000000
51681  -23.817  -23.933  61.629 0.0000000000
50806  -23.110  -24.822  61.143 0.0000000000
50807  -23.911  -24.647  60.521 0.0000000000
50796  -28.426  -24.851  60.266 0.0000000000
50784  -27.919  -24.349  60.730 0.0000000000
49993  -28.135  -25.778  58.946 0.0000000000
50023  -24.426  -26.894  55.201 0.0000000000
50016  -25.616  -25.975  56.787 0.0000000000
129342  -23.988  -26.427  56.149 0.0000000000
50007  -23.156  -26.199  57.778 0.0000000000
50029  -22.318  -27.169  55.594 0.0000000000
49236  -21.264  -27.633  54.709 0.0000000000
50835  -6.609  -26.473  58.977 0.0000000000
50836  -7.373  -26.526  58.495 0.0000000000
122297  -8.332  -25.654  57.377 0.0000000000
50014  -8.198  -27.161  57.453 0.0000000000
49221  -8.941  -28.737  56.132 0.0000000000
49219  -7.822  -28.830  57.222 0.0000000000
119704  -6.721  -32.202  57.009 0.0000000000
46500  -7.645  -32.531  55.542 0.0000000000
45623  -6.815  -33.548  54.649 0.0000000000
44762  -6.566  -34.160  53.578 0.0000000000
44761  -6.078  -34.493  54.250 0.0000000000
67543  -43.224  -8.233  39.697 0.0000000000
68381  -44.035  -7.061  40.872 0.0000000000
67529  -43.877  -8.221  40.575 0.0000000000
117185  -42.150  -10.062  38.797 0.0000000000
117561  -40.495  -10.255  38.046 0.0000000000
66732  -42.281  -8.762  38.909 0.0000000000
67553  -42.340  -8.208  38.916 0.0000000000
43730  -12.748  -32.469  66.181 0.0000000000
43751  -12.896  -32.870  63.454 0.0000000000
42813  -11.966  -33.183  63.542 0.0000000000
42819  -12.014  -33.757  61.961 0.0000000000
41962  -10.763  -35.481  60.984 0.0000000000
42828  -11.438  -34.902  60.660 0.0000000000
125938  -18.475  -31.225  55.168 0.0000000000
44741  -18.675  -31.076  56.426 0.0000000000
129645  -17.776  -31.471  55.886 0.0000000000
116078  -15.876  -31.494  56.900 0.0000000000
43804  -16.463  -31.469  57.617 0.0000000000
43792  -16.344  -31.622  58.555 0.0000000000
44715  -16.850  -32.320  60.944 0.0000000000
43777  -16.055  -32.669  59.410 0.0000000000
43776  -15.371  -33.162  59.731 0.0000000000
43790  -14.605  -32.594  58.359 0.0000000000
42009  -12.082  -35.087  56.090 0.0000000000
55121  -3.711  -21.514  54.045 0.0000000000
50867  -6.488  -25.114  51.799 0.0000000000
52614  -5.273  -23.557  52.636 0.0000000000
50878  -6.662  -26.088  50.883 0.0000000000
116311  -6.449  -25.612  50.749 0.0000000000
50063  -6.838  -26.824  50.315 0.0000000000
48411  -10.372  -30.027  49.898 0.0000000000
49289  -9.700  -29.256  50.294 0.0000000000
48424  -9.845  -29.915  48.958 0.0000000000
111480  -7.587  -30.846  45.673 0.0000000000
47549  -7.851  -30.335  47.363 0.0000000000
46595  -7.707  -30.316  46.807 0.0000000000
47530  -6.667  -29.163  47.132 0.0000000000
46622  -6.823  -30.464  45.456 0.0000000000
47586  -5.734  -29.781  44.885 0.0000000000
48283  -5.218  -30.143  62.761 0.0000000000
41932  -7.819  -35.407  63.571 0.0000000000
43739  -7.724  -33.925  64.531 0.0000000000
42806  -7.649  -34.374  63.493 0.0000000000
115945  -4.831  -35.834  60.880 0.0000000000
43755  -5.944  -34.537  62.074 0.0000000000
43765  -5.377  -34.206  60.767 0.0000000000
45590  -5.605  -32.113  61.603 0.0000000000
45594  -5.156  -33.084  60.083 0.0000000000
114085  -5.187  -33.182  59.039 0.0000000000
43773  -4.837  -34.536  59.256 0.0000000000
41177  -4.509  -37.879  56.288 0.0000000000
42007  -3.933  -36.429  56.466 0.0000000000
41188  -4.190  -37.688  55.450 0.0000000000
123015  -3.815  -36.540  53.687 0.0000000000
40319  -3.738  -38.533  53.857 0.0000000000
34524  -4.944  -45.117  56.798 0.0000000000
120321  -5.342  -42.697  56.306 0.0000000000
52592  -35.352  -23.347  55.725 0.0000000000
47479  -33.462  -28.464  54.304 0.0000000000
132070  -34.003  -28.362  54.150 0.0000000000
49229  -34.222  -27.441  55.154 0.0000000000
51725  -34.738  -24.767  55.796 0.0000000000
46484  -31.718  -28.930  56.025 0.0000000000
114659  -31.909  -29.042  55.536 0.0000000000
130556  -32.680  -28.861  55.271 0.0000000000
48309  -31.695  -27.702  57.917 0.0000000000
129176  -46.545  -2.462  36.921 0.0000000000
69251  -41.299  -5.347  35.553 0.0000000000
70057  -41.663  -4.791  35.011 0.0000000000
132306  -42.439  -3.942  33.607 0.0000000000
70944  -42.805  -3.860  35.229 0.0000000000
70932  -44.591  -3.023  36.622 0.0000000000
111193  -39.968  -19.812  41.130 0.0000000000
58136  -42.278  -18.379  41.218 0.0000000000
57183  -41.725  -19.097  42.486 0.0000000000
58108  -42.857  -18.272  44.006 0.0000000000
115786  -34.220  -18.577  45.022 0.0000000000
57165  -34.387  -18.778  43.405 0.0000000000
57180  -34.672  -18.683  42.840 0.0000000000
56136  -35.640  -18.239  42.004 0.0000000000
118225  -35.951  -18.343  41.099 0.0000000000
56138  -37.318  -18.228  41.655 0.0000000000
56139  -38.237  -18.667  41.869 0.0000000000
45661  -7.050  -33.211  51.816 0.0000000000
45675  -7.441  -32.884  50.702 0.0000000000
44805  -7.201  -34.076  50.461 0.0000000000
42976  -7.434  -35.258  49.946 0.0000000000
41256  -7.707  -37.821  48.284 0.0000000000
125719  -7.643  -38.490  47.222 0.0000000000
40374  -7.825  -38.537  48.442 0.0000000000
39483  -7.744  -39.614  48.943 0.0000000000
41092  -10.185  -36.500  62.117 0.0000000000
41091  -9.658  -36.886  62.369 0.0000000000
40247  -9.726  -37.570  61.646 0.0000000000
58038  -36.675  -17.118  49.753 0.0000000000
114907  -33.197  -23.899  53.159 0.0000000000
51750  -32.603  -25.306  51.875 0.0000000000
130138  -32.837  -23.102  52.825 0.0000000000
55157  -32.516  -21.562  51.828 0.0000000000
55168  -32.305  -21.063  50.910 0.0000000000
56048  -33.510  -19.518  50.746 0.0000000000
57063  -34.761  -17.966  49.797 0.0000000000
52541  -25.826  -23.515  61.497 0.0000000000
119937  -28.499  -27.174  57.326 0.0000000000
49208  -27.456  -26.482  57.581 0.0000000000
48334  -26.620  -27.130  55.297 0.0000000000
48345  -25.044  -27.904  54.317 0.0000000000
70075  -45.810  -3.948  30.612 0.0000000000
70085  -46.790  -4.239  29.700 0.0000000000
70086  -47.828  -4.247  29.271 0.0000000000
70097  -48.065  -4.292  28.444 0.0000000000
50012  -7.072  -28.177  58.522 0.0000000000
49218  -7.366  -29.189  57.649 0.0000000000
48323  -6.761  -29.870  58.158 0.0000000000
47437  -6.667  -30.501  58.167 0.0000000000
46487  -6.273  -32.430  57.362 0.0000000000
118875  -43.395  -9.479  39.330 0.0000000000
65840  -43.998  -9.456  40.202 0.0000000000
61589  -37.948  -14.780  38.178 0.0000000000
62459  -38.747  -12.956  37.666 0.0000000000
63289  -38.960  -11.930  37.346 0.0000000000
63282  -39.842  -12.074  38.282 0.0000000000
64988  -41.949  -10.637  38.897 0.0000000000
43731  -13.619  -32.294  66.175 0.0000000000
44683  -14.758  -32.386  65.410 0.0000000000
112341  -14.468  -32.502  64.107 0.0000000000
43757  -14.004  -33.254  62.258 0.0000000000
43839  -14.500  -32.851  54.511 0.0000000000
43813  -13.397  -33.034  56.188 0.0000000000
53422  -4.247  -23.031  54.683 0.0000000000
53438  -4.179  -23.457  53.709 0.0000000000
125006  -5.713  -23.733  53.433 0.0000000000
125940  -7.263  -25.401  52.331 0.0000000000
49252  -7.904  -26.569  51.324 0.0000000000
44844  -10.148  -33.267  46.552 0.0000000000
46611  -10.121  -31.598  47.100 0.0000000000
45743  -9.544  -32.481  45.243 0.0000000000
45759  -8.314  -32.614  44.265 0.0000000000
45740  -7.467  -31.710  44.340 0.0000000000
125868  -8.386  -29.566  64.315 0.0000000000
48275  -7.979  -30.206  64.704 0.0000000000
47406  -7.024  -31.149  63.843 0.0000000000
120847  -6.758  -37.530  62.681 0.0000000000
41942  -6.265  -36.285  62.970 0.0000000000
41102  -6.118  -37.373  62.580 0.0000000000
41110  -5.212  -37.222  61.394 0.0000000000
41971  -4.766  -36.493  60.308 0.0000000000
41977  -4.201  -36.061  59.082 0.0000000000
41128  -4.669  -37.226  59.164 0.0000000000
40286  -4.881  -38.481  57.896 0.0000000000
39408  -4.989  -39.404  56.701 0.0000000000
50060  -33.152  -27.460  52.557 0.0000000000
113559  -33.687  -27.225  53.831 0.0000000000
50869  -33.878  -26.017  53.673 0.0000000000
51745  -33.585  -25.459  53.128 0.0000000000
53446  -34.301  -22.877  54.021 0.0000000000
55134  -35.012  -21.238  54.164 0.0000000000
49977  -29.378  -25.942  59.385 0.0000000000
49979  -31.014  -26.067  59.168 0.0000000000
49186  -29.756  -26.680  58.726 0.0000000000
48316  -28.889  -27.169  57.978 0.0000000000
47439  -28.863  -27.901  56.065 0.0000000000
70965  -44.000  -3.623  32.052 0.0000000000
71855  -46.748  -2.687  32.700 0.0000000000
71846  -47.568  -2.510  33.734 0.0000000000
61578  -41.100  -14.294  40.274 0.0000000000
62437  -42.319  -12.768  40.918 0.0000000000
61564  -42.499  -14.464  41.292 0.0000000000
56167  -36.566  -18.435  39.903 0.0000000000
59021  -38.057  -17.317  39.367 0.0000000000
60737  -40.247  -15.700  39.822 0.0000000000
114485  -19.807  -28.906  55.795 0.0000000000
47438  -19.484  -28.828  56.823 0.0000000000
46501  -19.461  -29.906  55.580 0.0000000000
44757  -18.571  -31.140  54.391 0.0000000000
53472  -6.612  -23.558  48.167 0.0000000000
50889  -6.366  -26.013  47.901 0.0000000000
49235  -9.427  -27.586  54.712 0.0000000000
50047  -9.221  -27.243  53.185 0.0000000000
48365  -10.315  -29.174  53.186 0.0000000000
47504  -10.211  -30.393  50.950 0.0000000000
45689  -10.212  -31.642  48.765 0.0000000000
45686  -7.760  -32.915  49.851 0.0000000000
44807  -8.912  -32.844  48.961 0.0000000000
44821  -9.534  -33.574  47.677 0.0000000000
43954  -9.412  -34.653  46.299 0.0000000000
44664  -8.189  -33.108  67.147 0.0000000000
42796  -8.331  -34.394  66.360 0.0000000000
41926  -8.296  -34.662  64.621 0.0000000000
41068  -8.017  -36.325  63.362 0.0000000000
40230  -8.669  -37.589  62.461 0.0000000000
40229  -8.168  -37.895  62.612 0.0000000000
40227  -7.016  -38.022  63.072 0.0000000000
38419  -7.142  -39.243  62.764 0.0000000000
37566  -6.613  -40.256  61.889 0.0000000000
36746  -6.808  -41.465  60.669 0.0000000000
57131  -38.806  -18.330  45.501 0.0000000000
115166  -39.527  -18.377  45.507 0.0000000000
124360  -39.666  -18.259  46.125 0.0000000000
51756  -32.167  -25.777  51.085 0.0000000000
121107  -34.029  -18.471  45.817 0.0000000000
118950  -37.756  -18.357  45.466 0.0000000000
49173  -21.705  -26.133  60.609 0.0000000000
49195  -21.180  -26.746  59.061 0.0000000000
53358  -27.112  -23.153  61.776 0.0000000000
51691  -27.090  -24.110  60.976 0.0000000000
50794  -25.893  -24.162  60.791 0.0000000000
50001  -27.228  -25.554  58.675 0.0000000000
50000  -25.919  -24.908  58.715 0.0000000000
50830  -24.820  -24.695  59.211 0.0000000000
49998  -23.222  -25.588  58.954 0.0000000000
50006  -22.203  -26.349  58.543 0.0000000000
132236  -20.563  -27.082  57.667 0.0000000000
48344  -20.233  -28.474  55.697 0.0000000000
70114  -48.186  -3.786  26.679 0.0000000000
71002  -48.536  -3.403  26.355 0.0000000000
71009  -48.821  -2.955  26.152 0.0000000000
52594  -6.412  -23.571  54.814 0.0000000000
50843  -7.887  -24.849  55.016 0.0000000000
52585  -7.185  -23.978  57.111 0.0000000000
51721  -8.351  -25.348  56.581 0.0000000000
50845  -8.770  -26.329  55.136 0.0000000000
49226  -9.359  -28.182  55.486 0.0000000000
48353  -9.143  -29.961  55.310 0.0000000000
47482  -8.650  -31.604  54.157 0.0000000000
47448  -7.746  -30.651  57.173 0.0000000000
47470  -8.251  -31.953  55.360 0.0000000000
46537  -7.803  -32.822  53.027 0.0000000000
45646  -7.265  -33.336  52.664 0.0000000000
111234  -6.559  -34.753  52.593 0.0000000000
42946  -5.365  -36.526  52.361 0.0000000000
69230  -44.048  -4.990  39.164 0.0000000000
64157  -39.354  -11.343  37.456 0.0000000000
65868  -39.739  -9.917  37.539 0.0000000000
66747  -40.039  -8.746  37.343 0.0000000000
67559  -41.451  -7.871  37.952 0.0000000000
68397  -42.290  -7.142  38.553 0.0000000000
42799  -10.420  -33.712  66.009 0.0000000000
42808  -10.741  -33.611  64.394 0.0000000000
43741  -12.778  -32.740  64.624 0.0000000000
42812  -11.491  -33.460  63.627 0.0000000000
41940  -10.706  -34.332  63.022 0.0000000000
118320  -10.557  -36.274  60.410 0.0000000000
46477  -19.216  -29.600  57.930 0.0000000000
45603  -18.947  -30.223  58.141 0.0000000000
129364  -18.460  -30.860  59.815 0.0000000000
43816  -17.430  -31.489  56.449 0.0000000000
44724  -17.659  -31.178  58.457 0.0000000000
44717  -17.863  -31.332  60.320 0.0000000000
116786  -17.598  -31.625  61.302 0.0000000000
44706  -17.084  -31.794  62.451 0.0000000000
44700  -16.822  -31.823  63.228 0.0000000000
43759  -15.881  -33.032  62.312 0.0000000000
43763  -15.097  -33.199  61.813 0.0000000000
43774  -13.303  -33.684  60.150 0.0000000000
43812  -12.807  -33.408  56.779 0.0000000000
128724  -12.885  -33.945  58.621 0.0000000000
131047  -12.193  -34.595  58.822 0.0000000000
41979  -11.132  -35.962  58.803 0.0000000000
55151  -4.073  -21.766  52.330 0.0000000000
52605  -4.268  -23.474  53.094 0.0000000000
53444  -4.590  -23.220  52.739 0.0000000000
119890  -5.203  -22.900  52.172 0.0000000000
119426  -6.183  -24.088  51.089 0.0000000000
115888  -6.453  -25.616  49.855 0.0000000000
50074  -6.166  -26.779  47.686 0.0000000000
49254  -8.856  -27.301  51.857 0.0000000000
49268  -8.421  -27.821  51.221 0.0000000000
119714  -7.492  -27.750  50.516 0.0000000000
47534  -8.473  -30.058  48.057 0.0000000000
48408  -7.953  -29.759  49.008 0.0000000000
48392  -6.590  -28.326  49.969 0.0000000000
48406  -6.444  -28.616  49.038 0.0000000000
49299  -6.162  -28.228  47.568 0.0000000000
50078  -5.590  -27.960  46.825 0.0000000000
48456  -5.157  -29.045  45.343 0.0000000000
44680  -7.753  -33.481  65.363 0.0000000000
45571  -7.428  -32.670  64.057 0.0000000000
46460  -6.426  -31.809  63.263 0.0000000000
43750  -6.707  -34.433  62.576 0.0000000000
44698  -6.551  -33.115  62.813 0.0000000000
45580  -5.926  -31.730  62.858 0.0000000000
118295  -5.447  -31.009  62.485 0.0000000000
46468  -5.442  -30.816  61.326 0.0000000000
127535  -5.331  -29.806  60.619 0.0000000000
47427  -5.847  -31.130  59.292 0.0000000000
46479  -6.029  -32.268  58.179 0.0000000000
129811  -5.511  -33.488  57.133 0.0000000000
42857  -3.984  -35.180  57.855 0.0000000000
115291  -4.176  -34.944  56.252 0.0000000000
44753  -5.161  -34.658  55.445 0.0000000000
43836  -5.154  -35.203  54.384 0.0000000000
42041  -4.146  -36.181  52.740 0.0000000000
41235  -4.401  -37.369  51.747 0.0000000000
36754  -6.448  -42.332  58.918 0.0000000000
36025  -5.973  -43.428  58.195 0.0000000000
37627  -5.841  -41.891  58.176 0.0000000000
37626  -5.391  -41.242  57.836 0.0000000000
112456  -4.892  -40.853  56.659 0.0000000000
38516  -4.529  -40.297  55.278 0.0000000000
36793  -5.097  -42.084  53.986 0.0000000000
38531  -4.265  -40.718  54.401 0.0000000000
39448  -3.903  -39.978  53.008 0.0000000000
39459  -4.570  -39.472  51.677 0.0000000000
39468  -5.027  -39.026  51.224 0.0000000000
38604  -6.539  -40.819  50.728 0.0000000000
37728  -7.479  -41.922  50.004 0.0000000000
50838  -34.387  -25.466  57.013 0.0000000000
52575  -34.456  -24.496  57.239 0.0000000000
51712  -34.202  -25.021  57.319 0.0000000000
50010  -34.081  -26.456  57.240 0.0000000000
50011  -34.344  -26.071  56.991 0.0000000000
49201  -33.656  -26.405  57.483 0.0000000000
49210  -33.818  -26.990  57.182 0.0000000000
50832  -33.649  -25.700  57.661 0.0000000000
131700  -33.519  -26.057  57.689 0.0000000000
52574  -33.987  -24.780  57.601 0.0000000000
70040  -45.548  -3.751  39.095 0.0000000000
70038  -43.719  -4.637  38.372 0.0000000000
70050  -44.259  -3.782  37.996 0.0000000000
57168  -39.139  -18.492  44.269 0.0000000000
57169  -39.976  -18.987  43.931 0.0000000000
57152  -39.829  -18.537  44.775 0.0000000000
56103  -38.317  -18.528  44.567 0.0000000000
57150  -37.699  -18.518  44.646 0.0000000000
56114  -38.498  -18.568  43.885 0.0000000000
42080  -5.885  -36.694  52.116 0.0000000000
42093  -6.330  -36.856  51.593 0.0000000000
120562  -6.113  -38.366  51.040 0.0000000000
39366  -10.171  -38.856  59.258 0.0000000000
49192  -5.366  -28.804  60.051 0.0000000000
49202  -5.838  -29.168  59.716 0.0000000000
48302  -5.364  -29.370  60.139 0.0000000000
63276  -42.268  -11.755  40.259 0.0000000000
63277  -42.666  -12.086  41.108 0.0000000000
62444  -41.176  -13.419  40.114 0.0000000000
63279  -41.384  -11.841  39.462 0.0000000000
45574  -15.942  -31.821  64.861 0.0000000000
44690  -16.192  -32.198  64.637 0.0000000000
49194  -20.393  -27.372  58.840 0.0000000000
48303  -20.162  -28.107  59.334 0.0000000000
51786  -6.194  -25.141  46.429 0.0000000000
50862  -8.162  -25.512  53.351 0.0000000000
50036  -8.554  -26.224  53.668 0.0000000000
46442  -9.354  -31.940  66.644 0.0000000000
38455  -6.076  -40.252  60.047 0.0000000000
39360  -5.918  -39.481  60.438 0.0000000000
52600  -35.337  -23.116  55.097 0.0000000000
53436  -35.750  -22.532  55.228 0.0000000000
54289  -35.822  -21.819  54.839 0.0000000000
46482  -30.682  -28.884  55.930 0.0000000000
47442  -30.926  -28.645  56.651 0.0000000000
71805  -46.110  -2.456  36.341 0.0000000000
71817  -46.597  -2.377  35.607 0.0000000000
114114  -47.297  -2.321  35.227 0.0000000000
59000  -41.168  -17.930  39.417 0.0000000000
58143  -41.877  -18.237  40.251 0.0000000000
57198  -39.841  -19.576  40.093 0.0000000000
133533  -39.237  -19.445  39.456 0.0000000000
56022  -4.553  -20.396  51.126 0.0000000000
54315  -4.930  -21.372  51.573 0.0000000000
132426  -5.541  -21.742  51.131 0.0000000000
46528  -8.627  -31.771  53.345 0.0000000000
46539  -8.717  -31.843  52.551 0.0000000000
46549  -8.021  -32.412  52.075 0.0000000000
43007  -7.822  -36.563  47.902 0.0000000000
42991  -8.049  -35.856  48.301 0.0000000000
42116  -7.871  -36.981  46.880 0.0000000000
41275  -7.133  -37.998  45.744 0.0000000000
41265  -7.493  -37.933  46.770 0.0000000000
41936  -10.234  -34.147  63.644 0.0000000000
41935  -9.670  -34.570  63.726 0.0000000000
57078  -38.808  -17.664  47.367 0.0000000000
58053  -38.361  -17.352  48.282 0.0000000000
130524  -32.984  -26.767  52.157 0.0000000000
58070  -35.654  -17.852  47.844 0.0000000000
57091  -37.466  -17.812  46.674 0.0000000000
128829  -24.945  -23.610  61.425 0.0000000000
50793  -24.523  -24.327  60.929 0.0000000000
49976  -28.896  -25.707  59.519 0.0000000000
49975  -28.335  -25.431  59.540 0.0000000000
49215  -25.096  -26.309  55.836 0.0000000000
50030  -23.466  -27.212  55.118 0.0000000000
50022  -23.193  -26.829  55.929 0.0000000000
50039  -22.477  -27.358  54.835 0.0000000000
49237  -22.540  -27.346  54.027 0.0000000000
50005  -6.914  -27.289  58.807 0.0000000000
50839  -8.079  -26.491  57.827 0.0000000000
49213  -7.980  -27.985  57.346 0.0000000000
46498  -6.321  -32.982  56.533 0.0000000000
46499  -6.927  -32.759  56.116 0.0000000000
45613  -6.552  -33.377  55.615 0.0000000000
45622  -6.123  -33.953  55.096 0.0000000000
68380  -43.566  -7.667  40.225 0.0000000000
67528  -43.672  -8.665  39.918 0.0000000000
65850  -42.818  -9.749  39.015 0.0000000000
65862  -42.281  -9.399  38.873 0.0000000000
66733  -42.813  -9.106  39.175 0.0000000000
67542  -42.849  -8.596  39.352 0.0000000000
43756  -12.843  -33.298  62.608 0.0000000000
42823  -11.959  -33.990  61.250 0.0000000000
44756  -18.088  -31.411  54.685 0.0000000000
44747  -18.185  -31.385  55.650 0.0000000000
44755  -17.727  -31.500  55.217 0.0000000000
43814  -14.942  -31.869  56.859 0.0000000000
43803  -15.690  -31.617  57.918 0.0000000000
127504  -16.013  -31.891  58.861 0.0000000000
43791  -15.392  -32.087  58.630 0.0000000000
50059  -6.761  -25.870  51.343 0.0000000000
49279  -6.907  -27.474  50.162 0.0000000000
46583  -10.434  -30.918  48.499 0.0000000000
48425  -10.222  -30.107  49.266 0.0000000000
47536  -10.199  -30.384  48.613 0.0000000000
46624  -7.583  -31.275  44.901 0.0000000000
46607  -7.535  -30.566  46.002 0.0000000000
46606  -6.925  -29.812  46.253 0.0000000000
119328  -6.846  -30.946  44.912 0.0000000000
47405  -6.334  -30.511  63.644 0.0000000000
47409  -5.623  -30.451  63.134 0.0000000000
41931  -7.538  -35.278  63.306 0.0000000000
42827  -4.760  -35.380  60.286 0.0000000000
113030  -5.037  -34.991  60.887 0.0000000000
44714  -5.298  -33.606  60.437 0.0000000000
44713  -4.999  -33.859  59.903 0.0000000000
44718  -5.070  -33.553  59.459 0.0000000000
117825  -4.202  -37.182  56.102 0.0000000000
40310  -3.907  -38.313  54.691 0.0000000000
40311  -3.948  -39.087  54.988 0.0000000000
34525  -4.945  -45.637  56.486 0.0000000000
52589  -35.369  -23.428  56.356 0.0000000000
47466  -33.269  -28.471  55.069 0.0000000000
48348  -33.996  -27.671  54.902 0.0000000000
49224  -34.115  -27.523  55.630 0.0000000000
51722  -34.721  -24.672  56.301 0.0000000000
50842  -34.603  -25.504  56.170 0.0000000000
51726  -34.886  -24.131  55.835 0.0000000000
51730  -34.935  -24.029  55.470 0.0000000000
47434  -32.016  -28.564  56.918 0.0000000000
46485  -31.975  -28.949  56.022 0.0000000000
47444  -32.369  -28.632  56.427 0.0000000000
47455  -33.297  -28.352  55.634 0.0000000000
111467  -32.904  -28.627  55.796 0.0000000000
47454  -33.198  -28.683  55.054 0.0000000000
47465  -33.208  -28.891  54.606 0.0000000000
48311  -32.676  -27.404  57.372 0.0000000000
49190  -32.392  -27.040  57.996 0.0000000000
47426  -32.076  -28.130  57.445 0.0000000000
70933  -45.666  -2.648  37.056 0.0000000000
71794  -46.490  -2.556  37.567 0.0000000000
71787  -46.525  -2.718  38.347 0.0000000000
67570  -41.079  -7.177  37.136 0.0000000000
119983  -40.509  -6.846  36.442 0.0000000000
68406  -41.616  -6.535  37.109 0.0000000000
69246  -41.538  -5.781  36.495 0.0000000000
70052  -41.852  -5.101  35.974 0.0000000000
70058  -42.240  -4.461  35.513 0.0000000000
70930  -42.693  -4.062  36.033 0.0000000000
70918  -44.880  -3.101  37.552 0.0000000000
57191  -41.056  -19.436  41.658 0.0000000000
57182  -40.830  -19.333  42.690 0.0000000000
57154  -41.520  -19.035  43.998 0.0000000000
58118  -42.118  -18.652  43.394 0.0000000000
58107  -42.250  -18.614  44.431 0.0000000000
57148  -35.207  -18.336  44.579 0.0000000000
111465  -35.054  -18.544  43.936 0.0000000000
57166  -35.291  -18.472  43.507 0.0000000000
56124  -35.463  -18.381  42.889 0.0000000000
56123  -34.796  -18.536  42.076 0.0000000000
56137  -36.502  -18.112  41.897 0.0000000000
112462  -37.147  -18.307  42.666 0.0000000000
56128  -39.195  -19.160  42.553 0.0000000000
56140  -38.936  -19.544  41.603 0.0000000000
44779  -7.136  -33.690  51.583 0.0000000000
44792  -7.136  -33.819  50.977 0.0000000000
44804  -7.245  -34.452  51.138 0.0000000000
42094  -6.862  -36.545  50.850 0.0000000000
42105  -7.423  -36.215  49.952 0.0000000000
42106  -7.703  -36.863  48.794 0.0000000000
128569  -7.538  -38.139  49.345 0.0000000000
40361  -7.273  -39.139  49.577 0.0000000000
38618  -7.718  -40.344  49.242 0.0000000000
37746  -7.853  -41.097  48.432 0.0000000000
41103  -10.126  -36.853  61.674 0.0000000000
121338  -10.086  -37.124  61.890 0.0000000000
40253  -9.928  -37.708  61.143 0.0000000000
53453  -33.556  -22.857  53.414 0.0000000000
55158  -33.137  -20.699  52.140 0.0000000000
128725  -32.652  -20.873  51.546 0.0000000000
56033  -32.896  -20.314  51.229 0.0000000000
56047  -32.693  -20.101  50.378 0.0000000000
57048  -34.925  -18.001  50.860 0.0000000000
113440  -25.675  -23.059  61.816 0.0000000000
52534  -26.239  -23.099  61.826 0.0000000000
48336  -28.032  -27.716  55.674 0.0000000000
120666  -27.408  -27.159  56.059 0.0000000000
48335  -27.191  -27.474  55.157 0.0000000000
70976  -45.533  -3.816  30.963 0.0000000000
70977  -46.394  -3.599  31.060 0.0000000000
70077  -47.714  -3.918  30.636 0.0000000000
120052  -47.044  -4.010  30.229 0.0000000000
70081  -47.786  -4.098  30.008 0.0000000000
70087  -48.604  -4.123  29.673 0.0000000000
49204  -6.700  -28.534  58.870 0.0000000000
49212  -6.951  -29.074  58.164 0.0000000000
48321  -6.316  -30.159  58.986 0.0000000000
48322  -6.526  -30.025  58.580 0.0000000000
47447  -6.673  -31.369  57.811 0.0000000000
46480  -6.341  -31.819  58.025 0.0000000000
64976  -43.202  -10.168  39.399 0.0000000000
65839  -43.756  -9.795  39.758 0.0000000000
64961  -43.549  -10.414  40.043 0.0000000000
131945  -39.594  -13.763  38.916 0.0000000000
61590  -38.785  -13.996  38.331 0.0000000000
132288  -39.227  -12.255  37.726 0.0000000000
64147  -42.120  -11.130  39.463 0.0000000000
64154  -41.484  -11.184  38.941 0.0000000000
64975  -42.614  -10.252  39.012 0.0000000000
44678  -15.025  -31.990  65.788 0.0000000000
43748  -15.354  -32.262  63.960 0.0000000000
43747  -14.721  -32.564  64.556 0.0000000000
119931  -14.213  -32.793  62.961 0.0000000000
126698  -14.599  -32.585  55.272 0.0000000000
43838  -13.730  -33.333  54.796 0.0000000000
52597  -5.045  -23.331  53.947 0.0000000000
50046  -7.931  -25.665  52.535 0.0000000000
51740  -6.723  -24.764  52.650 0.0000000000
119195  -7.664  -25.963  51.856 0.0000000000
43969  -9.427  -34.231  45.540 0.0000000000
44857  -10.075  -32.935  45.910 0.0000000000
44855  -8.944  -33.953  44.855 0.0000000000
44871  -7.538  -33.913  44.020 0.0000000000
44872  -8.254  -33.458  44.269 0.0000000000
45758  -7.636  -32.743  43.949 0.0000000000
44870  -7.041  -33.429  43.714 0.0000000000
47402  -8.031  -31.378  65.178 0.0000000000
121909  -7.795  -30.798  64.782 0.0000000000
47401  -7.410  -30.840  64.291 0.0000000000
120659  -7.621  -31.371  64.528 0.0000000000
112662  -6.581  -38.110  62.305 0.0000000000
127092  -5.988  -37.830  62.051 0.0000000000
118964  -5.132  -37.752  60.632 0.0000000000
40251  -5.590  -37.863  61.432 0.0000000000
127292  -4.983  -37.052  60.704 0.0000000000
41120  -4.859  -37.114  59.970 0.0000000000
41978  -4.509  -36.581  59.537 0.0000000000
127429  -4.923  -37.785  59.235 0.0000000000
125466  -4.983  -38.818  57.228 0.0000000000
38498  -4.951  -40.206  56.741 0.0000000000
49274  -32.828  -28.076  52.115 0.0000000000
127221  -34.092  -27.189  54.435 0.0000000000
49249  -33.697  -27.975  54.200 0.0000000000
50048  -34.263  -26.851  54.362 0.0000000000
51741  -34.470  -25.421  54.141 0.0000000000
51746  -34.100  -25.254  53.763 0.0000000000
52615  -33.873  -24.543  53.508 0.0000000000
52607  -34.436  -23.796  54.101 0.0000000000
54299  -34.751  -22.051  54.355 0.0000000000
51692  -29.453  -25.238  60.059 0.0000000000
50797  -29.046  -25.161  60.124 0.0000000000
49965  -29.487  -25.704  59.605 0.0000000000
49980  -31.744  -26.096  58.965 0.0000000000
49178  -30.955  -26.410  58.885 0.0000000000
48317  -30.029  -27.679  57.813 0.0000000000
48298  -30.197  -27.109  58.434 0.0000000000
48306  -30.061  -27.449  58.139 0.0000000000
48297  -29.751  -27.009  58.488 0.0000000000
132098  -29.488  -27.497  57.748 0.0000000000
48327  -29.102  -27.554  57.053 0.0000000000
47463  -28.407  -28.685  54.654 0.0000000000
71834  -48.679  -2.291  34.903 0.0000000000
132978  -42.888  -3.571  34.187 0.0000000000
70064  -42.875  -3.883  32.973 0.0000000000
133960  -43.388  -3.306  33.571 0.0000000000
71844  -45.375  -2.434  33.827 0.0000000000
70961  -43.651  -3.450  32.755 0.0000000000
113736  -44.505  -2.966  32.710 0.0000000000
70966  -44.723  -3.355  31.817 0.0000000000
71847  -48.203  -2.381  34.426 0.0000000000
62436  -41.807  -13.699  40.783 0.0000000000
61571  -41.831  -14.817  40.703 0.0000000000
132272  -42.713  -16.122  40.874 0.0000000000
58127  -42.382  -18.373  42.299 0.0000000000
124837  -42.696  -17.766  41.607 0.0000000000
118116  -36.632  -18.269  41.103 0.0000000000
56155  -36.194  -18.406  40.263 0.0000000000
56156  -36.982  -18.396  40.668 0.0000000000
57213  -37.569  -18.276  39.462 0.0000000000
58159  -37.387  -17.615  39.312 0.0000000000
59902  -41.394  -16.309  39.705 0.0000000000
59909  -39.995  -16.535  39.514 0.0000000000
47461  -19.702  -29.283  55.460 0.0000000000
46516  -19.521  -29.698  54.972 0.0000000000
125113  -18.845  -31.024  53.685 0.0000000000
122619  -5.672  -21.311  49.543 0.0000000000
53465  -6.295  -23.041  49.535 0.0000000000
52639  -6.549  -24.507  48.441 0.0000000000
48355  -10.169  -28.951  54.010 0.0000000000
49244  -10.158  -28.479  53.359 0.0000000000
46551  -9.752  -31.196  51.328 0.0000000000
47495  -10.162  -30.107  52.004 0.0000000000
46562  -9.989  -31.194  50.427 0.0000000000
46563  -10.319  -30.606  49.882 0.0000000000
46573  -10.116  -31.387  49.521 0.0000000000
44793  -7.169  -33.573  50.353 0.0000000000
44806  -7.717  -33.661  49.547 0.0000000000
43928  -8.428  -34.784  48.253 0.0000000000
112028  -8.595  -33.725  48.636 0.0000000000
44808  -9.448  -32.840  48.422 0.0000000000
43943  -9.395  -34.402  47.148 0.0000000000
43942  -8.872  -35.161  47.160 0.0000000000
42136  -7.539  -36.900  45.318 0.0000000000
39511  -7.482  -39.538  46.814 0.0000000000
40388  -7.392  -38.990  46.479 0.0000000000
119087  -8.832  -34.448  67.162 0.0000000000
42797  -9.133  -34.532  66.326 0.0000000000
41066  -8.727  -35.179  63.726 0.0000000000
41927  -8.695  -34.699  64.807 0.0000000000
41065  -8.363  -35.281  63.748 0.0000000000
41933  -8.049  -35.355  63.711 0.0000000000
40231  -9.173  -37.249  62.437 0.0000000000
39331  -8.680  -37.800  62.233 0.0000000000
39329  -8.187  -38.588  62.652 0.0000000000
112718  -7.896  -38.192  62.823 0.0000000000
133302  -7.379  -38.454  63.082 0.0000000000
39339  -7.372  -38.516  63.210 0.0000000000
39340  -7.306  -38.822  62.899 0.0000000000
37568  -7.039  -41.634  62.219 0.0000000000
38434  -6.920  -40.157  62.551 0.0000000000
37567  -6.788  -41.099  62.228 0.0000000000
37583  -6.603  -41.008  61.390 0.0000000000
57130  -38.450  -18.391  45.556 0.0000000000
118060  -39.221  -18.317  45.765 0.0000000000
57115  -38.893  -18.249  46.023 0.0000000000
52627  -32.047  -24.750  51.322 0.0000000000
118529  -34.906  -18.044  47.332 0.0000000000
128465  -33.817  -18.517  47.286 0.0000000000
132694  -38.032  -18.518  45.313 0.0000000000
49972  -23.069  -25.301  60.262 0.0000000000
122123  -22.345  -25.454  60.937 0.0000000000
49182  -21.395  -26.569  60.050 0.0000000000
49988  -22.013  -26.295  59.274 0.0000000000
50810  -27.788  -24.744  60.107 0.0000000000
132136  -27.557  -24.198  60.888 0.0000000000
114063  -26.960  -24.266  60.554 0.0000000000
50809  -26.881  -24.382  60.193 0.0000000000
49216  -27.119  -26.665  56.787 0.0000000000
49197  -27.783  -26.271  58.255 0.0000000000
49207  -26.594  -26.146  57.283 0.0000000000
50009  -25.542  -25.591  57.685 0.0000000000
111325  -25.427  -25.154  58.242 0.0000000000
49991  -25.723  -24.577  59.443 0.0000000000
49999  -24.517  -24.955  58.746 0.0000000000
50015  -22.840  -26.505  56.951 0.0000000000
111383  -22.121  -26.496  57.851 0.0000000000
49206  -21.062  -26.752  58.262 0.0000000000
49222  -20.448  -27.869  56.158 0.0000000000
48366  -20.461  -28.208  53.785 0.0000000000
126123  -20.541  -28.273  54.537 0.0000000000
70098  -48.860  -4.137  28.469 0.0000000000
70106  -48.400  -4.062  27.581 0.0000000000
70107  -49.238  -3.839  27.940 0.0000000000
71882  -49.534  -2.575  26.631 0.0000000000
53413  -5.528  -22.727  56.003 0.0000000000
121794  -6.378  -23.406  55.528 0.0000000000
52595  -7.103  -24.164  55.303 0.0000000000
52577  -6.887  -24.775  58.776 0.0000000000
50840  -8.552  -26.330  56.949 0.0000000000
122279  -8.512  -25.819  56.155 0.0000000000
50027  -9.098  -27.193  55.379 0.0000000000
50019  -8.979  -27.735  56.168 0.0000000000
48342  -8.799  -29.645  55.981 0.0000000000
47472  -9.142  -30.728  54.708 0.0000000000
47471  -8.610  -31.400  55.079 0.0000000000
48330  -7.197  -29.818  57.745 0.0000000000
48331  -7.789  -29.647  57.246 0.0000000000
133978  -8.002  -32.508  54.640 0.0000000000
46526  -7.938  -32.682  53.826 0.0000000000
45636  -7.541  -33.130  53.408 0.0000000000
44768  -6.372  -34.671  53.320 0.0000000000
43882  -6.192  -35.372  52.524 0.0000000000
43881  -5.790  -35.979  52.488 0.0000000000
69220  -43.480  -5.976  39.547 0.0000000000
69221  -44.366  -5.377  39.943 0.0000000000
116550  -40.566  -18.642  45.387 0.0000000000
63290  -39.333  -11.701  37.566 0.0000000000
115482  -39.018  -11.548  37.253 0.0000000000
64994  -39.599  -10.808  37.538 0.0000000000
66739  -40.937  -8.517  37.856 0.0000000000
68390  -42.640  -7.697  39.273 0.0000000000
68398  -42.738  -6.590  39.082 0.0000000000
69229  -43.224  -5.580  38.705 0.0000000000
43729  -10.776  -32.946  66.551 0.0000000000
43734  -11.039  -33.069  65.632 0.0000000000
42804  -10.551  -33.621  65.205 0.0000000000
43737  -14.109  -32.431  65.478 0.0000000000
43736  -13.088  -32.632  65.287 0.0000000000
42815  -11.233  -33.904  62.926 0.0000000000
116831  -12.002  -33.006  63.910 0.0000000000
41944  -10.664  -34.822  62.363 0.0000000000
121770  -10.431  -35.455  62.108 0.0000000000
41972  -10.976  -35.744  60.096 0.0000000000
118314  -10.669  -36.521  59.598 0.0000000000
40266  -10.589  -37.314  59.134 0.0000000000
41129  -10.770  -36.680  58.940 0.0000000000
46481  -19.286  -29.452  57.020 0.0000000000
46489  -19.253  -30.023  56.629 0.0000000000
114377  -18.664  -30.982  56.925 0.0000000000
45606  -18.762  -30.623  57.386 0.0000000000
45602  -18.538  -30.631  58.187 0.0000000000
45600  -18.819  -30.406  59.179 0.0000000000
44725  -18.123  -30.952  58.265 0.0000000000
43826  -17.302  -31.491  55.644 0.0000000000
130627  -16.900  -31.487  56.070 0.0000000000
43793  -16.830  -31.471  58.187 0.0000000000
44731  -17.390  -31.357  57.836 0.0000000000
44723  -17.153  -31.377  58.763 0.0000000000
44721  -17.530  -31.261  59.305 0.0000000000
44712  -18.236  -31.343  61.342 0.0000000000
44716  -17.084  -31.749  60.766 0.0000000000
125029  -17.097  -32.046  61.290 0.0000000000
44709  -16.937  -32.251  61.591 0.0000000000
44705  -16.729  -32.177  62.336 0.0000000000
44704  -16.342  -32.406  62.724 0.0000000000
44708  -16.563  -32.798  61.895 0.0000000000
43768  -15.114  -33.317  60.773 0.0000000000
43775  -14.389  -33.411  59.973 0.0000000000
43767  -14.028  -33.519  60.819 0.0000000000
43788  -13.585  -33.550  59.291 0.0000000000
42870  -13.051  -33.558  55.508 0.0000000000
43801  -13.727  -32.818  57.357 0.0000000000
42869  -12.577  -33.925  56.059 0.0000000000
42001  -12.244  -34.515  56.989 0.0000000000
42849  -12.246  -34.519  58.044 0.0000000000
42848  -11.666  -35.254  58.496 0.0000000000
55129  -3.889  -21.003  53.321 0.0000000000
55138  -3.941  -21.444  52.703 0.0000000000
55994  -4.149  -20.690  52.547 0.0000000000
52606  -4.914  -23.602  53.095 0.0000000000
53437  -3.866  -23.246  53.387 0.0000000000
131407  -5.971  -24.192  51.982 0.0000000000
53452  -4.395  -22.674  52.499 0.0000000000
52626  -5.954  -23.306  51.495 0.0000000000
112843  -6.587  -26.502  49.954 0.0000000000
50883  -6.474  -26.427  48.815 0.0000000000
130941  -6.301  -27.212  48.329 0.0000000000
49256  -10.187  -28.403  52.512 0.0000000000
49255  -9.465  -27.518  52.458 0.0000000000
49269  -9.573  -28.133  51.650 0.0000000000
48395  -8.834  -28.993  50.206 0.0000000000
49282  -9.185  -28.626  50.894 0.0000000000
132378  -8.307  -28.451  50.672 0.0000000000
49281  -7.690  -28.101  50.576 0.0000000000
48394  -7.751  -28.829  50.220 0.0000000000
46610  -9.527  -31.356  46.446 0.0000000000
47551  -9.697  -30.861  47.242 0.0000000000
47566  -9.034  -30.909  46.758 0.0000000000
47548  -7.632  -30.032  47.422 0.0000000000
47533  -7.485  -29.961  48.207 0.0000000000
47522  -6.903  -29.685  49.025 0.0000000000
48407  -6.468  -29.200  49.526 0.0000000000
125727  -6.281  -28.713  49.486 0.0000000000
47520  -6.490  -29.059  48.996 0.0000000000
124389  -6.335  -28.747  47.457 0.0000000000
125905  -5.797  -28.490  46.921 0.0000000000
49307  -5.279  -28.386  46.295 0.0000000000
126819  -5.233  -28.830  45.950 0.0000000000
48291  -5.011  -29.307  61.740 0.0000000000
44673  -7.850  -34.049  66.616 0.0000000000
44672  -8.144  -33.394  66.050 0.0000000000
44681  -7.789  -34.029  66.047 0.0000000000
43738  -7.499  -33.591  63.549 0.0000000000
44679  -7.592  -33.196  64.634 0.0000000000
44686  -7.558  -33.158  64.109 0.0000000000
120517  -7.032  -32.182  63.605 0.0000000000
45576  -7.051  -32.518  63.515 0.0000000000
41941  -5.860  -36.031  62.797 0.0000000000
42814  -6.266  -35.456  62.759 0.0000000000
42817  -5.817  -35.414  62.465 0.0000000000
44703  -5.927  -33.479  61.876 0.0000000000
44697  -6.237  -33.579  62.392 0.0000000000
134008  -5.968  -32.957  62.259 0.0000000000
45585  -6.061  -32.520  62.577 0.0000000000
113201  -5.665  -31.676  62.492 0.0000000000
46465  -5.494  -31.792  61.951 0.0000000000
45595  -5.530  -31.717  61.106 0.0000000000
47418  -5.467  -30.465  60.663 0.0000000000
47421  -5.633  -30.869  59.972 0.0000000000
46473  -5.482  -31.794  59.655 0.0000000000
113734  -5.367  -33.235  58.392 0.0000000000
133200  -5.698  -32.604  58.380 0.0000000000
45604  -5.575  -33.190  57.727 0.0000000000
44737  -4.997  -33.985  57.026 0.0000000000
41990  -3.975  -36.651  58.081 0.0000000000
129700  -3.925  -36.015  58.162 0.0000000000
133524  -3.865  -36.305  57.714 0.0000000000
118160  -3.997  -35.929  55.748 0.0000000000
42868  -3.916  -35.525  56.367 0.0000000000
42886  -4.344  -35.290  55.546 0.0000000000
43822  -4.652  -34.721  55.846 0.0000000000
112068  -4.875  -35.068  55.159 0.0000000000
132131  -5.187  -34.995  54.963 0.0000000000
42904  -4.601  -35.430  54.670 0.0000000000
41220  -3.789  -37.084  52.820 0.0000000000
129109  -4.099  -35.738  53.357 0.0000000000
42055  -4.424  -36.755  52.173 0.0000000000
41227  -3.869  -37.514  52.014 0.0000000000
36010  -6.435  -42.819  58.681 0.0000000000
35272  -5.618  -44.187  57.871 0.0000000000
36762  -5.923  -42.484  58.383 0.0000000000
36024  -5.827  -42.738  57.867 0.0000000000
113191  -5.487  -42.001  57.449 0.0000000000
115706  -5.201  -42.000  56.638 0.0000000000
36777  -4.955  -41.891  55.806 0.0000000000
119033  -4.727  -40.662  56.034 0.0000000000
37663  -4.694  -41.138  55.319 0.0000000000
132706  -4.191  -41.052  53.783 0.0000000000
39436  -3.836  -39.986  53.901 0.0000000000
38551  -4.020  -40.687  53.511 0.0000000000
116428  -4.656  -40.430  51.952 0.0000000000
38602  -5.225  -39.923  51.454 0.0000000000
39469  -5.832  -39.383  50.888 0.0000000000
51718  -34.873  -24.154  56.621 0.0000000000
52583  -35.292  -23.536  56.765 0.0000000000
52582  -34.886  -24.027  56.925 0.0000000000
53400  -34.820  -23.793  57.277 0.0000000000
131917  -34.074  -27.531  56.093 0.0000000000
50024  -34.291  -27.069  56.222 0.0000000000
50841  -34.518  -25.481  56.639 0.0000000000
48319  -32.819  -27.800  56.947 0.0000000000
47446  -32.788  -28.367  56.393 0.0000000000
48328  -33.156  -27.903  56.553 0.0000000000
48329  -33.563  -27.801  56.365 0.0000000000
129627  -32.691  -25.438  58.504 0.0000000000
50831  -33.163  -25.936  58.019 0.0000000000
49200  -32.843  -26.815  57.652 0.0000000000
52573  -33.615  -24.313  58.077 0.0000000000
70903  -46.060  -3.182  38.679 0.0000000000
69238  -41.953  -6.093  37.076 0.0000000000
69239  -42.349  -5.799  37.411 0.0000000000
70048  -42.569  -4.861  37.173 0.0000000000
70054  -42.935  -4.041  36.795 0.0000000000
57181  -40.029  -19.262  43.052 0.0000000000
57133  -41.492  -18.825  44.925 0.0000000000
111161  -35.869  -18.216  44.165 0.0000000000
57167  -36.878  -18.329  44.478 0.0000000000
128840  -37.212  -18.433  44.205 0.0000000000
56112  -37.100  -18.427  43.579 0.0000000000
56126  -37.833  -18.475  43.361 0.0000000000
43897  -6.761  -34.939  51.702 0.0000000000
42961  -6.958  -35.182  51.292 0.0000000000
42974  -6.520  -36.029  51.394 0.0000000000
119069  -6.785  -38.244  50.246 0.0000000000
126994  -6.787  -38.795  50.035 0.0000000000
39481  -6.588  -39.256  50.248 0.0000000000
40258  -10.127  -37.713  60.441 0.0000000000
127642  -9.884  -38.921  59.886 0.0000000000
55147  -34.607  -20.805  53.626 0.0000000000
54317  -33.204  -21.916  52.739 0.0000000000
56018  -33.834  -19.901  52.436 0.0000000000
57035  -33.983  -19.337  51.586 0.0000000000
57036  -35.038  -18.391  51.857 0.0000000000
54217  -26.711  -22.749  61.835 0.0000000000
48358  -26.062  -27.368  53.915 0.0000000000
71856  -47.797  -2.913  32.934 0.0000000000
70968  -48.133  -3.324  32.156 0.0000000000
112906  -48.568  -3.661  31.355 0.0000000000
70971  -50.308  -2.796  31.973 0.0000000000
49203  -6.314  -28.828  59.334 0.0000000000
47428  -6.146  -30.608  59.103 0.0000000000
116678  -43.109  -10.754  39.913 0.0000000000
64139  -42.915  -11.295  40.633 0.0000000000
60736  -39.340  -15.176  39.493 0.0000000000
60747  -38.493  -14.958  38.882 0.0000000000
132519  -39.742  -14.409  39.435 0.0000000000
62451  -40.085  -12.893  38.920 0.0000000000
44684  -15.528  -32.144  65.298 0.0000000000
44689  -15.980  -32.566  64.811 0.0000000000
44693  -16.062  -32.186  64.748 0.0000000000
43754  -15.617  -32.524  63.104 0.0000000000
49172  -20.981  -27.052  60.830 0.0000000000
112464  -6.620  -23.693  47.072 0.0000000000
51727  -6.959  -24.241  54.444 0.0000000000
51732  -6.669  -24.335  53.484 0.0000000000
43967  -8.170  -35.570  44.995 0.0000000000
43985  -7.525  -34.971  44.286 0.0000000000
47397  -8.551  -31.388  65.696 0.0000000000
46448  -8.244  -32.009  65.605 0.0000000000
114614  -6.439  -39.454  61.644 0.0000000000
40252  -6.084  -38.606  61.654 0.0000000000
39354  -6.030  -39.294  61.123 0.0000000000
40257  -5.237  -38.322  60.136 0.0000000000
40264  -5.132  -38.439  59.383 0.0000000000
39365  -5.457  -39.309  59.241 0.0000000000
118518  -5.365  -39.716  58.585 0.0000000000
38470  -5.370  -40.453  58.225 0.0000000000
50855  -34.685  -25.157  54.818 0.0000000000
133514  -34.654  -24.632  54.599 0.0000000000
52609  -34.788  -23.787  54.628 0.0000000000
131055  -34.890  -22.997  54.561 0.0000000000
45629  -31.633  -29.882  53.663 0.0000000000
48308  -31.178  -27.690  58.022 0.0000000000
48299  -30.734  -27.198  58.374 0.0000000000
47424  -31.127  -28.092  57.700 0.0000000000
47431  -30.501  -28.200  57.285 0.0000000000
47440  -29.596  -28.206  56.397 0.0000000000
70946  -44.382  -2.954  35.560 0.0000000000
70956  -44.771  -2.610  34.678 0.0000000000
71845  -46.589  -2.438  33.704 0.0000000000
71831  -46.562  -2.346  34.673 0.0000000000
60730  -42.154  -15.731  40.217 0.0000000000
59897  -42.382  -16.662  40.322 0.0000000000
60722  -43.105  -16.001  41.748 0.0000000000
56169  -37.296  -18.706  40.240 0.0000000000
118587  -38.640  -19.647  39.846 0.0000000000
57204  -38.587  -18.974  39.258 0.0000000000
126753  -39.105  -18.417  39.069 0.0000000000
58151  -39.022  -17.651  39.254 0.0000000000
59009  -41.015  -17.069  39.384 0.0000000000
123106  -19.609  -29.543  53.443 0.0000000000
54322  -5.372  -21.220  50.538 0.0000000000
117693  -6.164  -23.615  50.397 0.0000000000
47473  -9.766  -30.368  53.888 0.0000000000
47484  -10.163  -30.041  53.016 0.0000000000
131661  -9.690  -30.668  53.232 0.0000000000
46540  -9.424  -31.208  52.141 0.0000000000
46561  -9.140  -31.808  50.827 0.0000000000
43913  -7.588  -34.759  49.589 0.0000000000
43927  -8.119  -35.151  48.801 0.0000000000
43941  -8.330  -35.588  47.733 0.0000000000
43009  -8.493  -35.883  46.742 0.0000000000
42127  -7.770  -36.949  46.070 0.0000000000
128750  -6.675  -38.426  45.482 0.0000000000
42803  -9.956  -34.036  65.423 0.0000000000
42802  -9.306  -34.474  65.456 0.0000000000
41929  -9.529  -34.354  64.634 0.0000000000
41934  -9.161  -34.943  63.725 0.0000000000
41070  -8.917  -36.084  63.168 0.0000000000
38423  -8.515  -38.914  61.710 0.0000000000
39341  -8.389  -38.512  62.175 0.0000000000
38422  -8.342  -39.275  62.084 0.0000000000
38421  -8.176  -39.392  62.348 0.0000000000
38420  -7.278  -39.644  62.651 0.0000000000
37557  -7.832  -40.039  62.379 0.0000000000
119812  -7.624  -41.034  62.307 0.0000000000
57093  -39.230  -18.004  46.550 0.0000000000
58037  -34.483  -18.370  49.185 0.0000000000
58069  -34.675  -18.300  48.414 0.0000000000
57112  -35.805  -17.837  46.217 0.0000000000
50792  -23.649  -24.320  61.368 0.0000000000
131781  -23.108  -25.072  60.741 0.0000000000
50785  -28.406  -24.584  60.570 0.0000000000
124136  -27.988  -24.118  61.028 0.0000000000
49963  -28.396  -25.147  59.919 0.0000000000
115381  -24.353  -25.802  57.646 0.0000000000
111679  -24.191  -26.142  56.889 0.0000000000
50021  -21.907  -26.921  56.410 0.0000000000
49227  -20.827  -27.841  55.499 0.0000000000
50038  -21.588  -27.479  55.304 0.0000000000
49245  -21.184  -27.545  53.903 0.0000000000
69288  -45.348  -4.564  28.995 0.0000000000
51719  -7.540  -24.683  58.045 0.0000000000
51715  -7.905  -25.576  58.050 0.0000000000
49214  -8.580  -27.371  56.840 0.0000000000
49220  -8.438  -28.336  56.755 0.0000000000
48332  -8.327  -29.244  56.667 0.0000000000
112790  -7.230  -31.477  57.248 0.0000000000
46488  -7.291  -32.161  56.555 0.0000000000
117803  -7.174  -33.147  55.255 0.0000000000
45635  -6.978  -33.595  53.614 0.0000000000
45634  -6.485  -33.944  54.191 0.0000000000
43851  -5.766  -35.027  53.851 0.0000000000
68392  -43.802  -6.466  40.254 0.0000000000
64987  -41.293  -10.467  38.434 0.0000000000
65861  -41.511  -9.777  38.494 0.0000000000
66740  -41.597  -8.797  38.484 0.0000000000
67552  -41.959  -8.197  38.599 0.0000000000
43735  -11.991  -32.690  65.361 0.0000000000
117292  -12.707  -32.769  64.153 0.0000000000
42816  -11.866  -33.502  62.869 0.0000000000
42822  -11.234  -34.705  61.580 0.0000000000
45624  -18.888  -30.869  55.217 0.0000000000
45614  -18.954  -30.791  56.010 0.0000000000
44748  -18.606  -31.150  55.822 0.0000000000
125815  -18.380  -31.283  56.243 0.0000000000
44740  -18.308  -31.274  56.846 0.0000000000
43815  -16.175  -31.573  56.107 0.0000000000
122731  -16.746  -31.497  56.749 0.0000000000
43779  -16.672  -31.617  59.144 0.0000000000
44719  -16.630  -31.945  60.110 0.0000000000
43778  -16.306  -32.097  59.463 0.0000000000
43770  -16.509  -32.610  60.181 0.0000000000
43769  -16.115  -33.137  60.344 0.0000000000
133257  -15.282  -32.714  59.066 0.0000000000
42000  -11.422  -35.767  56.956 0.0000000000
55128  -3.785  -21.890  53.222 0.0000000000
51739  -6.237  -24.556  52.272 0.0000000000
51744  -6.036  -24.337  52.045 0.0000000000
50873  -6.373  -25.100  51.459 0.0000000000
51749  -6.232  -24.568  51.414 0.0000000000
132316  -6.629  -26.290  50.553 0.0000000000
50068  -6.658  -27.238  49.735 0.0000000000
49284  -10.137  -29.441  51.008 0.0000000000
49283  -9.885  -29.007  50.995 0.0000000000
48396  -10.126  -29.582  50.414 0.0000000000
48409  -9.407  -29.446  49.531 0.0000000000
46625  -8.205  -31.276  45.209 0.0000000000
47565  -8.205  -30.712  46.699 0.0000000000
46608  -8.155  -31.001  45.959 0.0000000000
46596  -7.527  -30.546  46.607 0.0000000000
113439  -7.547  -29.744  47.549 0.0000000000
47531  -6.964  -29.090  47.887 0.0000000000
47547  -7.289  -29.610  46.989 0.0000000000
47564  -6.823  -29.597  46.443 0.0000000000
46605  -6.472  -29.765  45.790 0.0000000000
123674  -5.830  -29.620  45.402 0.0000000000
47575  -6.250  -30.026  45.244 0.0000000000
43732  -7.873  -34.242  65.367 0.0000000000
113850  -7.721  -34.058  65.597 0.0000000000
42807  -7.939  -34.570  64.076 0.0000000000
43744  -7.309  -34.135  62.945 0.0000000000
124809  -5.075  -36.119  61.665 0.0000000000
42821  -5.303  -35.380  61.705 0.0000000000
43760  -5.603  -34.362  61.384 0.0000000000
44707  -5.648  -33.246  61.263 0.0000000000
118276  -5.476  -32.663  60.772 0.0000000000
116062  -5.358  -32.239  60.293 0.0000000000
45598  -5.177  -32.714  59.623 0.0000000000
44722  -5.020  -33.992  58.574 0.0000000000
41176  -4.181  -37.213  56.849 0.0000000000
41999  -3.913  -36.609  57.362 0.0000000000
42019  -4.076  -36.708  55.434 0.0000000000
128575  -3.922  -36.393  54.577 0.0000000000
41200  -3.928  -37.244  54.621 0.0000000000
41210  -3.756  -37.682  53.788 0.0000000000
35279  -5.209  -44.507  57.231 0.0000000000
36030  -5.457  -43.787  57.395 0.0000000000
36771  -5.556  -42.919  57.167 0.0000000000
36036  -5.347  -43.646  56.782 0.0000000000
36042  -5.412  -43.418  56.016 0.0000000000
130051  -5.515  -43.191  55.323 0.0000000000
114867  -4.680  -41.570  52.738 0.0000000000
47478  -33.234  -29.063  53.963 0.0000000000
47489  -33.432  -28.533  53.830 0.0000000000
48360  -33.754  -28.062  54.189 0.0000000000
49240  -33.901  -27.721  54.711 0.0000000000
50040  -34.437  -27.087  54.892 0.0000000000
50025  -34.509  -26.336  55.941 0.0000000000
50846  -34.647  -26.365  55.332 0.0000000000
132994  -34.714  -25.632  55.157 0.0000000000
119895  -34.726  -24.842  55.283 0.0000000000
52596  -35.256  -23.386  55.266 0.0000000000
46483  -31.258  -28.904  55.996 0.0000000000
46493  -31.471  -29.113  55.395 0.0000000000
45610  -31.806  -29.138  55.025 0.0000000000
46507  -32.153  -29.265  54.673 0.0000000000
47445  -32.568  -28.706  56.070 0.0000000000
46494  -32.478  -28.846  55.640 0.0000000000
45619  -31.931  -29.689  53.915 0.0000000000
46522  -32.879  -29.336  54.203 0.0000000000
49994  -31.889  -26.359  58.728 0.0000000000
50821  -32.413  -25.847  58.674 0.0000000000
116632  -32.104  -26.683  58.444 0.0000000000
48301  -31.874  -27.176  58.232 0.0000000000
47425  -31.608  -28.176  57.557 0.0000000000
47443  -31.457  -28.726  56.613 0.0000000000
71795  -47.102  -2.410  37.084 0.0000000000
69245  -40.947  -5.767  35.982 0.0000000000
68417  -40.079  -6.229  35.025 0.0000000000
69250  -40.712  -5.670  35.018 0.0000000000
70061  -42.160  -4.187  34.363 0.0000000000
70945  -43.448  -3.396  35.123 0.0000000000
70931  -43.520  -3.529  36.076 0.0000000000
71804  -45.240  -2.685  36.251 0.0000000000
124290  -40.765  -19.448  40.690 0.0000000000
58135  -41.603  -18.995  40.855 0.0000000000
57192  -41.960  -18.980  41.673 0.0000000000
57171  -41.421  -19.085  43.209 0.0000000000
116014  -35.012  -18.573  41.041 0.0000000000
117974  -37.850  -18.378  42.520 0.0000000000
56007  -4.370  -20.569  51.805 0.0000000000
45647  -7.499  -32.876  52.297 0.0000000000
45662  -7.336  -32.867  51.535 0.0000000000
45674  -6.999  -33.289  51.118 0.0000000000
43912  -7.266  -34.737  50.652 0.0000000000
40389  -7.901  -39.018  47.512 0.0000000000
39496  -7.892  -39.568  47.845 0.0000000000
40375  -7.813  -39.052  48.650 0.0000000000
38631  -7.777  -40.223  48.203 0.0000000000
41081  -9.883  -35.856  62.568 0.0000000000
40239  -9.713  -37.222  62.069 0.0000000000
40246  -9.337  -37.762  61.716 0.0000000000
115115  -9.668  -38.177  61.116 0.0000000000
39348  -9.444  -38.229  61.257 0.0000000000
39347  -8.975  -38.467  61.394 0.0000000000
38437  -8.731  -39.299  61.158 0.0000000000
112681  -37.510  -17.351  48.719 0.0000000000
58039  -37.661  -17.188  49.229 0.0000000000
52621  -33.166  -24.882  52.674 0.0000000000
52620  -32.513  -24.095  52.234 0.0000000000
54316  -32.357  -22.742  52.105 0.0000000000
54323  -31.987  -22.257  51.174 0.0000000000
54330  -31.863  -21.761  50.276 0.0000000000
57061  -33.254  -19.343  49.782 0.0000000000
57062  -34.017  -18.802  49.886 0.0000000000
57047  -34.274  -18.750  50.729 0.0000000000
132664  -35.615  -17.508  49.189 0.0000000000
123075  -25.746  -23.770  61.284 0.0000000000
49198  -28.505  -26.619  58.398 0.0000000000
48325  -27.881  -26.954  57.034 0.0000000000
111903  -26.361  -27.243  54.699 0.0000000000
49223  -25.578  -26.993  54.833 0.0000000000
49228  -24.953  -27.635  54.575 0.0000000000
130628  -24.376  -27.445  54.686 0.0000000000
114591  -23.915  -27.519  53.955 0.0000000000
69272  -45.621  -4.328  29.970 0.0000000000
70076  -46.750  -3.818  30.601 0.0000000000
70080  -46.179  -4.048  30.240 0.0000000000
69278  -45.957  -4.406  29.265 0.0000000000
70096  -47.013  -4.384  28.643 0.0000000000
114302  -48.545  -4.221  29.026 0.0000000000
70088  -49.458  -3.854  30.017 0.0000000000
119549  -7.436  -28.508  57.834 0.0000000000
49211  -6.615  -29.314  58.682 0.0000000000
45608  -5.781  -33.365  56.774 0.0000000000
66722  -43.821  -9.229  39.709 0.0000000000
64962  -43.787  -10.034  40.454 0.0000000000
64158  -40.000  -11.375  38.049 0.0000000000
63283  -40.710  -11.556  38.668 0.0000000000
64153  -40.981  -10.984  38.460 0.0000000000
44676  -13.854  -32.061  66.799 0.0000000000
120976  -14.266  -32.604  64.632 0.0000000000
43746  -13.640  -32.665  64.192 0.0000000000
43752  -13.908  -32.693  63.556 0.0000000000
131295  -13.571  -32.911  62.975 0.0000000000
121217  -17.155  -31.799  54.080 0.0000000000
43853  -16.516  -32.087  53.559 0.0000000000
43841  -16.485  -31.886  54.371 0.0000000000
43840  -15.471  -32.180  54.632 0.0000000000
43824  -15.579  -31.886  55.477 0.0000000000
119121  -15.189  -31.866  56.071 0.0000000000
126756  -14.235  -32.491  56.750 0.0000000000
127309  -14.241  -32.659  55.975 0.0000000000
134127  -13.606  -33.142  55.680 0.0000000000
54283  -3.901  -22.755  55.057 0.0000000000
53430  -3.898  -23.120  54.199 0.0000000000
51731  -5.945  -24.149  52.850 0.0000000000
127454  -6.710  -25.122  52.137 0.0000000000
50051  -7.361  -26.317  51.293 0.0000000000
49266  -7.606  -26.994  50.744 0.0000000000
45716  -10.185  -32.167  47.478 0.0000000000
45729  -10.183  -32.525  46.708 0.0000000000
45728  -9.980  -32.039  46.060 0.0000000000
46626  -9.202  -31.640  45.518 0.0000000000
44873  -8.978  -32.991  44.621 0.0000000000
45742  -8.777  -32.071  44.704 0.0000000000
45741  -7.995  -31.855  44.358 0.0000000000
46640  -7.135  -31.483  44.455 0.0000000000
49119  -7.877  -29.503  64.211 0.0000000000
48274  -7.430  -30.332  64.298 0.0000000000
128224  -7.013  -30.549  63.967 0.0000000000
41076  -6.792  -37.073  62.789 0.0000000000
127196  -6.693  -36.577  62.883 0.0000000000
41090  -6.407  -37.027  62.874 0.0000000000
41951  -5.787  -36.712  62.682 0.0000000000
40245  -5.634  -37.249  62.101 0.0000000000
115643  -5.284  -36.687  61.976 0.0000000000
41961  -4.965  -36.573  61.186 0.0000000000
42835  -4.554  -35.981  59.944 0.0000000000
42834  -4.588  -35.383  59.578 0.0000000000
41991  -4.205  -36.702  58.789 0.0000000000
41146  -4.397  -37.242  58.359 0.0000000000
40274  -4.844  -37.920  58.611 0.0000000000
111546  -4.609  -37.742  57.936 0.0000000000
41162  -4.675  -37.978  57.221 0.0000000000
40296  -4.844  -38.634  56.492 0.0000000000
122878  -4.770  -39.204  56.014 0.0000000000
126576  -32.656  -27.600  51.688 0.0000000000
48379  -33.471  -28.254  53.688 0.0000000000
49261  -33.432  -27.891  53.591 0.0000000000
50863  -34.427  -26.122  54.193 0.0000000000
50055  -33.806  -26.780  53.879 0.0000000000
50054  -33.445  -27.421  53.389 0.0000000000
50868  -33.451  -26.811  53.096 0.0000000000
113308  -33.410  -26.181  52.859 0.0000000000
53445  -33.945  -23.625  53.599 0.0000000000
55148  -35.208  -20.452  53.859 0.0000000000
51684  -28.875  -24.629  60.580 0.0000000000
49964  -29.005  -25.342  59.915 0.0000000000
49175  -29.311  -26.249  59.106 0.0000000000
49966  -30.211  -25.855  59.413 0.0000000000
49188  -30.862  -26.787  58.615 0.0000000000
49177  -30.346  -26.500  58.847 0.0000000000
49978  -29.938  -26.110  59.202 0.0000000000
49176  -29.846  -26.353  58.990 0.0000000000
49185  -29.269  -26.635  58.740 0.0000000000
49199  -28.964  -26.855  58.487 0.0000000000
48326  -28.318  -27.390  56.538 0.0000000000
47451  -28.575  -28.357  55.323 0.0000000000
47450  -27.794  -28.005  54.930 0.0000000000
70067  -43.351  -4.136  31.932 0.0000000000
112062  -45.813  -3.234  31.631 0.0000000000
71848  -48.960  -2.456  34.035 0.0000000000
127403  -42.545  -13.616  41.323 0.0000000000
58986  -42.917  -16.907  41.408 0.0000000000
133155  -38.857  -16.405  39.529 0.0000000000
59007  -38.937  -16.972  39.436 0.0000000000
59908  -39.330  -15.962  39.640 0.0000000000
117480  -40.308  -14.782  39.888 0.0000000000
48333  -19.722  -28.528  56.369 0.0000000000
48324  -19.675  -28.155  57.304 0.0000000000
47449  -19.516  -29.414  56.191 0.0000000000
45615  -19.183  -30.438  55.627 0.0000000000
129945  -19.334  -30.071  54.435 0.0000000000
45625  -19.237  -30.267  55.043 0.0000000000
44764  -18.172  -31.345  54.000 0.0000000000
44763  -17.685  -31.566  53.856 0.0000000000
43854  -17.095  -31.899  53.297 0.0000000000
51778  -6.472  -25.259  47.540 0.0000000000
50037  -8.898  -26.651  54.530 0.0000000000
122320  -9.028  -27.032  53.883 0.0000000000
49243  -9.757  -27.937  53.902 0.0000000000
119858  -9.903  -27.844  53.090 0.0000000000
48373  -10.284  -29.396  52.311 0.0000000000
48383  -10.224  -29.682  51.414 0.0000000000
133599  -10.354  -30.169  50.318 0.0000000000
46574  -10.445  -31.051  49.032 0.0000000000
113944  -10.387  -31.339  48.456 0.0000000000
45663  -8.203  -32.441  51.237 0.0000000000
45676  -8.408  -32.406  50.343 0.0000000000
45687  -8.725  -32.539  49.575 0.0000000000
112570  -8.262  -33.095  49.264 0.0000000000
45688  -9.603  -32.189  49.107 0.0000000000
45703  -9.971  -32.211  48.445 0.0000000000
44822  -9.992  -32.614  47.875 0.0000000000
119220  -9.897  -33.891  46.842 0.0000000000
43024  -8.770  -35.526  46.013 0.0000000000
43043  -7.733  -36.375  45.019 0.0000000000
43726  -8.267  -34.041  67.442 0.0000000000
125870  -8.753  -34.547  65.758 0.0000000000
42801  -8.389  -34.540  65.527 0.0000000000
42800  -8.053  -34.410  65.602 0.0000000000
41925  -8.100  -34.614  64.435 0.0000000000
41067  -7.678  -36.332  63.225 0.0000000000
41080  -9.462  -36.277  62.788 0.0000000000
41079  -8.840  -36.866  62.851 0.0000000000
40217  -8.575  -37.113  62.788 0.0000000000
39330  -8.280  -38.214  62.424 0.0000000000
40228  -7.972  -37.308  62.928 0.0000000000
41078  -7.627  -37.051  62.979 0.0000000000
41077  -7.180  -37.297  62.765 0.0000000000
40237  -6.785  -38.021  62.809 0.0000000000
111451  -6.822  -38.888  62.478 0.0000000000
38433  -6.858  -39.482  62.255 0.0000000000
37598  -6.459  -40.871  60.397 0.0000000000
57132  -39.974  -18.450  45.869 0.0000000000
131804  -39.763  -18.004  46.622 0.0000000000
51757  -32.587  -26.259  51.562 0.0000000000
113540  -31.825  -25.257  50.528 0.0000000000
57128  -35.257  -18.098  45.470 0.0000000000
57129  -36.736  -17.953  45.427 0.0000000000
112856  -37.489  -18.364  45.054 0.0000000000
111482  -38.216  -18.487  45.160 0.0000000000
50791  -22.429  -24.836  61.754 0.0000000000
49962  -21.844  -25.443  61.594 0.0000000000
49165  -21.469  -26.075  61.352 0.0000000000
132110  -21.053  -26.802  59.669 0.0000000000
52535  -27.016  -23.300  61.739 0.0000000000
112138  -27.247  -23.759  61.400 0.0000000000
52542  -26.649  -23.575  61.544 0.0000000000
51682  -26.531  -24.086  61.020 0.0000000000
51690  -26.193  -24.102  60.913 0.0000000000
49183  -28.107  -25.994  58.723 0.0000000000
49992  -27.560  -25.333  59.151 0.0000000000
49196  -26.675  -25.759  58.082 0.0000000000
114866  -26.721  -24.935  59.098 0.0000000000
49973  -26.783  -24.632  59.616 0.0000000000
50808  -25.480  -24.404  60.251 0.0000000000
50820  -24.413  -24.698  59.849 0.0000000000
49990  -23.685  -25.101  59.436 0.0000000000
128580  -23.282  -25.910  58.382 0.0000000000
132554  -22.617  -26.041  58.828 0.0000000000
126619  -20.153  -27.594  56.904 0.0000000000
132448  -19.956  -28.388  56.144 0.0000000000
48356  -20.077  -28.869  55.202 0.0000000000
127770  -20.510  -28.257  55.142 0.0000000000
124794  -20.062  -28.924  54.437 0.0000000000
70105  -47.556  -4.303  27.672 0.0000000000
134070  -47.800  -4.080  26.989 0.0000000000
70115  -48.880  -3.598  27.135 0.0000000000
70122  -47.980  -3.606  26.038 0.0000000000
71888  -49.048  -2.229  26.062 0.0000000000
52593  -5.473  -22.964  54.844 0.0000000000
51720  -7.954  -24.764  57.106 0.0000000000
51724  -7.806  -24.716  55.981 0.0000000000
51728  -8.226  -25.239  55.818 0.0000000000
50844  -8.469  -25.689  55.400 0.0000000000
114057  -9.760  -28.601  54.766 0.0000000000
48343  -9.350  -29.152  55.427 0.0000000000
48354  -9.705  -29.670  54.609 0.0000000000
48341  -8.274  -30.158  56.519 0.0000000000
47459  -7.770  -31.674  56.387 0.0000000000
113551  -8.232  -31.075  56.054 0.0000000000
46514  -8.347  -32.122  54.391 0.0000000000
46527  -8.218  -32.256  53.565 0.0000000000
45660  -7.141  -33.674  52.131 0.0000000000
44778  -6.990  -34.236  52.097 0.0000000000
44769  -6.914  -34.095  52.820 0.0000000000
43883  -6.616  -34.813  52.083 0.0000000000
42947  -6.252  -35.456  52.133 0.0000000000
133935  -5.926  -36.093  52.226 0.0000000000
70027  -44.938  -4.438  39.568 0.0000000000
63300  -38.815  -11.631  37.118 0.0000000000
64166  -38.922  -11.450  37.179 0.0000000000
65000  -39.023  -11.235  37.243 0.0000000000
115435  -39.008  -10.605  37.160 0.0000000000
65875  -39.037  -9.428  36.789 0.0000000000
67558  -40.737  -7.961  37.428 0.0000000000
119590  -41.691  -7.126  37.633 0.0000000000
67560  -41.951  -7.491  38.277 0.0000000000
69228  -42.550  -6.172  38.195 0.0000000000
44675  -13.338  -32.506  67.280 0.0000000000
43740  -12.117  -32.831  64.679 0.0000000000
43745  -12.055  -32.903  64.203 0.0000000000
42809  -11.443  -33.282  64.232 0.0000000000
42811  -10.871  -33.799  63.566 0.0000000000
41939  -10.380  -34.675  62.857 0.0000000000
41943  -10.217  -35.728  62.230 0.0000000000
41952  -10.147  -36.302  62.108 0.0000000000
41953  -10.346  -36.021  61.713 0.0000000000
117520  -10.612  -35.381  61.784 0.0000000000
41112  -10.402  -36.169  61.307 0.0000000000
40259  -10.371  -37.166  59.987 0.0000000000
40275  -10.582  -38.026  58.732 0.0000000000
115699  -19.369  -28.822  57.644 0.0000000000
47429  -19.437  -29.069  58.541 0.0000000000
45607  -19.097  -30.160  57.265 0.0000000000
46474  -19.280  -29.785  59.059 0.0000000000
45597  -19.077  -30.516  60.311 0.0000000000
44739  -17.739  -31.440  57.038 0.0000000000
43805  -17.132  -31.492  57.290 0.0000000000
44732  -17.954  -31.234  57.595 0.0000000000
120947  -17.965  -31.019  59.191 0.0000000000
45596  -18.677  -31.061  60.796 0.0000000000
45592  -18.735  -31.022  61.593 0.0000000000
45591  -18.369  -31.237  61.903 0.0000000000
44710  -17.330  -31.731  61.805 0.0000000000
44701  -17.205  -31.730  63.045 0.0000000000
44694  -16.548  -32.113  63.811 0.0000000000
113504  -16.019  -33.174  61.360 0.0000000000
43758  -14.940  -32.866  62.641 0.0000000000
133668  -14.429  -33.416  61.443 0.0000000000
43762  -13.732  -33.571  61.500 0.0000000000
43766  -13.015  -33.737  61.018 0.0000000000
43789  -13.685  -33.200  58.404 0.0000000000
43800  -12.855  -33.617  57.671 0.0000000000
42837  -12.593  -34.124  59.444 0.0000000000
42829  -12.211  -34.157  60.333 0.0000000000
42836  -11.639  -35.127  59.520 0.0000000000
41992  -11.201  -35.942  57.986 0.0000000000
41147  -10.873  -36.732  58.360 0.0000000000
126132  -4.153  -21.165  52.220 0.0000000000
116382  -3.704  -22.553  53.695 0.0000000000
54292  -3.768  -22.636  53.018 0.0000000000
53443  -3.986  -23.104  52.840 0.0000000000
54304  -3.989  -22.442  52.581 0.0000000000
54314  -4.372  -21.937  52.211 0.0000000000
124671  -5.057  -22.163  51.942 0.0000000000
51755  -6.298  -24.936  50.670 0.0000000000
51762  -6.357  -24.614  49.809 0.0000000000
51770  -6.497  -25.416  48.733 0.0000000000
126205  -8.665  -26.633  53.234 0.0000000000
50053  -8.653  -26.780  52.471 0.0000000000
49253  -8.272  -26.918  51.588 0.0000000000
49267  -7.884  -27.343  50.935 0.0000000000
49280  -7.217  -27.611  50.397 0.0000000000
47552  -10.211  -30.847  47.869 0.0000000000
47535  -9.643  -30.209  48.035 0.0000000000
48423  -9.058  -29.678  48.740 0.0000000000
121683  -7.106  -29.379  49.664 0.0000000000
48393  -6.948  -28.584  50.246 0.0000000000
48391  -6.586  -28.111  49.676 0.0000000000
49288  -6.594  -27.932  49.219 0.0000000000
48422  -6.669  -28.788  48.146 0.0000000000
49294  -6.461  -28.445  48.321 0.0000000000
49295  -6.392  -27.844  48.372 0.0000000000
49300  -6.066  -27.573  47.575 0.0000000000
50079  -5.788  -27.173  46.757 0.0000000000
50085  -5.084  -27.585  45.975 0.0000000000
49314  -4.804  -28.288  45.628 0.0000000000
49326  -4.592  -28.247  45.019 0.0000000000
48466  -5.162  -29.005  44.667 0.0000000000
48294  -5.106  -29.283  60.916 0.0000000000
45567  -8.460  -32.624  66.127 0.0000000000
45566  -8.006  -32.707  65.480 0.0000000000
44687  -7.643  -33.655  64.937 0.0000000000
45572  -7.630  -32.716  64.759 0.0000000000
46454  -7.408  -32.001  64.116 0.0000000000
46456  -6.813  -31.662  63.563 0.0000000000
121329  -6.985  -35.917  62.927 0.0000000000
42810  -7.171  -35.036  62.717 0.0000000000
117467  -6.988  -33.576  62.863 0.0000000000
43749  -6.205  -34.625  62.565 0.0000000000
117852  -6.502  -33.874  62.578 0.0000000000
45581  -6.498  -32.415  63.078 0.0000000000
46459  -5.811  -30.892  63.222 0.0000000000
47412  -5.342  -30.535  62.731 0.0000000000
47414  -5.277  -30.428  62.427 0.0000000000
46469  -5.443  -31.124  61.961 0.0000000000
115578  -5.124  -29.886  62.184 0.0000000000
47419  -5.251  -29.962  61.391 0.0000000000
47422  -5.609  -30.118  60.093 0.0000000000
124993  -5.864  -30.491  59.615 0.0000000000
46476  -6.164  -31.379  58.639 0.0000000000
45601  -5.413  -32.535  58.977 0.0000000000
46475  -5.791  -31.906  58.826 0.0000000000
45605  -5.928  -32.768  57.539 0.0000000000
42847  -4.323  -35.358  58.695 0.0000000000
43787  -4.555  -34.756  58.369 0.0000000000
43799  -4.547  -34.512  57.725 0.0000000000
115071  -3.820  -35.852  57.244 0.0000000000
113989  -3.994  -34.903  56.970 0.0000000000
118772  -4.611  -34.324  57.139 0.0000000000
43811  -4.550  -34.492  56.549 0.0000000000
44744  -4.972  -34.312  56.240 0.0000000000
44745  -5.476  -34.051  55.909 0.0000000000
44754  -5.634  -34.464  55.107 0.0000000000
43837  -5.483  -34.855  54.685 0.0000000000
43850  -5.380  -35.417  53.486 0.0000000000
42030  -4.002  -35.720  54.138 0.0000000000
42918  -4.881  -35.726  53.052 0.0000000000
43865  -5.625  -35.751  52.890 0.0000000000
42935  -5.080  -36.194  52.588 0.0000000000
42079  -5.041  -37.015  52.145 0.0000000000
41236  -5.204  -37.440  51.907 0.0000000000
115461  -6.535  -41.511  59.638 0.0000000000
112770  -6.057  -44.056  58.373 0.0000000000
122237  -6.199  -43.263  58.458 0.0000000000
37613  -6.161  -41.751  58.913 0.0000000000
37612  -5.713  -41.112  58.657 0.0000000000
38480  -5.106  -40.635  57.355 0.0000000000
37639  -5.102  -41.339  57.020 0.0000000000
112567  -4.795  -39.908  55.972 0.0000000000
39416  -4.397  -39.471  55.360 0.0000000000
121163  -5.335  -42.598  54.723 0.0000000000
36784  -4.860  -41.810  54.863 0.0000000000
131852  -4.602  -41.248  54.635 0.0000000000
39424  -4.035  -39.798  54.749 0.0000000000
39423  -3.806  -39.159  54.298 0.0000000000
39435  -3.741  -39.188  53.446 0.0000000000
39447  -3.871  -39.174  52.515 0.0000000000
114374  -4.332  -40.779  52.671 0.0000000000
112550  -4.174  -39.855  52.216 0.0000000000
119540  -3.902  -38.418  51.929 0.0000000000
39458  -4.371  -38.556  51.482 0.0000000000
40347  -4.654  -37.911  51.485 0.0000000000
41237  -5.557  -38.060  51.580 0.0000000000
40348  -5.537  -38.644  51.029 0.0000000000
39470  -6.558  -39.982  50.532 0.0000000000
117211  -8.161  -41.857  48.951 0.0000000000
33691  -4.980  -46.367  56.580 0.0000000000
37651  -4.859  -41.332  56.236 0.0000000000
39328  -7.379  -38.534  63.155 0.0000000000
39359  -5.493  -38.967  59.969 0.0000000000
40226  -6.956  -37.588  62.779 0.0000000000
40337  -4.041  -37.840  51.426 0.0000000000
43743  -14.625  -32.547  65.085 0.0000000000
44696  -17.384  -31.504  63.460 0.0000000000
44738  -5.304  -33.875  56.620 0.0000000000
44746  -18.016  -31.432  56.369 0.0000000000
44833  -10.161  -33.044  47.178 0.0000000000
44843  -9.912  -33.830  46.044 0.0000000000
44856  -9.570  -33.438  45.294 0.0000000000
45599  -18.336  -30.733  58.928 0.0000000000
45609  -18.964  -30.613  56.667 0.0000000000
45618  -31.610  -29.552  54.283 0.0000000000
45704  -10.265  -31.865  48.139 0.0000000000
46462  -5.566  -31.118  62.693 0.0000000000
46478  -31.851  -28.776  56.493 0.0000000000
46486  -32.093  -28.877  56.206 0.0000000000
46492  -30.943  -29.181  55.379 0.0000000000
46506  -30.776  -29.368  55.056 0.0000000000
46509  -32.704  -29.062  54.790 0.0000000000
46515  -19.045  -30.662  54.372 0.0000000000
46521  -32.582  -29.554  53.722 0.0000000000
46533  -32.942  -29.399  53.587 0.0000000000
47416  -5.288  -30.415  61.951 0.0000000000
47423  -30.609  -27.899  57.781 0.0000000000
47433  -31.551  -28.517  57.128 0.0000000000
47453  -30.023  -28.867  55.836 0.0000000000
47474  -19.805  -29.247  54.958 0.0000000000
47493  -9.260  -31.205  52.937 0.0000000000
47503  -9.926  -30.648  51.766 0.0000000000
47521  -6.776  -29.404  49.014 0.0000000000
47523  -10.362  -30.499  49.185 0.0000000000
47550  -8.922  -30.455  47.314 0.0000000000
48276  -8.327  -29.990  64.760 0.0000000000
48300  -31.307  -27.217  58.313 0.0000000000
48305  -29.502  -27.191  58.273 0.0000000000
48310  -32.194  -27.598  57.748 0.0000000000
48315  -28.216  -26.807  57.814 0.0000000000
48318  -32.442  -27.915  57.301 0.0000000000
48320  -33.496  -27.505  56.789 0.0000000000
48338  -33.827  -27.838  55.827 0.0000000000
48346  -25.702  -27.351  54.253 0.0000000000
48397  -10.291  -29.870  50.634 0.0000000000
48410  -10.075  -29.714  49.707 0.0000000000
48445  -5.723  -29.305  45.893 0.0000000000
49174  -28.832  -26.037  59.161 0.0000000000
49187  -30.267  -26.768  58.653 0.0000000000
49209  -33.176  -27.124  57.171 0.0000000000
49217  -33.980  -27.443  56.549 0.0000000000
49278  -6.749  -27.541  49.907 0.0000000000
49995  -32.639  -26.139  58.379 0.0000000000
50002  -33.087  -26.341  57.849 0.0000000000
50028  -21.246  -27.381  55.940 0.0000000000
50031  -34.428  -27.077  55.559 0.0000000000
50045  -6.957  -25.701  51.820 0.0000000000
50795  -27.801  -24.477  60.512 0.0000000000
50798  -29.629  -25.547  59.754 0.0000000000
50822  -32.824  -25.811  58.342 0.0000000000
50833  -34.138  -25.409  57.322 0.0000000000
50847  -34.664  -25.572  55.636 0.0000000000
51683  -27.271  -24.002  61.161 0.0000000000
51705  -33.798  -25.282  57.604 0.0000000000
51713  -34.511  -24.825  56.990 0.0000000000
52567  -33.517  -25.001  57.865 0.0000000000
52599  -34.999  -23.664  54.935 0.0000000000
54223  -26.516  -22.242  61.780 0.0000000000
54282  -3.704  -22.405  54.415 0.0000000000
57205  -39.749  -19.079  39.254 0.0000000000
111147  -30.876  -30.636  53.288 0.0000000000
111251  -31.876  -29.010  55.592 0.0000000000
113940  -32.418  -28.980  55.035 0.0000000000
114394  -7.331  -37.872  62.751 0.0000000000
117656  -4.681  -35.427  53.816 0.0000000000
118958  -30.495  -26.201  59.099 0.0000000000
121361  -6.303  -29.363  46.327 0.0000000000
122035  -33.585  -28.257  54.735 0.0000000000
124068  -10.404  -35.092  62.418 0.0000000000
124340  -21.299  -26.848  57.293 0.0000000000
126964  -7.860  -35.405  49.207 0.0000000000
127545  -32.033  -28.855  56.254 0.0000000000
127827  -7.299  -34.454  50.163 0.0000000000
127848  -31.432  -26.311  58.882 0.0000000000
130410  -4.092  -39.107  51.876 0.0000000000
131177  -4.965  -38.420  51.291 0.0000000000
131885  -3.989  -36.374  58.516 0.0000000000
131968  -26.526  -26.379  56.714 0.0000000000
132023  -32.912  -27.493  57.044 0.0000000000
132952  -48.288  -2.587  33.725 0.0000000000
132996  -6.660  -35.711  62.857 0.0000000000
133148  -32.279  -26.350  58.541 0.0000000000
