#!ascii label  , from subject bert vox2ras=TkReg
1323
89360  -48.388  21.996  17.572 0.0000000000
120093  -42.340  40.608  12.488 0.0000000000
122977  -42.935  34.682  23.786 0.0000000000
95047  -44.595  32.751  14.523 0.0000000000
93992  -40.846  30.669  7.363 0.0000000000
96145  -46.339  35.050  9.666 0.0000000000
91855  -44.144  25.492  8.069 0.0000000000
93936  -40.540  29.623  13.464 0.0000000000
87543  -48.449  18.670  25.421 0.0000000000
89337  -44.626  21.164  21.692 0.0000000000
100435  -37.414  42.904  15.051 0.0000000000
98346  -37.971  37.917  9.952 0.0000000000
97293  -42.445  36.931  4.461 0.0000000000
114128  -46.511  28.797  23.026 0.0000000000
98284  -41.935  38.196  14.995 0.0000000000
96624  -47.389  35.743  18.662 0.0000000000
93310  -46.880  28.706  17.979 0.0000000000
92323  -43.830  27.579  17.398 0.0000000000
122443  -39.127  26.032  19.472 0.0000000000
89894  -48.928  23.210  14.413 0.0000000000
124527  -41.916  29.414  3.147 0.0000000000
92909  -43.086  27.976  6.686 0.0000000000
91892  -40.565  25.938  4.555 0.0000000000
92395  -39.638  27.665  7.516 0.0000000000
88159  -46.991  19.941  24.256 0.0000000000
89316  -43.611  21.534  24.522 0.0000000000
99844  -36.860  42.113  18.974 0.0000000000
97832  -40.161  37.543  6.972 0.0000000000
93267  -44.035  29.577  22.988 0.0000000000
95483  -45.883  34.170  25.272 0.0000000000
124378  -44.140  44.352  16.509 0.0000000000
99886  -45.985  42.762  13.689 0.0000000000
95062  -47.094  32.415  12.487 0.0000000000
96668  -47.337  35.212  14.489 0.0000000000
95581  -47.008  33.894  15.982 0.0000000000
95016  -46.879  32.343  19.037 0.0000000000
94472  -44.774  31.346  17.356 0.0000000000
92822  -45.855  28.395  16.734 0.0000000000
93905  -43.623  30.391  16.235 0.0000000000
93293  -39.970  29.459  17.984 0.0000000000
96134  -41.355  34.213  11.382 0.0000000000
97798  -44.976  37.533  10.748 0.0000000000
126915  -43.737  31.806  8.987 0.0000000000
93985  -46.642  29.661  8.509 0.0000000000
93964  -44.143  29.715  10.693 0.0000000000
93946  -42.371  29.887  13.222 0.0000000000
92865  -42.020  27.808  10.752 0.0000000000
93962  -38.035  30.076  10.997 0.0000000000
87557  -48.924  17.263  22.532 0.0000000000
115107  -47.327  19.037  20.624 0.0000000000
89349  -46.636  21.380  19.271 0.0000000000
113894  -41.910  43.334  22.376 0.0000000000
99857  -41.107  42.664  17.997 0.0000000000
100457  -40.010  42.926  13.813 0.0000000000
97781  -39.384  37.011  12.791 0.0000000000
130531  -39.393  34.609  8.873 0.0000000000
121562  -40.925  32.942  5.361 0.0000000000
95150  -42.368  32.551  1.826 0.0000000000
118967  -43.127  36.509  2.495 0.0000000000
90772  -42.344  25.145  22.315 0.0000000000
125468  -45.219  25.099  21.506 0.0000000000
91271  -47.783  25.657  20.227 0.0000000000
96089  -42.070  34.564  18.026 0.0000000000
97786  -45.849  38.259  12.501 0.0000000000
128660  -45.008  35.717  16.367 0.0000000000
129927  -45.270  34.829  21.245 0.0000000000
95529  -47.164  33.829  21.535 0.0000000000
93286  -47.510  28.593  21.000 0.0000000000
91320  -48.673  25.634  17.007 0.0000000000
91333  -47.373  25.894  15.090 0.0000000000
90834  -45.894  24.674  16.634 0.0000000000
90356  -43.170  23.758  19.054 0.0000000000
93309  -41.714  29.158  16.761 0.0000000000
92296  -41.690  27.217  19.024 0.0000000000
90346  -40.728  23.843  19.025 0.0000000000
88808  -48.156  20.181  17.693 0.0000000000
88823  -49.193  20.907  16.110 0.0000000000
89888  -49.072  22.885  16.413 0.0000000000
93445  -41.217  29.357  2.231 0.0000000000
92439  -42.011  27.037  3.423 0.0000000000
92445  -39.686  27.401  3.300 0.0000000000
91890  -38.713  26.285  5.258 0.0000000000
96023  -44.411  35.306  24.466 0.0000000000
116110  -43.291  43.582  13.367 0.0000000000
116860  -46.009  32.799  13.237 0.0000000000
95598  -47.055  33.541  14.198 0.0000000000
95048  -45.445  33.182  15.063 0.0000000000
95033  -45.450  32.867  16.869 0.0000000000
95039  -44.604  32.681  15.481 0.0000000000
93906  -44.303  30.925  16.683 0.0000000000
95038  -43.705  32.172  14.975 0.0000000000
95084  -41.282  32.193  9.571 0.0000000000
95619  -42.462  33.340  10.615 0.0000000000
94542  -42.505  30.854  8.729 0.0000000000
91878  -44.788  25.668  6.985 0.0000000000
93407  -45.263  28.807  7.471 0.0000000000
92398  -45.751  27.010  8.171 0.0000000000
93379  -46.099  29.582  9.600 0.0000000000
92879  -44.923  27.630  9.260 0.0000000000
92859  -42.832  28.258  10.857 0.0000000000
92384  -42.908  26.423  9.369 0.0000000000
92876  -39.371  28.866  8.819 0.0000000000
88175  -45.444  19.786  22.566 0.0000000000
113571  -46.861  19.036  22.064 0.0000000000
124636  -45.852  19.726  21.800 0.0000000000
88195  -46.556  19.708  20.305 0.0000000000
89344  -45.660  21.194  20.419 0.0000000000
100416  -37.119  42.134  17.092 0.0000000000
99846  -38.570  41.956  18.575 0.0000000000
99863  -38.561  42.171  16.271 0.0000000000
119945  -40.381  42.864  15.024 0.0000000000
100436  -38.445  42.727  14.682 0.0000000000
98861  -37.229  39.067  11.582 0.0000000000
98300  -37.781  38.958  13.264 0.0000000000
97795  -37.802  37.485  11.600 0.0000000000
96702  -38.747  35.577  10.592 0.0000000000
97253  -38.709  36.632  9.203 0.0000000000
97279  -41.116  36.765  6.003 0.0000000000
96748  -41.126  35.173  5.584 0.0000000000
96181  -41.979  34.625  4.470 0.0000000000
95674  -42.439  33.007  3.177 0.0000000000
96188  -42.797  34.556  3.185 0.0000000000
96212  -42.719  34.282  2.209 0.0000000000
97315  -43.337  35.970  3.018 0.0000000000
93258  -39.999  29.062  25.155 0.0000000000
91729  -39.705  26.784  24.597 0.0000000000
92275  -40.322  27.423  23.499 0.0000000000
91248  -41.112  25.097  23.098 0.0000000000
91732  -41.483  26.605  22.597 0.0000000000
93268  -45.436  29.776  23.447 0.0000000000
91735  -44.563  27.106  22.193 0.0000000000
91741  -46.152  26.642  21.844 0.0000000000
90788  -46.642  25.387  20.965 0.0000000000
92285  -47.160  27.137  21.788 0.0000000000
97742  -40.928  37.293  16.022 0.0000000000
96094  -40.762  35.180  17.762 0.0000000000
96640  -41.798  35.983  16.394 0.0000000000
97244  -46.408  36.684  9.976 0.0000000000
98336  -47.191  38.976  10.904 0.0000000000
133079  -46.718  36.603  10.545 0.0000000000
123462  -47.178  35.729  16.182 0.0000000000
134279  -46.175  35.709  14.923 0.0000000000
96632  -46.459  35.897  17.197 0.0000000000
96092  -45.124  35.098  18.513 0.0000000000
112912  -46.600  35.651  19.438 0.0000000000
96595  -46.952  35.431  21.406 0.0000000000
96071  -47.402  35.317  19.996 0.0000000000
93886  -46.570  30.606  19.105 0.0000000000
93883  -47.072  30.488  19.984 0.0000000000
121417  -47.533  28.231  19.199 0.0000000000
92297  -47.970  27.005  19.637 0.0000000000
92326  -48.194  26.979  17.554 0.0000000000
91791  -48.421  26.200  16.245 0.0000000000
91790  -47.818  26.781  16.085 0.0000000000
127333  -44.684  27.594  16.871 0.0000000000
91780  -45.407  26.599  16.732 0.0000000000
91318  -45.154  26.101  17.290 0.0000000000
90828  -44.599  24.632  18.330 0.0000000000
91292  -43.460  25.599  18.857 0.0000000000
93353  -41.654  28.974  13.493 0.0000000000
93346  -42.016  29.513  14.746 0.0000000000
113933  -41.054  29.493  15.563 0.0000000000
92784  -39.243  28.123  19.047 0.0000000000
92307  -40.965  28.383  18.558 0.0000000000
91756  -40.313  26.839  19.411 0.0000000000
91290  -41.580  25.401  19.514 0.0000000000
117423  -40.088  25.190  19.460 0.0000000000
90352  -39.645  23.358  18.509 0.0000000000
87594  -49.692  17.888  18.817 0.0000000000
89897  -47.537  22.696  13.699 0.0000000000
93415  -40.966  29.797  5.973 0.0000000000
93404  -41.676  29.419  7.109 0.0000000000
92919  -41.859  27.882  4.903 0.0000000000
125693  -42.630  26.317  4.657 0.0000000000
91368  -42.000  25.332  6.032 0.0000000000
130634  -41.504  26.824  7.839 0.0000000000
91875  -40.380  26.253  5.838 0.0000000000
88160  -47.813  19.755  24.597 0.0000000000
112323  -46.365  20.903  25.345 0.0000000000
88771  -44.128  20.692  23.380 0.0000000000
100945  -36.126  43.460  16.189 0.0000000000
97827  -39.334  37.559  8.126 0.0000000000
98390  -42.095  38.355  5.246 0.0000000000
98391  -42.816  38.245  4.541 0.0000000000
93862  -42.516  30.574  23.548 0.0000000000
94437  -45.030  32.070  24.795 0.0000000000
94446  -46.043  31.038  24.154 0.0000000000
119370  -44.035  40.697  13.941 0.0000000000
116356  -47.442  33.066  11.053 0.0000000000
125137  -46.744  35.384  11.708 0.0000000000
96123  -47.426  34.239  13.248 0.0000000000
96112  -47.600  34.876  15.067 0.0000000000
96097  -47.502  35.129  17.169 0.0000000000
126956  -47.526  34.442  18.861 0.0000000000
133229  -46.335  32.984  17.919 0.0000000000
94463  -45.975  31.197  18.499 0.0000000000
93885  -46.106  30.262  18.388 0.0000000000
92823  -46.751  28.061  16.843 0.0000000000
93324  -45.379  29.268  16.965 0.0000000000
93323  -44.579  29.560  16.647 0.0000000000
92820  -43.413  28.960  16.671 0.0000000000
93915  -39.612  30.258  15.504 0.0000000000
115868  -41.257  33.467  22.061 0.0000000000
97221  -42.095  37.056  12.336 0.0000000000
98320  -43.656  39.221  11.630 0.0000000000
114188  -43.129  36.093  11.565 0.0000000000
96143  -44.220  34.486  10.297 0.0000000000
96144  -45.651  34.334  9.270 0.0000000000
93982  -43.799  29.987  7.873 0.0000000000
94545  -46.025  31.296  8.062 0.0000000000
95088  -46.477  32.761  8.931 0.0000000000
94526  -47.435  31.330  10.293 0.0000000000
94524  -45.994  31.145  10.830 0.0000000000
94507  -44.465  31.639  12.127 0.0000000000
94502  -43.129  31.736  13.474 0.0000000000
93957  -43.352  29.945  11.396 0.0000000000
117599  -42.188  28.608  12.118 0.0000000000
93362  -41.004  28.937  12.519 0.0000000000
92382  -41.406  27.541  8.765 0.0000000000
93377  -40.494  29.186  10.791 0.0000000000
87547  -48.053  18.793  23.079 0.0000000000
87566  -48.671  18.238  21.845 0.0000000000
87575  -49.146  18.005  20.461 0.0000000000
132680  -47.986  18.804  19.973 0.0000000000
88801  -47.149  20.570  18.749 0.0000000000
89350  -47.374  21.811  18.584 0.0000000000
127076  -43.447  43.436  21.453 0.0000000000
100402  -41.048  42.901  20.311 0.0000000000
100410  -42.528  43.398  18.933 0.0000000000
100430  -42.678  43.601  16.692 0.0000000000
100960  -42.383  43.703  14.615 0.0000000000
99885  -41.310  42.352  13.119 0.0000000000
99872  -36.892  42.324  14.138 0.0000000000
99333  -37.774  40.820  13.768 0.0000000000
98836  -39.471  39.434  13.445 0.0000000000
98317  -40.617  38.724  13.103 0.0000000000
97219  -40.290  36.408  12.620 0.0000000000
95616  -40.032  33.684  10.266 0.0000000000
95109  -40.116  32.513  7.858 0.0000000000
116357  -39.796  35.314  7.667 0.0000000000
95654  -40.293  33.664  6.615 0.0000000000
95115  -40.463  32.188  6.022 0.0000000000
94571  -41.759  30.950  3.576 0.0000000000
94022  -42.394  30.863  2.286 0.0000000000
95673  -41.219  33.172  2.181 0.0000000000
96210  -41.545  34.659  2.096 0.0000000000
97858  -43.658  37.760  3.395 0.0000000000
89838  -42.567  22.644  23.041 0.0000000000
89849  -43.788  22.545  21.943 0.0000000000
122267  -43.191  27.746  22.411 0.0000000000
123116  -44.377  24.844  21.690 0.0000000000
130663  -45.100  22.873  21.094 0.0000000000
90336  -46.378  23.610  20.430 0.0000000000
90337  -46.881  23.442  19.760 0.0000000000
90830  -47.971  24.487  19.044 0.0000000000
114670  -42.082  33.377  21.036 0.0000000000
99361  -46.074  40.587  11.359 0.0000000000
98852  -46.422  40.405  12.234 0.0000000000
97769  -43.912  38.021  13.889 0.0000000000
97211  -46.338  36.372  12.704 0.0000000000
97201  -44.862  36.811  14.062 0.0000000000
117484  -43.460  36.394  15.588 0.0000000000
96096  -43.782  35.076  17.219 0.0000000000
95551  -43.344  33.973  19.190 0.0000000000
96047  -44.032  34.341  22.336 0.0000000000
96037  -45.815  35.306  23.444 0.0000000000
95510  -46.483  33.660  23.825 0.0000000000
94447  -46.742  31.373  23.402 0.0000000000
122273  -47.351  32.210  20.656 0.0000000000
93880  -47.358  30.277  21.741 0.0000000000
92777  -47.276  28.206  22.258 0.0000000000
91745  -47.662  26.631  20.741 0.0000000000
90822  -48.341  25.311  18.877 0.0000000000
90831  -48.440  24.590  18.056 0.0000000000
121081  -48.858  24.376  15.898 0.0000000000
90849  -48.306  24.370  14.263 0.0000000000
90372  -47.286  23.909  14.518 0.0000000000
91789  -46.957  26.961  15.866 0.0000000000
90839  -46.214  25.442  16.014 0.0000000000
89883  -46.477  23.151  16.013 0.0000000000
89882  -45.878  22.913  17.127 0.0000000000
120538  -44.351  22.927  18.365 0.0000000000
94494  -42.655  30.872  14.701 0.0000000000
93321  -42.269  29.297  16.294 0.0000000000
92808  -42.472  28.399  17.460 0.0000000000
116486  -40.525  29.523  17.257 0.0000000000
126750  -41.547  28.476  18.152 0.0000000000
92309  -42.618  27.610  18.238 0.0000000000
91291  -42.473  25.496  19.330 0.0000000000
90348  -42.399  24.011  19.250 0.0000000000
88809  -48.733  20.384  16.980 0.0000000000
89374  -49.001  21.831  16.714 0.0000000000
89384  -49.253  21.780  15.637 0.0000000000
89884  -48.734  22.817  17.206 0.0000000000
93444  -40.554  29.091  2.388 0.0000000000
92930  -40.143  28.193  2.720 0.0000000000
92929  -39.265  28.127  3.383 0.0000000000
96574  -44.345  35.550  25.472 0.0000000000
111704  -43.553  35.134  24.281 0.0000000000
99349  -42.618  41.499  12.426 0.0000000000
99893  -44.377  42.607  12.493 0.0000000000
118559  -43.694  41.634  12.231 0.0000000000
95054  -44.779  32.602  13.502 0.0000000000
111457  -45.640  33.070  14.144 0.0000000000
95031  -44.042  32.034  15.930 0.0000000000
94531  -40.852  31.683  8.746 0.0000000000
94532  -41.810  31.492  9.209 0.0000000000
93979  -41.063  30.902  8.055 0.0000000000
127042  -44.205  25.144  7.243 0.0000000000
92408  -45.473  26.796  7.782 0.0000000000
92397  -45.112  26.378  8.413 0.0000000000
92387  -45.550  27.239  8.648 0.0000000000
92386  -44.581  26.726  9.025 0.0000000000
92374  -43.842  27.159  9.668 0.0000000000
91844  -43.501  25.937  8.779 0.0000000000
124273  -48.584  18.238  24.630 0.0000000000
88781  -44.967  20.246  22.119 0.0000000000
89338  -45.244  20.624  21.216 0.0000000000
88786  -45.918  20.127  20.771 0.0000000000
127739  -37.240  42.539  16.040 0.0000000000
99862  -37.874  42.014  16.627 0.0000000000
100426  -38.077  42.450  15.622 0.0000000000
100427  -38.960  42.514  15.545 0.0000000000
98873  -37.419  39.276  10.710 0.0000000000
98872  -36.895  39.825  11.203 0.0000000000
132174  -37.498  38.591  11.065 0.0000000000
98331  -37.543  38.212  11.846 0.0000000000
97807  -37.680  37.822  10.871 0.0000000000
97242  -38.361  36.488  10.261 0.0000000000
97820  -38.372  37.310  9.620 0.0000000000
97292  -41.806  36.834  5.206 0.0000000000
96740  -41.482  36.078  5.399 0.0000000000
97305  -42.350  36.149  4.426 0.0000000000
121314  -42.914  35.872  3.468 0.0000000000
96761  -43.038  35.352  3.111 0.0000000000
97306  -42.969  36.561  3.646 0.0000000000
93854  -40.712  30.569  26.097 0.0000000000
93261  -40.353  29.666  24.646 0.0000000000
92764  -40.147  28.220  23.868 0.0000000000
92765  -40.596  28.736  23.618 0.0000000000
92277  -41.082  27.371  22.842 0.0000000000
93269  -46.196  29.580  23.396 0.0000000000
92281  -45.553  28.047  22.621 0.0000000000
92282  -46.332  27.839  22.494 0.0000000000
91737  -46.611  27.240  22.100 0.0000000000
92283  -46.935  27.647  22.277 0.0000000000
98289  -41.893  39.212  15.067 0.0000000000
97748  -41.475  37.687  15.533 0.0000000000
97179  -41.060  36.483  16.401 0.0000000000
97749  -42.261  37.304  15.262 0.0000000000
96706  -46.326  35.860  9.782 0.0000000000
119378  -46.587  36.601  10.227 0.0000000000
96707  -46.563  35.646  10.017 0.0000000000
96646  -47.242  35.773  16.906 0.0000000000
96645  -46.962  36.004  16.647 0.0000000000
119464  -47.136  36.036  18.330 0.0000000000
96622  -46.225  35.599  18.630 0.0000000000
129495  -47.121  35.989  19.005 0.0000000000
96601  -47.080  35.651  20.170 0.0000000000
96611  -47.244  35.759  19.438 0.0000000000
93296  -47.072  28.931  18.746 0.0000000000
93288  -46.989  29.630  19.406 0.0000000000
111435  -47.793  27.510  18.891 0.0000000000
92311  -47.829  27.388  17.865 0.0000000000
92325  -47.888  27.203  16.954 0.0000000000
92812  -47.393  27.732  17.260 0.0000000000
91779  -44.667  26.843  17.266 0.0000000000
91778  -43.893  26.849  17.871 0.0000000000
91771  -44.324  26.129  18.102 0.0000000000
93344  -41.158  29.288  13.886 0.0000000000
93332  -41.114  29.437  14.695 0.0000000000
93926  -40.477  29.785  14.248 0.0000000000
91755  -39.049  26.741  19.383 0.0000000000
92294  -39.741  27.372  19.298 0.0000000000
129354  -39.688  26.428  19.463 0.0000000000
91289  -40.365  25.996  19.540 0.0000000000
91288  -39.595  25.587  19.483 0.0000000000
90816  -39.487  24.643  19.280 0.0000000000
119297  -38.876  25.327  19.435 0.0000000000
88206  -48.530  18.888  18.448 0.0000000000
89903  -48.203  22.453  13.215 0.0000000000
90377  -48.230  23.648  13.773 0.0000000000
93430  -41.544  29.148  4.042 0.0000000000
93416  -41.392  28.960  5.434 0.0000000000
93424  -41.544  28.561  4.479 0.0000000000
91899  -41.352  25.960  3.862 0.0000000000
92440  -42.241  26.240  3.922 0.0000000000
91389  -42.081  25.694  4.445 0.0000000000
127873  -42.595  25.504  5.725 0.0000000000
91367  -41.157  25.808  5.286 0.0000000000
91876  -41.606  25.837  6.244 0.0000000000
112522  -39.864  26.137  5.183 0.0000000000
91873  -38.135  26.401  5.954 0.0000000000
89306  -46.556  21.511  26.481 0.0000000000
89319  -43.494  21.328  23.689 0.0000000000
100414  -36.018  43.145  17.133 0.0000000000
124746  -41.261  38.173  5.819 0.0000000000
132833  -42.153  39.473  5.395 0.0000000000
123125  -41.651  40.570  6.048 0.0000000000
95495  -45.565  33.527  25.563 0.0000000000
134298  -45.223  33.258  25.553 0.0000000000
119250  -45.497  32.738  25.216 0.0000000000
94438  -45.805  31.923  24.671 0.0000000000
94990  -46.085  32.832  25.068 0.0000000000
100947  -44.029  44.272  17.209 0.0000000000
128420  -44.982  41.560  13.827 0.0000000000
95067  -47.299  32.265  11.730 0.0000000000
95611  -47.511  33.134  12.056 0.0000000000
95063  -47.274  32.772  12.522 0.0000000000
95590  -47.097  33.774  15.105 0.0000000000
95591  -47.365  34.142  14.665 0.0000000000
95582  -47.408  34.424  15.528 0.0000000000
95573  -47.347  34.541  16.440 0.0000000000
124565  -47.001  33.719  17.649 0.0000000000
95572  -46.881  33.885  16.841 0.0000000000
95023  -44.927  32.194  17.259 0.0000000000
95024  -45.665  32.565  17.658 0.0000000000
94473  -45.367  31.756  17.940 0.0000000000
124913  -45.353  30.807  17.938 0.0000000000
115123  -45.722  29.787  17.655 0.0000000000
94480  -43.864  31.237  16.165 0.0000000000
116039  -44.247  30.210  16.558 0.0000000000
93322  -43.774  29.639  16.469 0.0000000000
134720  -44.164  29.043  16.549 0.0000000000
96684  -41.650  35.709  12.152 0.0000000000
96685  -42.294  36.258  12.088 0.0000000000
96695  -42.363  35.474  11.776 0.0000000000
95075  -43.072  32.835  10.078 0.0000000000
95620  -43.559  33.732  10.389 0.0000000000
95629  -44.196  33.205  9.612 0.0000000000
118248  -45.131  34.905  9.741 0.0000000000
116249  -44.823  32.731  8.931 0.0000000000
93396  -43.114  29.448  7.614 0.0000000000
124745  -43.456  28.731  7.192 0.0000000000
93996  -46.458  29.268  8.065 0.0000000000
93995  -45.885  29.560  7.670 0.0000000000
93984  -46.295  30.164  8.005 0.0000000000
95101  -46.137  32.149  8.471 0.0000000000
122823  -47.138  31.084  9.198 0.0000000000
95090  -47.516  31.850  9.876 0.0000000000
93972  -46.913  30.085  9.143 0.0000000000
133713  -45.224  29.309  9.840 0.0000000000
113432  -46.020  30.410  10.252 0.0000000000
94515  -45.099  31.406  11.501 0.0000000000
93958  -44.764  30.552  10.902 0.0000000000
94514  -43.972  30.965  11.785 0.0000000000
92866  -42.571  27.652  10.539 0.0000000000
93371  -42.652  28.894  11.476 0.0000000000
92858  -42.188  28.230  11.376 0.0000000000
92850  -41.925  28.453  12.186 0.0000000000
92406  -40.307  27.104  7.110 0.0000000000
92396  -40.709  27.640  7.814 0.0000000000
93386  -38.774  29.320  9.393 0.0000000000
93387  -39.841  29.291  9.767 0.0000000000
88166  -48.149  18.960  23.854 0.0000000000
88165  -47.602  19.386  23.744 0.0000000000
88188  -47.665  18.780  21.512 0.0000000000
87555  -47.961  18.749  22.346 0.0000000000
88196  -48.425  18.448  20.991 0.0000000000
88792  -46.157  20.649  19.961 0.0000000000
88793  -46.696  20.136  19.521 0.0000000000
89864  -47.085  22.656  19.081 0.0000000000
100372  -42.219  43.255  23.351 0.0000000000
100373  -42.862  42.867  23.442 0.0000000000
115730  -43.152  43.195  22.768 0.0000000000
100388  -43.875  43.195  22.147 0.0000000000
100387  -43.026  43.444  22.109 0.0000000000
99832  -36.708  42.167  19.866 0.0000000000
99833  -37.684  42.109  20.113 0.0000000000
99847  -39.846  42.203  18.499 0.0000000000
99840  -40.513  42.540  19.453 0.0000000000
99848  -41.179  42.741  18.929 0.0000000000
100403  -42.193  43.324  19.814 0.0000000000
130639  -42.517  43.366  18.148 0.0000000000
100418  -41.824  43.046  17.218 0.0000000000
111690  -40.135  43.035  14.268 0.0000000000
100438  -41.228  43.237  14.805 0.0000000000
100448  -40.999  43.313  14.033 0.0000000000
100458  -41.034  42.986  13.553 0.0000000000
99884  -40.366  42.365  13.433 0.0000000000
99882  -38.026  41.970  13.820 0.0000000000
98316  -38.248  37.870  12.784 0.0000000000
98835  -38.484  39.311  13.519 0.0000000000
98302  -39.077  38.553  13.319 0.0000000000
98837  -40.366  39.538  13.277 0.0000000000
97768  -39.813  37.929  13.204 0.0000000000
97782  -40.276  37.229  12.959 0.0000000000
97218  -39.424  36.292  12.356 0.0000000000
96715  -39.075  34.944  10.015 0.0000000000
96703  -39.296  34.912  10.858 0.0000000000
125117  -39.446  34.404  9.529 0.0000000000
95082  -40.046  33.102  9.171 0.0000000000
95097  -39.934  33.096  8.426 0.0000000000
97831  -39.722  37.586  7.586 0.0000000000
96732  -39.589  36.186  7.947 0.0000000000
96733  -40.094  36.072  7.120 0.0000000000
96180  -41.206  34.340  5.375 0.0000000000
96175  -40.606  34.405  6.154 0.0000000000
95659  -40.802  33.685  5.786 0.0000000000
131505  -40.419  32.944  6.314 0.0000000000
94570  -41.147  31.120  4.604 0.0000000000
95124  -41.019  32.080  4.959 0.0000000000
117760  -42.629  33.109  2.471 0.0000000000
95136  -42.488  32.284  2.723 0.0000000000
94586  -42.482  31.792  2.010 0.0000000000
94028  -42.235  31.145  1.754 0.0000000000
94585  -41.871  31.681  1.657 0.0000000000
95684  -42.034  33.120  1.649 0.0000000000
96783  -42.635  35.127  2.184 0.0000000000
96211  -42.374  34.467  1.805 0.0000000000
96782  -42.069  35.342  1.885 0.0000000000
96772  -41.111  35.455  2.492 0.0000000000
97323  -42.510  36.121  2.139 0.0000000000
98398  -43.444  38.175  3.918 0.0000000000
114399  -41.560  23.648  23.894 0.0000000000
90771  -41.714  24.487  22.733 0.0000000000
90308  -42.062  23.756  22.766 0.0000000000
90309  -42.558  23.239  22.630 0.0000000000
89839  -43.032  22.566  22.526 0.0000000000
90310  -43.278  23.319  22.134 0.0000000000
93266  -42.952  29.811  22.993 0.0000000000
92772  -42.804  28.336  22.574 0.0000000000
93278  -43.393  29.003  22.717 0.0000000000
91740  -45.162  26.486  21.952 0.0000000000
91739  -44.036  26.242  21.948 0.0000000000
91254  -44.677  25.612  21.757 0.0000000000
90787  -44.723  24.280  21.526 0.0000000000
90327  -45.000  23.629  21.289 0.0000000000
90328  -45.781  23.706  20.898 0.0000000000
124752  -45.745  24.578  21.179 0.0000000000
91270  -47.314  25.622  20.638 0.0000000000
121849  -46.993  24.407  20.203 0.0000000000
90805  -47.468  25.084  20.193 0.0000000000
90349  -47.539  23.637  19.118 0.0000000000
90821  -47.919  25.122  19.708 0.0000000000
114070  -41.220  34.605  18.164 0.0000000000
95539  -41.542  33.537  20.201 0.0000000000
98333  -44.463  38.666  11.199 0.0000000000
121370  -44.639  39.453  11.323 0.0000000000
98334  -45.561  39.305  10.912 0.0000000000
98323  -47.142  39.084  11.235 0.0000000000
98853  -46.907  39.654  11.916 0.0000000000
98321  -45.611  38.984  12.637 0.0000000000
98839  -45.573  39.920  12.853 0.0000000000
97785  -45.076  38.255  13.061 0.0000000000
96675  -47.263  35.005  13.491 0.0000000000
96686  -46.698  35.515  12.570 0.0000000000
96674  -46.739  35.543  13.677 0.0000000000
96658  -45.679  35.791  15.382 0.0000000000
97202  -45.458  36.099  14.492 0.0000000000
97191  -44.803  36.302  14.945 0.0000000000
128718  -44.059  37.136  14.477 0.0000000000
96656  -44.121  35.901  16.037 0.0000000000
96642  -43.517  35.501  16.535 0.0000000000
96643  -44.454  35.486  16.768 0.0000000000
96083  -45.009  34.797  19.505 0.0000000000
96082  -44.176  34.473  18.931 0.0000000000
96067  -44.104  34.173  19.958 0.0000000000
95541  -43.508  33.767  20.718 0.0000000000
96057  -44.873  34.719  21.963 0.0000000000
127010  -44.703  34.788  22.729 0.0000000000
96058  -45.929  35.211  21.824 0.0000000000
96059  -47.166  34.960  21.550 0.0000000000
96050  -46.622  35.104  22.279 0.0000000000
116886  -47.003  33.162  22.387 0.0000000000
116988  -46.676  32.604  23.416 0.0000000000
94450  -47.070  31.996  22.508 0.0000000000
95017  -47.369  33.409  19.124 0.0000000000
95013  -47.384  33.348  20.068 0.0000000000
95014  -47.217  32.368  19.748 0.0000000000
93884  -47.369  29.345  20.241 0.0000000000
93881  -47.303  30.089  20.776 0.0000000000
113179  -47.428  29.391  21.279 0.0000000000
129729  -47.415  29.379  22.115 0.0000000000
92780  -47.460  28.095  21.621 0.0000000000
92286  -47.330  27.592  21.717 0.0000000000
92782  -47.582  27.837  20.894 0.0000000000
91772  -48.461  26.323  18.417 0.0000000000
91761  -48.190  26.479  19.369 0.0000000000
91309  -48.622  25.820  18.163 0.0000000000
90836  -48.744  25.028  17.288 0.0000000000
122791  -48.779  24.414  17.002 0.0000000000
90841  -48.750  25.038  16.349 0.0000000000
91800  -47.923  26.121  15.519 0.0000000000
91334  -48.134  25.585  15.110 0.0000000000
90845  -47.525  25.217  14.789 0.0000000000
124437  -47.736  24.568  14.403 0.0000000000
116956  -47.065  24.688  14.889 0.0000000000
92333  -46.285  27.560  16.417 0.0000000000
91308  -45.574  25.412  16.972 0.0000000000
91319  -45.846  26.102  16.449 0.0000000000
90835  -46.470  24.723  15.648 0.0000000000
90365  -46.190  23.889  16.369 0.0000000000
90364  -45.610  23.849  17.322 0.0000000000
90357  -44.119  23.826  18.666 0.0000000000
125257  -43.601  23.187  18.705 0.0000000000
89871  -43.349  22.472  18.475 0.0000000000
122259  -42.934  22.947  18.785 0.0000000000
94505  -42.843  30.974  13.063 0.0000000000
94501  -42.613  30.924  13.824 0.0000000000
93937  -42.288  29.952  14.297 0.0000000000
93320  -41.649  29.392  16.017 0.0000000000
93334  -42.171  29.551  15.635 0.0000000000
92819  -42.477  28.851  16.866 0.0000000000
93307  -39.782  29.831  17.224 0.0000000000
92295  -40.785  27.570  19.101 0.0000000000
92308  -41.558  27.939  18.602 0.0000000000
92795  -42.170  28.150  18.053 0.0000000000
130936  -42.135  27.600  18.561 0.0000000000
91759  -42.789  26.201  18.992 0.0000000000
91758  -41.926  26.317  19.324 0.0000000000
90818  -41.163  24.575  19.393 0.0000000000
90819  -42.054  24.664  19.455 0.0000000000
90347  -41.604  23.872  19.176 0.0000000000
89869  -41.552  22.405  18.302 0.0000000000
93438  -41.802  28.889  2.797 0.0000000000
92931  -41.798  27.893  3.051 0.0000000000
92452  -41.244  27.826  2.621 0.0000000000
91906  -40.932  26.575  3.238 0.0000000000
91905  -40.090  26.269  3.978 0.0000000000
91891  -39.586  26.167  4.704 0.0000000000
91898  -38.942  26.348  4.534 0.0000000000
96014  -45.458  35.006  25.817 0.0000000000
96024  -45.824  35.050  24.882 0.0000000000
100961  -43.875  44.289  14.790 0.0000000000
100968  -44.170  44.149  13.978 0.0000000000
100469  -46.051  42.789  12.937 0.0000000000
95061  -46.384  32.349  12.372 0.0000000000
95055  -47.104  33.043  13.245 0.0000000000
121279  -46.671  33.113  13.747 0.0000000000
95597  -46.469  33.392  14.659 0.0000000000
95589  -46.321  33.474  15.563 0.0000000000
95580  -46.190  33.416  16.445 0.0000000000
95040  -45.399  33.076  15.976 0.0000000000
95032  -44.728  32.491  16.410 0.0000000000
94481  -44.371  31.766  16.695 0.0000000000
94488  -43.482  31.456  15.562 0.0000000000
95618  -41.459  33.281  10.606 0.0000000000
95610  -41.945  33.764  11.110 0.0000000000
95074  -41.881  32.699  10.182 0.0000000000
95085  -42.442  32.125  9.695 0.0000000000
94533  -42.989  31.610  9.175 0.0000000000
92910  -43.984  27.010  6.561 0.0000000000
112810  -44.356  28.023  7.149 0.0000000000
92911  -44.722  27.013  7.073 0.0000000000
92902  -46.226  27.858  8.029 0.0000000000
92890  -46.482  28.574  8.423 0.0000000000
93389  -46.621  29.177  8.750 0.0000000000
92881  -46.417  28.524  8.694 0.0000000000
121929  -45.348  28.650  9.504 0.0000000000
93378  -44.347  29.046  10.153 0.0000000000
93372  -43.381  29.071  10.815 0.0000000000
92868  -44.167  28.043  9.928 0.0000000000
92373  -43.046  26.927  9.986 0.0000000000
92372  -42.474  27.144  9.933 0.0000000000
92887  -38.796  28.106  7.939 0.0000000000
87549  -48.719  17.433  23.306 0.0000000000
88163  -45.655  19.779  23.284 0.0000000000
88164  -46.675  19.567  23.490 0.0000000000
88176  -46.249  19.423  22.679 0.0000000000
88187  -46.644  19.341  21.175 0.0000000000
89345  -46.157  21.605  19.881 0.0000000000
100386  -40.448  42.985  21.691 0.0000000000
99853  -36.990  42.005  18.076 0.0000000000
99845  -37.623  41.887  18.697 0.0000000000
99854  -37.896  41.781  17.694 0.0000000000
131315  -38.871  41.957  17.850 0.0000000000
99856  -39.681  42.163  17.453 0.0000000000
100417  -40.499  42.483  16.808 0.0000000000
100428  -39.964  42.560  15.736 0.0000000000
100437  -39.461  42.802  14.763 0.0000000000
100447  -39.196  42.853  14.112 0.0000000000
98860  -36.719  39.642  12.187 0.0000000000
131016  -37.220  39.473  13.055 0.0000000000
133907  -37.518  38.888  12.945 0.0000000000
97779  -37.937  37.647  12.265 0.0000000000
97780  -38.509  37.261  12.534 0.0000000000
97232  -39.042  35.980  11.937 0.0000000000
97231  -38.494  36.229  11.362 0.0000000000
96714  -38.758  35.747  9.630 0.0000000000
117192  -39.117  35.111  9.176 0.0000000000
97278  -40.471  36.792  6.723 0.0000000000
96739  -40.742  36.020  6.284 0.0000000000
95660  -41.485  33.739  4.810 0.0000000000
95125  -41.631  32.955  4.206 0.0000000000
95666  -42.305  33.780  3.704 0.0000000000
95675  -42.748  33.732  2.759 0.0000000000
95686  -42.686  33.610  2.234 0.0000000000
119064  -42.473  33.724  1.853 0.0000000000
96198  -42.822  34.198  2.541 0.0000000000
96773  -42.946  35.018  2.685 0.0000000000
97324  -43.070  35.841  2.639 0.0000000000
93848  -41.790  31.613  27.369 0.0000000000
93255  -40.748  29.746  26.780 0.0000000000
132082  -40.054  29.054  25.800 0.0000000000
92756  -39.829  28.379  24.740 0.0000000000
90769  -41.234  24.382  23.524 0.0000000000
128663  -40.733  25.670  23.369 0.0000000000
91251  -41.221  25.844  22.801 0.0000000000
117112  -41.930  25.917  22.392 0.0000000000
134673  -44.646  29.925  23.343 0.0000000000
125804  -44.400  28.837  22.765 0.0000000000
92774  -45.306  28.645  22.830 0.0000000000
91736  -45.657  27.318  22.271 0.0000000000
91255  -45.671  25.902  21.614 0.0000000000
122104  -46.031  25.409  21.339 0.0000000000
91256  -46.503  26.061  21.432 0.0000000000
91257  -47.125  26.126  21.159 0.0000000000
91743  -47.350  26.643  21.279 0.0000000000
97175  -40.408  36.427  16.932 0.0000000000
96639  -41.092  35.704  17.008 0.0000000000
96630  -42.008  35.348  16.911 0.0000000000
97243  -45.368  36.760  10.370 0.0000000000
98335  -46.503  39.058  10.692 0.0000000000
97245  -46.713  37.480  10.364 0.0000000000
97799  -47.104  38.411  10.909 0.0000000000
97223  -46.607  37.383  11.369 0.0000000000
96660  -47.291  35.432  15.437 0.0000000000
96667  -46.827  35.562  14.767 0.0000000000
96659  -46.750  35.772  15.737 0.0000000000
96644  -45.950  35.739  16.291 0.0000000000
112408  -45.417  35.649  16.997 0.0000000000
96631  -44.769  35.281  17.539 0.0000000000
96621  -45.827  35.614  17.794 0.0000000000
130733  -45.780  35.255  19.211 0.0000000000
96084  -45.928  35.146  19.968 0.0000000000
96609  -46.837  35.616  20.336 0.0000000000
96070  -47.187  35.432  20.797 0.0000000000
94461  -46.801  31.456  19.558 0.0000000000
126985  -47.337  28.885  19.494 0.0000000000
93289  -47.535  28.389  20.101 0.0000000000
92786  -47.732  27.639  19.936 0.0000000000
92312  -48.176  26.882  18.504 0.0000000000
119112  -48.387  26.626  17.732 0.0000000000
91781  -48.306  26.711  16.916 0.0000000000
91799  -47.375  26.424  15.497 0.0000000000
92332  -45.278  28.017  16.598 0.0000000000
92324  -45.396  27.231  16.586 0.0000000000
90829  -45.297  24.656  17.579 0.0000000000
91307  -44.920  25.409  17.852 0.0000000000
91306  -44.252  25.311  18.448 0.0000000000
90827  -43.793  24.651  18.850 0.0000000000
93354  -41.967  29.277  13.838 0.0000000000
93345  -41.658  29.280  14.274 0.0000000000
93333  -41.656  29.407  15.152 0.0000000000
92793  -39.610  28.857  18.620 0.0000000000
92794  -40.460  28.890  18.345 0.0000000000
92785  -40.147  28.234  18.896 0.0000000000
91757  -41.030  26.695  19.387 0.0000000000
123086  -41.130  25.959  19.531 0.0000000000
122167  -40.762  25.275  19.505 0.0000000000
90817  -40.336  24.537  19.298 0.0000000000
90353  -40.310  23.232  18.512 0.0000000000
90826  -39.917  23.879  18.910 0.0000000000
90345  -39.080  23.805  18.775 0.0000000000
87585  -49.815  17.481  19.915 0.0000000000
94001  -40.652  30.748  6.596 0.0000000000
93993  -41.367  30.170  7.590 0.0000000000
123137  -41.420  29.257  6.303 0.0000000000
128586  -41.781  28.562  5.784 0.0000000000
92920  -42.409  27.837  5.795 0.0000000000
92925  -41.840  27.671  3.807 0.0000000000
92433  -42.627  26.951  5.019 0.0000000000
92419  -43.086  26.924  5.981 0.0000000000
92420  -43.700  26.111  6.109 0.0000000000
91370  -43.786  25.219  6.722 0.0000000000
91361  -43.467  25.057  7.056 0.0000000000
91854  -42.953  25.503  7.719 0.0000000000
91866  -42.102  26.015  7.244 0.0000000000
91865  -40.998  26.542  6.683 0.0000000000
92418  -39.675  26.599  6.370 0.0000000000
91874  -39.122  26.340  5.759 0.0000000000
91864  -38.541  26.522  6.349 0.0000000000
131431  -48.187  19.628  25.202 0.0000000000
88156  -47.649  20.312  25.449 0.0000000000
88756  -47.093  20.468  24.994 0.0000000000
88755  -46.201  20.420  24.649 0.0000000000
89313  -45.941  21.593  25.986 0.0000000000
88760  -46.091  19.950  23.960 0.0000000000
88772  -44.766  20.046  22.983 0.0000000000
89328  -44.298  20.775  22.528 0.0000000000
100409  -36.293  42.486  18.489 0.0000000000
100415  -36.430  42.529  17.566 0.0000000000
114697  -36.560  42.753  16.589 0.0000000000
100425  -36.619  43.163  15.557 0.0000000000
129463  -38.430  37.988  9.344 0.0000000000
97842  -40.784  37.483  6.328 0.0000000000
97843  -41.386  37.385  5.699 0.0000000000
97849  -42.172  37.620  5.074 0.0000000000
97850  -43.010  37.476  3.948 0.0000000000
117643  -42.521  38.908  4.956 0.0000000000
125824  -44.095  32.294  24.858 0.0000000000
94444  -44.238  31.424  24.233 0.0000000000
93864  -44.922  30.504  23.807 0.0000000000
93865  -45.781  30.380  23.819 0.0000000000
93866  -46.365  30.265  23.620 0.0000000000
99328  -43.183  40.673  14.785 0.0000000000
98826  -43.232  39.703  14.170 0.0000000000
131260  -47.092  33.900  10.443 0.0000000000
96136  -46.767  34.767  10.392 0.0000000000
96137  -47.295  33.910  11.320 0.0000000000
96687  -47.150  34.796  12.509 0.0000000000
95599  -47.280  33.777  13.779 0.0000000000
96118  -47.454  34.557  14.169 0.0000000000
96105  -47.484  35.228  16.075 0.0000000000
117179  -47.589  35.048  18.217 0.0000000000
125283  -47.534  35.217  19.134 0.0000000000
95562  -47.427  34.487  17.682 0.0000000000
95558  -47.397  34.039  18.315 0.0000000000
95025  -46.908  33.112  18.428 0.0000000000
95571  -46.215  33.253  17.265 0.0000000000
95015  -46.168  32.226  18.402 0.0000000000
94464  -46.465  31.555  18.946 0.0000000000
93295  -46.454  29.364  18.169 0.0000000000
92811  -47.028  28.316  17.461 0.0000000000
92810  -46.316  28.817  17.338 0.0000000000
93894  -44.882  30.300  17.098 0.0000000000
92821  -44.929  28.809  16.614 0.0000000000
92331  -44.222  28.358  16.794 0.0000000000
92809  -43.199  28.352  17.176 0.0000000000
93925  -39.667  30.335  14.608 0.0000000000
93924  -38.717  30.780  15.047 0.0000000000
93914  -38.871  30.573  15.875 0.0000000000
93893  -38.915  30.213  17.197 0.0000000000
93292  -39.025  29.428  18.288 0.0000000000
92792  -38.648  28.749  18.739 0.0000000000
126666  -38.948  27.453  19.246 0.0000000000
98319  -42.579  38.823  12.122 0.0000000000
98850  -43.074  39.996  12.032 0.0000000000
97784  -42.766  37.826  11.951 0.0000000000
97797  -43.878  37.727  11.391 0.0000000000
97234  -44.103  36.714  11.144 0.0000000000
121362  -42.759  33.894  11.022 0.0000000000
125476  -43.860  35.896  11.083 0.0000000000
96696  -44.626  36.114  10.601 0.0000000000
96705  -45.560  35.861  9.859 0.0000000000
115099  -45.951  35.123  9.466 0.0000000000
96151  -46.176  34.379  9.273 0.0000000000
93395  -42.087  29.647  7.781 0.0000000000
93981  -42.721  30.085  8.184 0.0000000000
94543  -43.805  31.289  8.581 0.0000000000
93406  -44.166  29.177  7.434 0.0000000000
122219  -44.436  30.654  8.021 0.0000000000
94544  -45.021  31.364  8.197 0.0000000000
95087  -45.721  32.914  8.689 0.0000000000
95631  -46.016  33.705  8.890 0.0000000000
95632  -46.547  33.590  9.246 0.0000000000
95622  -47.201  33.332  9.989 0.0000000000
95076  -47.546  32.176  10.562 0.0000000000
94518  -47.278  31.435  11.087 0.0000000000
120721  -46.857  30.323  9.835 0.0000000000
128964  -46.856  30.746  10.560 0.0000000000
95066  -47.046  31.787  11.793 0.0000000000
94516  -46.220  31.750  11.535 0.0000000000
94508  -45.322  32.043  12.101 0.0000000000
95060  -44.517  32.128  12.695 0.0000000000
95053  -43.869  32.136  13.249 0.0000000000
94506  -43.579  31.516  12.630 0.0000000000
93947  -42.957  30.519  12.322 0.0000000000
93956  -42.525  29.375  12.241 0.0000000000
116151  -42.042  28.857  12.917 0.0000000000
93363  -41.586  28.735  12.766 0.0000000000
93945  -40.621  29.397  12.861 0.0000000000
92383  -42.259  26.661  9.060 0.0000000000
92878  -41.880  27.432  9.913 0.0000000000
92888  -40.284  28.329  8.370 0.0000000000
92877  -41.213  28.166  9.580 0.0000000000
111095  -41.591  28.046  10.585 0.0000000000
88161  -48.379  19.042  24.593 0.0000000000
87548  -48.533  18.136  23.190 0.0000000000
88177  -47.278  19.132  22.918 0.0000000000
87556  -48.644  18.126  22.517 0.0000000000
111170  -49.246  17.653  21.333 0.0000000000
87576  -49.722  17.109  20.781 0.0000000000
87584  -48.897  18.365  19.461 0.0000000000
117505  -48.044  19.060  19.114 0.0000000000
132628  -47.115  19.406  19.939 0.0000000000
131314  -47.379  19.569  19.278 0.0000000000
88794  -47.757  19.770  18.408 0.0000000000
89359  -47.764  21.069  17.967 0.0000000000
122487  -47.901  22.145  18.117 0.0000000000
100395  -40.118  42.692  20.755 0.0000000000
99839  -39.262  42.239  19.323 0.0000000000
130316  -39.908  42.449  19.991 0.0000000000
100396  -41.720  43.239  21.325 0.0000000000
120661  -42.415  43.397  20.712 0.0000000000
128015  -43.701  43.499  20.604 0.0000000000
100405  -44.305  43.146  20.294 0.0000000000
100411  -43.737  43.796  18.704 0.0000000000
100419  -43.242  43.741  17.712 0.0000000000
100946  -43.395  44.034  16.352 0.0000000000
100429  -41.256  42.927  15.962 0.0000000000
100953  -42.379  43.657  15.638 0.0000000000
100967  -42.913  43.788  13.947 0.0000000000
99891  -42.243  42.317  12.745 0.0000000000
99348  -41.666  41.326  12.853 0.0000000000
100445  -37.460  42.676  14.528 0.0000000000
100446  -38.301  42.524  14.154 0.0000000000
100456  -38.844  42.436  13.857 0.0000000000
99334  -38.746  41.419  13.726 0.0000000000
98834  -37.740  39.767  13.570 0.0000000000
121404  -39.127  40.311  13.657 0.0000000000
99335  -39.821  41.383  13.493 0.0000000000
130994  -40.382  40.942  13.379 0.0000000000
99347  -40.894  40.502  13.198 0.0000000000
98318  -41.503  38.762  12.639 0.0000000000
97783  -41.804  37.927  12.444 0.0000000000
97220  -41.387  36.331  12.461 0.0000000000
96683  -40.795  35.640  12.223 0.0000000000
127472  -39.673  35.087  11.458 0.0000000000
96132  -39.987  34.458  11.167 0.0000000000
96133  -40.620  34.015  11.080 0.0000000000
95628  -40.238  33.176  9.897 0.0000000000
95098  -40.308  32.410  8.548 0.0000000000
124358  -40.496  31.580  7.671 0.0000000000
97260  -39.190  36.807  8.432 0.0000000000
96723  -39.007  35.925  8.720 0.0000000000
116816  -39.404  35.279  8.425 0.0000000000
96169  -40.277  35.139  6.719 0.0000000000
96168  -39.858  34.486  7.488 0.0000000000
95646  -39.716  33.773  8.073 0.0000000000
95114  -40.092  32.908  7.164 0.0000000000
94551  -40.221  32.180  7.278 0.0000000000
94009  -40.878  30.388  5.414 0.0000000000
94015  -41.453  30.080  4.108 0.0000000000
95131  -41.788  31.962  3.663 0.0000000000
94577  -42.396  31.313  2.859 0.0000000000
119007  -42.067  29.863  2.513 0.0000000000
115531  -42.111  30.206  1.928 0.0000000000
94026  -40.966  29.868  2.080 0.0000000000
124591  -41.853  33.866  1.755 0.0000000000
97867  -43.518  36.924  3.200 0.0000000000
97316  -43.446  36.605  2.924 0.0000000000
123027  -42.545  22.563  24.563 0.0000000000
89828  -42.454  22.498  23.704 0.0000000000
89315  -42.902  21.890  24.095 0.0000000000
89318  -42.999  21.964  23.193 0.0000000000
122754  -43.449  21.975  22.514 0.0000000000
89336  -44.022  21.630  22.171 0.0000000000
130405  -41.766  28.147  22.714 0.0000000000
92279  -42.451  27.780  22.483 0.0000000000
91252  -42.897  26.013  22.120 0.0000000000
92280  -44.114  27.702  22.443 0.0000000000
90785  -43.513  25.148  21.926 0.0000000000
90786  -43.758  24.171  21.857 0.0000000000
133801  -44.467  22.912  21.447 0.0000000000
89850  -44.506  22.156  21.519 0.0000000000
89343  -45.224  21.903  20.949 0.0000000000
89857  -46.072  22.462  20.267 0.0000000000
90803  -46.469  24.505  20.674 0.0000000000
89873  -47.710  22.833  18.548 0.0000000000
89874  -48.227  22.869  17.937 0.0000000000
95525  -41.323  33.376  21.224 0.0000000000
115790  -42.130  33.565  21.981 0.0000000000
95517  -42.584  33.959  22.968 0.0000000000
99350  -44.043  40.835  11.969 0.0000000000
99895  -46.113  41.787  12.233 0.0000000000
98864  -46.923  39.378  10.927 0.0000000000
99351  -46.436  40.483  11.772 0.0000000000
98840  -46.126  40.993  12.795 0.0000000000
99337  -45.258  40.818  13.324 0.0000000000
98838  -44.272  39.763  13.579 0.0000000000
98291  -43.546  38.802  13.921 0.0000000000
124229  -46.622  36.323  11.331 0.0000000000
97222  -46.079  37.396  12.499 0.0000000000
97203  -46.074  35.851  13.978 0.0000000000
97210  -45.578  36.619  13.485 0.0000000000
97771  -45.254  37.481  13.211 0.0000000000
97770  -44.531  37.702  13.657 0.0000000000
97757  -43.243  37.888  14.352 0.0000000000
97756  -42.589  37.793  14.752 0.0000000000
97189  -42.708  36.595  15.614 0.0000000000
96641  -42.624  35.665  16.441 0.0000000000
96090  -43.021  34.581  17.735 0.0000000000
96091  -44.047  34.817  18.049 0.0000000000
95557  -43.432  34.355  18.468 0.0000000000
95556  -42.653  34.151  18.565 0.0000000000
122368  -43.192  33.715  19.929 0.0000000000
95526  -42.886  33.539  21.359 0.0000000000
96046  -43.461  34.343  23.019 0.0000000000
121128  -44.179  34.674  23.052 0.0000000000
96579  -45.405  35.273  24.289 0.0000000000
129971  -46.024  35.296  24.074 0.0000000000
96049  -46.176  35.307  22.591 0.0000000000
117818  -46.212  35.153  23.309 0.0000000000
95496  -46.265  33.601  24.638 0.0000000000
94994  -46.360  32.826  24.346 0.0000000000
133503  -46.437  30.927  23.826 0.0000000000
93872  -46.813  30.366  23.340 0.0000000000
95552  -47.502  34.396  19.620 0.0000000000
95005  -47.359  33.290  20.855 0.0000000000
117788  -47.137  31.477  20.141 0.0000000000
94457  -47.300  31.478  21.636 0.0000000000
93879  -47.126  30.851  22.625 0.0000000000
93873  -47.220  29.795  22.751 0.0000000000
123092  -46.954  28.497  22.746 0.0000000000
131546  -47.062  27.961  22.418 0.0000000000
120620  -47.473  27.013  21.306 0.0000000000
91760  -47.914  26.654  20.150 0.0000000000
91272  -47.995  26.178  20.068 0.0000000000
91293  -48.127  25.668  19.682 0.0000000000
90359  -48.060  23.696  18.422 0.0000000000
90360  -48.547  23.678  17.593 0.0000000000
90366  -48.903  23.629  16.649 0.0000000000
90369  -49.048  23.604  15.448 0.0000000000
90374  -48.742  23.939  14.362 0.0000000000
91328  -48.548  25.583  15.860 0.0000000000
124158  -48.764  24.409  14.853 0.0000000000
90373  -47.887  24.077  13.963 0.0000000000
92334  -47.241  27.404  16.497 0.0000000000
91788  -46.110  26.798  16.225 0.0000000000
91327  -46.651  26.223  15.576 0.0000000000
90840  -46.842  25.421  15.155 0.0000000000
90368  -46.739  23.983  15.404 0.0000000000
89887  -46.635  22.415  15.401 0.0000000000
129025  -46.166  22.326  16.481 0.0000000000
89372  -45.551  21.885  17.133 0.0000000000
90358  -44.936  23.843  18.133 0.0000000000
89881  -44.967  22.340  17.791 0.0000000000
94495  -43.034  31.710  14.302 0.0000000000
125495  -43.099  31.470  15.008 0.0000000000
94487  -42.929  30.845  15.448 0.0000000000
93927  -42.435  30.090  15.227 0.0000000000
93917  -42.790  30.109  15.967 0.0000000000
114311  -42.982  29.536  16.394 0.0000000000
92322  -42.909  27.895  17.734 0.0000000000
93916  -40.412  29.827  15.090 0.0000000000
93294  -40.697  29.231  17.783 0.0000000000
93308  -41.178  29.221  17.309 0.0000000000
92807  -41.787  28.720  17.491 0.0000000000
92310  -43.225  27.250  18.098 0.0000000000
91770  -43.398  26.524  18.464 0.0000000000
90820  -42.931  24.699  19.267 0.0000000000
89327  -43.663  21.334  22.901 0.0000000000
89373  -48.474  21.129  17.404 0.0000000000
89851  -45.735  22.923  20.728 0.0000000000
89863  -46.538  22.347  19.612 0.0000000000
89872  -45.219  23.161  17.845 0.0000000000
89893  -47.707  23.434  13.822 0.0000000000
89899  -48.406  22.829  13.593 0.0000000000
90300  -42.083  23.216  23.320 0.0000000000
90326  -44.124  23.446  21.649 0.0000000000
90338  -47.474  24.420  19.697 0.0000000000
90773  -42.684  24.146  22.289 0.0000000000
90804  -47.012  25.065  20.496 0.0000000000
90846  -48.207  24.919  14.639 0.0000000000
90847  -48.653  24.995  15.225 0.0000000000
91258  -47.566  26.168  20.723 0.0000000000
91294  -48.391  25.976  19.169 0.0000000000
91353  -43.659  25.277  7.635 0.0000000000
91354  -44.719  25.513  7.621 0.0000000000
91355  -44.966  25.647  7.513 0.0000000000
91360  -42.668  25.425  6.757 0.0000000000
91362  -44.722  25.431  7.250 0.0000000000
91369  -43.042  25.331  6.418 0.0000000000
91371  -44.425  25.254  6.967 0.0000000000
91380  -42.042  25.478  5.094 0.0000000000
91381  -42.563  25.617  5.162 0.0000000000
91382  -43.086  25.541  6.008 0.0000000000
91388  -41.479  25.690  4.564 0.0000000000
91731  -40.642  26.499  23.201 0.0000000000
91733  -42.344  26.693  22.296 0.0000000000
91734  -43.388  27.006  22.152 0.0000000000
91742  -46.921  26.668  21.657 0.0000000000
91769  -42.570  26.988  18.728 0.0000000000
91801  -48.294  25.863  15.628 0.0000000000
91843  -42.878  25.997  8.627 0.0000000000
91845  -44.326  25.998  8.696 0.0000000000
91853  -42.413  26.108  8.209 0.0000000000
91856  -44.788  25.755  8.161 0.0000000000
91857  -45.227  26.053  7.860 0.0000000000
91867  -45.059  25.923  7.429 0.0000000000
91877  -44.230  25.563  6.625 0.0000000000
91893  -43.228  26.021  5.287 0.0000000000
91894  -43.563  25.647  6.263 0.0000000000
91900  -42.526  25.896  4.633 0.0000000000
91907  -41.663  26.587  3.424 0.0000000000
92266  -39.473  27.185  25.133 0.0000000000
92278  -41.925  27.321  22.489 0.0000000000
92288  -47.714  27.143  20.696 0.0000000000
92385  -43.622  26.459  9.296 0.0000000000
92407  -45.074  26.463  7.253 0.0000000000
92421  -44.524  26.205  6.716 0.0000000000
92431  -38.085  26.472  5.055 0.0000000000
92432  -42.394  26.915  4.077 0.0000000000
92437  -38.383  26.753  4.348 0.0000000000
92438  -39.245  26.696  3.841 0.0000000000
92446  -40.693  27.420  2.786 0.0000000000
92447  -41.487  27.317  2.914 0.0000000000
92752  -40.295  28.982  26.472 0.0000000000
92755  -39.825  28.496  25.721 0.0000000000
92757  -40.203  28.937  24.252 0.0000000000
92773  -43.795  28.294  22.608 0.0000000000
92775  -46.111  28.425  22.828 0.0000000000
92776  -46.702  28.194  22.649 0.0000000000
92796  -47.415  28.116  18.174 0.0000000000
92806  -41.145  28.884  17.970 0.0000000000
92849  -41.459  28.591  12.024 0.0000000000
92867  -43.245  27.640  10.310 0.0000000000
92880  -45.954  27.995  8.994 0.0000000000
92889  -46.209  27.866  8.461 0.0000000000
92900  -42.112  28.669  6.511 0.0000000000
92901  -45.491  27.604  7.506 0.0000000000
92937  -41.056  28.454  2.443 0.0000000000
92938  -41.532  28.290  2.726 0.0000000000
93270  -46.824  29.378  23.150 0.0000000000
93277  -42.297  29.032  22.818 0.0000000000
93279  -44.967  29.311  23.027 0.0000000000
93280  -45.810  29.049  23.145 0.0000000000
93281  -47.268  28.909  22.611 0.0000000000
93284  -47.459  28.703  21.863 0.0000000000
93352  -41.124  29.026  13.194 0.0000000000
93388  -46.357  28.902  9.049 0.0000000000
93397  -46.478  28.771  8.103 0.0000000000
93403  -41.048  29.995  6.854 0.0000000000
93405  -42.532  28.976  7.167 0.0000000000
93408  -46.180  28.605  7.752 0.0000000000
93423  -41.173  29.462  4.975 0.0000000000
93431  -41.727  28.532  3.406 0.0000000000
93437  -39.670  28.957  2.882 0.0000000000
93446  -41.665  29.343  2.387 0.0000000000
93847  -41.260  30.602  26.971 0.0000000000
93903  -39.495  30.160  16.428 0.0000000000
93918  -43.336  30.814  15.871 0.0000000000
93965  -47.237  30.815  9.829 0.0000000000
93971  -46.668  29.609  9.181 0.0000000000
93980  -41.762  30.354  8.275 0.0000000000
93983  -45.498  30.541  7.819 0.0000000000
93994  -44.873  29.837  7.628 0.0000000000
94016  -42.207  30.341  2.957 0.0000000000
94027  -41.571  30.651  1.848 0.0000000000
94439  -46.307  31.839  24.258 0.0000000000
94445  -45.374  31.195  24.269 0.0000000000
94459  -47.271  30.982  20.794 0.0000000000
94517  -46.971  31.155  11.152 0.0000000000
94525  -47.192  30.876  10.548 0.0000000000
94534  -47.417  31.372  9.727 0.0000000000
94541  -41.458  30.980  8.678 0.0000000000
94546  -46.542  31.420  8.585 0.0000000000
94556  -40.354  31.691  6.741 0.0000000000
94564  -40.617  31.328  5.789 0.0000000000
94578  -42.522  31.738  2.374 0.0000000000
94592  -42.275  32.048  1.769 0.0000000000
94996  -46.682  33.653  23.010 0.0000000000
95004  -47.274  32.642  21.568 0.0000000000
95046  -43.726  32.329  13.981 0.0000000000
95073  -40.894  32.848  10.062 0.0000000000
95083  -40.537  32.557  9.339 0.0000000000
95086  -43.696  32.316  9.361 0.0000000000
95089  -47.163  31.918  9.387 0.0000000000
95099  -44.442  31.968  8.737 0.0000000000
95100  -45.444  32.127  8.452 0.0000000000
95102  -46.678  31.887  8.912 0.0000000000
95137  -42.562  32.486  2.224 0.0000000000
95142  -41.549  32.387  1.828 0.0000000000
95143  -42.156  32.476  1.654 0.0000000000
95144  -42.500  32.547  1.966 0.0000000000
95516  -41.659  33.695  22.835 0.0000000000
95518  -43.165  33.802  22.251 0.0000000000
95519  -46.529  34.557  23.175 0.0000000000
95527  -43.717  33.932  21.591 0.0000000000
95528  -46.856  34.301  22.319 0.0000000000
95538  -40.572  33.493  20.525 0.0000000000
95540  -42.588  33.535  20.440 0.0000000000
95542  -47.382  34.449  20.641 0.0000000000
95555  -41.728  34.137  18.701 0.0000000000
95603  -47.362  33.419  12.896 0.0000000000
95609  -41.182  33.718  10.985 0.0000000000
95617  -40.599  33.487  10.544 0.0000000000
95621  -44.697  34.045  9.729 0.0000000000
95627  -39.831  33.731  9.714 0.0000000000
95630  -45.244  33.537  9.114 0.0000000000
95633  -47.193  32.656  9.566 0.0000000000
95639  -39.664  33.853  8.913 0.0000000000
95653  -39.943  33.710  7.348 0.0000000000
95685  -42.430  33.048  1.902 0.0000000000
96025  -46.251  34.660  24.229 0.0000000000
96035  -43.901  34.853  23.681 0.0000000000
96036  -44.886  35.063  23.520 0.0000000000
96048  -45.475  35.128  22.713 0.0000000000
96056  -44.394  34.306  21.087 0.0000000000
96068  -45.088  34.735  20.437 0.0000000000
96069  -46.015  35.128  20.855 0.0000000000
96095  -41.549  35.050  17.540 0.0000000000
96104  -42.872  35.040  16.934 0.0000000000
96128  -47.406  33.989  12.310 0.0000000000
96135  -43.403  34.520  10.884 0.0000000000
96141  -39.653  34.273  10.342 0.0000000000
96142  -40.127  33.936  10.719 0.0000000000
96146  -46.620  34.218  9.671 0.0000000000
96159  -39.583  34.551  8.256 0.0000000000
96174  -40.143  34.303  6.856 0.0000000000
96569  -45.155  35.394  25.236 0.0000000000
96587  -46.527  35.293  21.867 0.0000000000
96600  -46.702  35.406  21.213 0.0000000000
96610  -47.063  35.933  19.565 0.0000000000
96623  -46.955  36.068  18.867 0.0000000000
96633  -47.095  36.059  17.503 0.0000000000
96634  -47.381  35.766  17.803 0.0000000000
96655  -43.154  36.034  16.024 0.0000000000
96657  -44.948  35.907  15.740 0.0000000000
96682  -39.779  35.643  12.051 0.0000000000
96692  -39.092  35.508  11.406 0.0000000000
96693  -40.359  35.017  11.748 0.0000000000
96694  -41.374  34.980  11.826 0.0000000000
96697  -46.694  35.730  10.712 0.0000000000
96698  -46.982  34.748  11.497 0.0000000000
96704  -44.285  35.295  10.559 0.0000000000
96749  -41.902  35.471  4.764 0.0000000000
96760  -42.567  35.323  3.880 0.0000000000
97180  -42.420  36.204  16.055 0.0000000000
97188  -41.787  36.743  15.845 0.0000000000
97190  -44.107  36.436  15.318 0.0000000000
97217  -38.759  36.559  12.197 0.0000000000
97230  -37.924  36.952  11.061 0.0000000000
97233  -43.010  36.940  11.758 0.0000000000
97235  -46.821  37.395  10.572 0.0000000000
97268  -39.608  37.002  7.925 0.0000000000
97269  -39.950  36.867  7.407 0.0000000000
97747  -40.827  38.167  15.909 0.0000000000
97750  -43.182  37.051  15.022 0.0000000000
97767  -38.860  37.788  13.057 0.0000000000
97787  -46.650  38.302  11.611 0.0000000000
97796  -38.182  36.991  11.844 0.0000000000
97808  -37.990  37.266  10.336 0.0000000000
97809  -46.277  37.511  10.256 0.0000000000
97810  -46.733  38.256  10.514 0.0000000000
97811  -46.929  38.319  10.689 0.0000000000
97826  -38.806  37.554  8.790 0.0000000000
97868  -43.773  37.359  3.013 0.0000000000
98290  -42.635  38.719  14.512 0.0000000000
98301  -38.319  38.424  13.180 0.0000000000
98303  -39.846  38.800  13.290 0.0000000000
98304  -44.560  38.781  13.348 0.0000000000
98314  -37.313  38.911  12.437 0.0000000000
98315  -37.761  38.367  12.750 0.0000000000
98322  -46.607  38.930  12.073 0.0000000000
98332  -43.413  38.445  11.660 0.0000000000
98345  -37.733  38.615  10.312 0.0000000000
98347  -45.655  38.390  10.610 0.0000000000
98348  -47.018  38.842  10.716 0.0000000000
98825  -42.536  39.676  14.721 0.0000000000
98848  -41.207  39.565  12.955 0.0000000000
98849  -42.038  39.663  12.502 0.0000000000
98851  -44.263  40.051  11.619 0.0000000000
98862  -45.428  40.029  11.313 0.0000000000
98863  -46.087  39.837  10.765 0.0000000000
98865  -46.869  39.487  11.238 0.0000000000
99329  -46.058  41.933  13.351 0.0000000000
99336  -40.735  41.537  13.222 0.0000000000
99338  -46.238  41.391  12.568 0.0000000000
99362  -46.396  40.037  11.324 0.0000000000
99837  -37.392  42.010  19.429 0.0000000000
99838  -38.196  42.013  19.399 0.0000000000
99855  -38.649  41.932  17.065 0.0000000000
99864  -39.359  42.226  16.484 0.0000000000
99873  -37.570  42.322  14.075 0.0000000000
99883  -39.485  42.337  13.661 0.0000000000
99887  -46.164  42.419  13.119 0.0000000000
99892  -43.116  42.247  12.466 0.0000000000
99894  -45.736  42.334  12.357 0.0000000000
99904  -46.187  40.899  11.604 0.0000000000
100404  -43.750  43.571  19.621 0.0000000000
100449  -41.820  43.419  13.817 0.0000000000
100459  -42.153  43.124  13.230 0.0000000000
100460  -44.305  43.555  13.187 0.0000000000
100467  -43.149  43.003  12.778 0.0000000000
100942  -44.469  44.184  17.579 0.0000000000
100954  -43.528  44.155  15.640 0.0000000000
111743  -40.906  28.668  10.252 0.0000000000
112296  -46.828  32.713  13.024 0.0000000000
112424  -45.392  32.448  12.745 0.0000000000
112521  -46.764  36.032  18.052 0.0000000000
114417  -46.615  29.737  18.811 0.0000000000
114721  -45.089  29.811  10.215 0.0000000000
114852  -48.548  26.239  17.382 0.0000000000
115085  -40.370  28.732  9.333 0.0000000000
115353  -41.141  37.121  12.752 0.0000000000
115429  -43.231  35.295  11.267 0.0000000000
115987  -39.599  27.871  25.193 0.0000000000
116230  -42.368  34.547  11.421 0.0000000000
118470  -49.213  22.605  15.600 0.0000000000
118653  -43.717  35.422  24.869 0.0000000000
118826  -41.621  25.291  22.618 0.0000000000
119834  -39.259  29.781  17.724 0.0000000000
119988  -40.860  37.937  12.905 0.0000000000
120412  -42.639  27.316  22.332 0.0000000000
120617  -46.688  30.584  8.553 0.0000000000
120853  -38.467  29.789  10.123 0.0000000000
121133  -41.645  40.322  12.827 0.0000000000
121169  -40.273  29.679  25.749 0.0000000000
121456  -42.295  34.889  17.418 0.0000000000
121925  -48.637  25.308  17.911 0.0000000000
123003  -41.677  23.880  23.191 0.0000000000
123478  -46.371  39.649  12.276 0.0000000000
123709  -44.714  28.214  22.642 0.0000000000
123905  -41.646  38.948  5.618 0.0000000000
123906  -40.878  38.993  6.336 0.0000000000
123929  -40.025  40.336  13.445 0.0000000000
124467  -43.398  25.595  8.209 0.0000000000
124482  -47.262  34.386  17.149 0.0000000000
124493  -42.577  33.036  2.156 0.0000000000
125321  -40.469  37.032  16.494 0.0000000000
125523  -43.532  28.368  10.450 0.0000000000
125538  -40.705  34.505  11.483 0.0000000000
125581  -41.586  29.890  2.031 0.0000000000
126641  -43.564  42.663  22.681 0.0000000000
127465  -40.120  26.805  3.389 0.0000000000
127842  -39.912  33.162  7.813 0.0000000000
129182  -38.324  40.248  13.726 0.0000000000
129616  -43.455  30.592  8.298 0.0000000000
130044  -43.086  40.908  12.159 0.0000000000
130451  -48.500  24.706  14.665 0.0000000000
131488  -44.938  27.706  22.465 0.0000000000
131496  -47.043  35.631  20.811 0.0000000000
131676  -44.688  38.078  10.978 0.0000000000
133280  -48.172  19.527  18.043 0.0000000000
133635  -41.737  28.125  11.063 0.0000000000
133814  -39.363  42.737  13.879 0.0000000000
134144  -42.983  26.319  5.395 0.0000000000
134297  -44.241  34.299  21.737 0.0000000000
134436  -46.561  29.148  8.358 0.0000000000
134710  -40.267  32.358  6.749 0.0000000000
