#!ascii label  , from subject bert vox2ras=TkReg
1402
82970  -35.101  10.924  25.775 0.0000000000
77708  -42.190  4.116  10.076 0.0000000000
86937  -45.190  17.055  22.191 0.0000000000
80002  -42.074  8.302  19.430 0.0000000000
76018  -45.788  2.864  22.872 0.0000000000
83709  -36.013  12.650  14.656 0.0000000000
86454  -43.590  16.940  8.717 0.0000000000
114252  -41.415  21.430  16.935 0.0000000000
75126  -40.285  0.902  30.043 0.0000000000
80763  -36.737  8.822  21.340 0.0000000000
80845  -38.464  8.472  16.470 0.0000000000
114445  -35.630  12.746  20.423 0.0000000000
86962  -50.008  16.630  20.230 0.0000000000
86388  -45.091  15.919  15.182 0.0000000000
87025  -49.064  17.842  11.723 0.0000000000
87639  -42.664  19.052  12.563 0.0000000000
89887  -46.635  22.415  15.401 0.0000000000
79330  -41.363  6.357  7.813 0.0000000000
82954  -40.700  11.271  28.234 0.0000000000
85627  -39.536  15.717  24.563 0.0000000000
80823  -47.727  9.006  18.708 0.0000000000
79207  -43.649  7.332  21.697 0.0000000000
78427  -38.899  5.649  22.781 0.0000000000
74359  -40.088  1.065  24.968 0.0000000000
81657  -41.598  9.057  11.772 0.0000000000
83049  -40.369  12.078  8.848 0.0000000000
85671  -40.455  15.648  18.394 0.0000000000
86417  -38.526  16.392  12.226 0.0000000000
85788  -37.821  16.089  6.220 0.0000000000
87679  -37.574  19.327  8.493 0.0000000000
87638  -38.146  18.731  13.360 0.0000000000
81582  -35.404  9.535  23.065 0.0000000000
82295  -35.150  10.267  20.832 0.0000000000
83670  -35.050  12.507  23.004 0.0000000000
88206  -48.530  18.888  18.448 0.0000000000
86992  -50.248  16.895  16.169 0.0000000000
88846  -49.288  20.243  14.189 0.0000000000
88851  -47.885  20.668  12.504 0.0000000000
78551  -41.710  5.119  8.603 0.0000000000
82947  -43.133  11.220  29.339 0.0000000000
84346  -42.121  13.965  29.062 0.0000000000
77598  -44.477  4.953  21.506 0.0000000000
79200  -41.167  6.346  22.299 0.0000000000
76821  -41.761  3.669  22.520 0.0000000000
74336  -39.894  0.397  27.226 0.0000000000
78399  -38.580  4.986  27.050 0.0000000000
79160  -39.716  6.558  27.547 0.0000000000
79951  -37.415  7.022  28.389 0.0000000000
117931  -42.415  6.089  16.961 0.0000000000
82327  -36.889  10.190  15.330 0.0000000000
80861  -39.924  8.747  14.445 0.0000000000
82343  -38.420  10.440  13.336 0.0000000000
119444  -40.746  10.319  10.947 0.0000000000
83033  -37.836  11.818  11.732 0.0000000000
133644  -42.476  16.520  23.817 0.0000000000
85645  -39.577  15.944  21.240 0.0000000000
86330  -42.309  16.946  20.268 0.0000000000
113577  -44.729  15.203  11.867 0.0000000000
128263  -42.849  15.453  14.212 0.0000000000
86430  -41.329  16.815  11.159 0.0000000000
86452  -37.781  16.700  9.157 0.0000000000
87048  -39.028  17.831  7.936 0.0000000000
87067  -37.262  17.471  6.742 0.0000000000
88291  -41.243  19.012  8.032 0.0000000000
88842  -41.743  20.335  14.770 0.0000000000
112905  -40.151  19.865  12.890 0.0000000000
88828  -39.881  20.909  14.937 0.0000000000
88222  -38.153  19.314  15.546 0.0000000000
89377  -39.266  21.229  16.379 0.0000000000
127054  -39.904  8.562  20.382 0.0000000000
80027  -39.933  7.611  17.486 0.0000000000
80817  -36.869  8.713  19.004 0.0000000000
120328  -35.438  10.418  18.198 0.0000000000
116980  -35.617  12.439  17.471 0.0000000000
86331  -47.982  16.265  21.218 0.0000000000
118514  -45.183  17.369  19.116 0.0000000000
120446  -47.961  16.232  17.594 0.0000000000
85723  -48.158  15.530  13.362 0.0000000000
133056  -46.093  15.803  11.082 0.0000000000
87666  -43.857  17.918  10.225 0.0000000000
87642  -46.136  18.108  13.184 0.0000000000
88226  -45.439  19.666  15.280 0.0000000000
89381  -44.975  21.005  16.928 0.0000000000
80910  -40.701  8.444  7.195 0.0000000000
82962  -37.723  11.383  27.545 0.0000000000
84361  -37.004  13.767  25.828 0.0000000000
84993  -38.859  14.346  27.280 0.0000000000
86266  -41.615  16.321  26.161 0.0000000000
111582  -44.524  16.482  25.183 0.0000000000
113905  -47.120  16.451  27.368 0.0000000000
86297  -47.516  16.445  23.812 0.0000000000
80005  -44.776  8.751  19.428 0.0000000000
80786  -45.293  9.221  21.031 0.0000000000
80784  -42.755  9.073  21.111 0.0000000000
80760  -40.189  8.487  22.124 0.0000000000
79973  -38.209  8.049  22.501 0.0000000000
75988  -45.589  2.345  25.547 0.0000000000
74331  -43.330  0.910  28.476 0.0000000000
74349  -43.070  0.805  26.780 0.0000000000
75202  -42.921  1.551  23.782 0.0000000000
124285  -39.331  2.865  23.296 0.0000000000
80741  -36.798  8.556  26.481 0.0000000000
119893  -42.792  4.248  12.773 0.0000000000
124325  -40.738  7.568  15.816 0.0000000000
80067  -42.246  7.289  13.756 0.0000000000
79313  -42.445  6.906  11.245 0.0000000000
128301  -42.601  8.318  9.447 0.0000000000
81685  -42.383  10.114  7.810 0.0000000000
83069  -40.976  12.183  6.582 0.0000000000
85012  -37.217  14.615  22.310 0.0000000000
85039  -37.599  14.543  19.254 0.0000000000
85056  -37.484  14.850  16.515 0.0000000000
85681  -42.131  15.749  16.902 0.0000000000
85688  -39.559  15.385  15.793 0.0000000000
85730  -36.712  14.984  13.536 0.0000000000
84433  -37.088  14.160  11.034 0.0000000000
84447  -39.105  14.180  6.907 0.0000000000
83771  -39.160  13.166  5.561 0.0000000000
88265  -40.891  19.615  10.557 0.0000000000
87663  -37.041  18.519  11.071 0.0000000000
87019  -34.993  18.244  12.031 0.0000000000
87624  -34.557  18.337  13.657 0.0000000000
111737  -34.659  18.311  16.115 0.0000000000
81575  -34.811  10.206  24.804 0.0000000000
122948  -34.540  10.957  22.891 0.0000000000
82972  -34.716  11.470  24.627 0.0000000000
128931  -49.040  19.898  16.406 0.0000000000
88836  -49.155  21.240  14.703 0.0000000000
77718  -41.792  4.246  9.074 0.0000000000
76836  -44.974  4.089  21.794 0.0000000000
77592  -43.094  4.246  21.930 0.0000000000
76016  -44.067  2.742  22.606 0.0000000000
78398  -37.334  5.004  27.178 0.0000000000
79158  -38.314  6.211  27.879 0.0000000000
80016  -43.466  7.495  18.829 0.0000000000
79233  -42.086  7.010  18.222 0.0000000000
83017  -36.251  11.375  15.076 0.0000000000
82335  -37.940  10.196  14.013 0.0000000000
82342  -37.426  11.003  13.664 0.0000000000
83029  -38.273  11.217  12.166 0.0000000000
83717  -36.614  12.691  13.251 0.0000000000
86303  -43.549  16.808  22.678 0.0000000000
86302  -42.155  16.680  22.069 0.0000000000
86947  -43.933  17.312  21.344 0.0000000000
86433  -44.249  15.919  10.037 0.0000000000
86421  -43.085  16.058  11.341 0.0000000000
86443  -42.733  16.710  9.448 0.0000000000
87040  -41.047  17.358  9.395 0.0000000000
87050  -41.520  17.769  8.357 0.0000000000
87071  -39.965  18.926  7.373 0.0000000000
129577  -42.795  17.788  7.891 0.0000000000
88817  -41.723  20.747  15.832 0.0000000000
88841  -41.088  20.719  14.455 0.0000000000
89387  -40.796  21.182  15.649 0.0000000000
88815  -39.591  21.022  15.701 0.0000000000
115813  -40.821  21.444  16.357 0.0000000000
80780  -38.440  8.458  20.696 0.0000000000
80800  -38.307  8.279  19.499 0.0000000000
80778  -36.725  8.793  20.456 0.0000000000
82990  -35.077  11.584  20.125 0.0000000000
82308  -35.296  10.359  19.074 0.0000000000
82996  -35.216  11.703  19.327 0.0000000000
83005  -35.439  11.515  17.310 0.0000000000
84390  -36.015  12.963  18.892 0.0000000000
86333  -49.467  16.121  20.692 0.0000000000
86356  -48.000  16.105  19.586 0.0000000000
86358  -49.618  16.043  18.887 0.0000000000
87003  -49.967  17.267  13.702 0.0000000000
86400  -49.506  15.973  14.712 0.0000000000
86410  -49.183  15.913  12.421 0.0000000000
119338  -47.263  15.091  11.819 0.0000000000
114678  -47.514  15.763  11.345 0.0000000000
87021  -46.363  16.530  11.507 0.0000000000
87655  -47.726  17.630  11.696 0.0000000000
88843  -47.251  21.236  13.675 0.0000000000
131458  -46.800  19.710  13.598 0.0000000000
88835  -46.650  21.023  14.861 0.0000000000
88821  -45.455  20.616  16.298 0.0000000000
89382  -46.079  21.453  16.328 0.0000000000
80105  -41.213  7.790  7.212 0.0000000000
82952  -39.170  11.845  28.010 0.0000000000
83654  -38.597  12.676  27.787 0.0000000000
84343  -39.985  13.038  28.306 0.0000000000
85602  -42.596  15.839  28.443 0.0000000000
85601  -41.722  15.573  28.194 0.0000000000
86255  -42.780  16.571  27.008 0.0000000000
86267  -42.477  16.537  26.078 0.0000000000
113575  -44.683  16.572  26.743 0.0000000000
131568  -47.596  17.337  27.956 0.0000000000
86278  -47.113  16.229  25.585 0.0000000000
86928  -48.504  17.535  25.031 0.0000000000
126983  -48.608  16.891  23.405 0.0000000000
87545  -48.548  18.257  23.939 0.0000000000
79237  -45.824  7.491  18.374 0.0000000000
80821  -46.029  9.030  18.981 0.0000000000
125808  -45.439  8.260  21.453 0.0000000000
79984  -43.925  8.204  21.604 0.0000000000
133463  -43.977  9.168  21.275 0.0000000000
80769  -42.691  8.687  21.525 0.0000000000
80768  -41.886  8.803  21.471 0.0000000000
79977  -41.747  7.910  22.271 0.0000000000
78429  -40.354  5.788  22.400 0.0000000000
79198  -39.461  7.095  22.590 0.0000000000
79197  -38.693  6.534  22.806 0.0000000000
118147  -41.657  0.608  29.282 0.0000000000
74338  -41.547  0.457  27.046 0.0000000000
74354  -41.358  0.688  25.433 0.0000000000
75182  -42.940  0.983  25.383 0.0000000000
75192  -41.409  1.228  24.251 0.0000000000
76003  -41.553  2.150  23.130 0.0000000000
75199  -40.186  1.812  23.659 0.0000000000
80734  -38.364  8.611  27.099 0.0000000000
80743  -38.935  7.609  26.815 0.0000000000
76898  -43.224  3.805  13.089 0.0000000000
80834  -38.519  8.232  17.197 0.0000000000
80040  -40.241  7.657  16.495 0.0000000000
80846  -39.611  8.138  16.063 0.0000000000
80872  -40.959  8.721  13.325 0.0000000000
80863  -41.297  8.343  13.646 0.0000000000
80874  -42.107  8.062  12.709 0.0000000000
79305  -42.467  7.106  12.131 0.0000000000
80089  -42.525  7.800  11.451 0.0000000000
123329  -42.522  7.426  10.590 0.0000000000
80893  -42.478  8.674  10.645 0.0000000000
83041  -39.832  11.618  9.962 0.0000000000
82375  -41.862  10.319  9.297 0.0000000000
83050  -41.231  11.759  8.186 0.0000000000
82388  -41.708  11.303  6.902 0.0000000000
83061  -40.835  12.468  7.629 0.0000000000
85003  -38.244  14.873  25.646 0.0000000000
116099  -36.783  14.095  23.932 0.0000000000
85009  -38.059  14.984  23.789 0.0000000000
85663  -40.192  15.923  19.864 0.0000000000
85654  -38.572  15.260  20.438 0.0000000000
85040  -38.327  14.985  18.881 0.0000000000
85048  -37.729  14.696  17.882 0.0000000000
85049  -38.293  15.083  17.469 0.0000000000
86368  -45.543  16.753  16.927 0.0000000000
86355  -43.433  16.919  18.152 0.0000000000
86377  -43.867  16.131  16.310 0.0000000000
85733  -40.742  16.056  13.810 0.0000000000
112403  -41.395  15.488  15.138 0.0000000000
121088  -39.137  15.800  14.317 0.0000000000
85714  -38.264  15.640  14.602 0.0000000000
114354  -37.392  15.543  13.234 0.0000000000
85085  -37.009  14.645  11.870 0.0000000000
86416  -37.870  16.177  12.027 0.0000000000
127570  -37.800  15.743  7.227 0.0000000000
85096  -37.496  15.058  8.698 0.0000000000
84453  -38.715  14.713  6.142 0.0000000000
84454  -39.275  14.030  5.969 0.0000000000
85108  -38.576  14.291  5.773 0.0000000000
83769  -37.483  13.349  5.942 0.0000000000
85112  -37.203  14.997  5.597 0.0000000000
87686  -37.768  19.237  7.466 0.0000000000
86459  -36.482  17.159  7.022 0.0000000000
87665  -42.886  18.801  11.174 0.0000000000
88276  -42.455  19.244  9.610 0.0000000000
88259  -42.122  19.403  11.899 0.0000000000
115349  -39.488  19.460  12.898 0.0000000000
88255  -38.994  19.036  12.118 0.0000000000
87652  -37.259  18.513  11.768 0.0000000000
87651  -36.287  18.408  11.546 0.0000000000
130503  -35.854  18.431  12.088 0.0000000000
87634  -34.810  18.285  12.792 0.0000000000
87625  -36.222  18.407  13.682 0.0000000000
87602  -37.702  19.362  16.368 0.0000000000
87611  -36.326  18.375  15.532 0.0000000000
128112  -36.238  18.688  16.992 0.0000000000
131973  -34.994  18.398  16.800 0.0000000000
81583  -36.086  9.185  22.636 0.0000000000
81590  -36.124  9.217  20.867 0.0000000000
82289  -35.031  10.193  21.714 0.0000000000
82978  -34.695  11.478  21.721 0.0000000000
83674  -35.209  12.663  22.051 0.0000000000
86986  -50.239  16.694  17.807 0.0000000000
87603  -49.581  18.203  17.274 0.0000000000
114079  -49.900  17.873  15.632 0.0000000000
87631  -49.526  18.446  13.136 0.0000000000
87645  -48.623  18.955  11.739 0.0000000000
88852  -48.528  20.858  12.640 0.0000000000
89396  -48.106  22.062  13.018 0.0000000000
79324  -41.721  5.918  8.024 0.0000000000
83650  -42.654  11.316  28.920 0.0000000000
84345  -41.498  12.684  28.810 0.0000000000
84338  -42.868  13.039  29.345 0.0000000000
123725  -44.115  6.753  21.592 0.0000000000
79201  -42.102  6.840  22.253 0.0000000000
78431  -42.491  5.766  22.028 0.0000000000
133283  -41.864  5.226  22.261 0.0000000000
77589  -40.368  4.678  22.442 0.0000000000
74328  -40.343  0.395  28.540 0.0000000000
75164  -38.392  0.945  26.826 0.0000000000
78407  -38.976  5.472  26.616 0.0000000000
79174  -39.611  6.329  27.133 0.0000000000
79168  -39.537  5.824  27.223 0.0000000000
79159  -39.278  6.206  27.720 0.0000000000
81632  -37.457  9.545  15.493 0.0000000000
81633  -38.366  9.163  15.186 0.0000000000
81639  -37.965  9.679  14.747 0.0000000000
81648  -39.375  9.600  13.653 0.0000000000
81655  -40.009  9.674  12.860 0.0000000000
82360  -41.205  9.679  11.378 0.0000000000
82350  -39.490  10.268  12.283 0.0000000000
83035  -39.379  11.192  10.919 0.0000000000
83040  -38.908  11.843  10.456 0.0000000000
86282  -40.980  16.323  24.516 0.0000000000
85636  -39.228  15.717  22.724 0.0000000000
86300  -40.854  16.391  22.458 0.0000000000
86328  -40.744  16.343  20.657 0.0000000000
86341  -41.431  16.344  19.122 0.0000000000
85720  -44.813  15.269  13.385 0.0000000000
85705  -43.610  15.462  14.807 0.0000000000
114195  -43.962  15.352  12.517 0.0000000000
85747  -42.457  16.042  12.572 0.0000000000
86419  -40.753  16.676  12.176 0.0000000000
86427  -38.031  16.547  11.374 0.0000000000
86441  -39.479  17.005  10.555 0.0000000000
87038  -38.961  17.263  9.360 0.0000000000
87058  -38.393  17.816  6.973 0.0000000000
86466  -37.484  16.679  6.616 0.0000000000
87069  -38.549  18.647  6.892 0.0000000000
87694  -38.830  19.199  6.967 0.0000000000
88280  -38.869  19.670  8.036 0.0000000000
88235  -42.371  19.783  14.332 0.0000000000
88247  -41.707  19.842  12.882 0.0000000000
88850  -40.895  20.512  13.714 0.0000000000
88233  -40.301  20.492  13.853 0.0000000000
88231  -39.266  19.985  14.241 0.0000000000
87626  -37.558  18.525  13.969 0.0000000000
87620  -38.787  19.804  14.965 0.0000000000
88215  -38.519  20.002  15.817 0.0000000000
88805  -38.641  20.941  16.854 0.0000000000
132632  -40.949  8.363  19.659 0.0000000000
80013  -40.504  7.608  18.350 0.0000000000
80801  -38.995  8.224  19.023 0.0000000000
111954  -38.743  8.091  18.086 0.0000000000
117995  -37.913  8.377  17.854 0.0000000000
81596  -36.160  9.256  20.021 0.0000000000
81613  -36.380  9.189  18.366 0.0000000000
81618  -36.649  9.198  17.489 0.0000000000
82320  -35.988  10.586  16.354 0.0000000000
82325  -35.784  11.494  15.909 0.0000000000
134024  -35.748  13.175  16.017 0.0000000000
86949  -46.807  16.654  21.386 0.0000000000
86958  -45.174  17.311  20.635 0.0000000000
86970  -46.984  16.658  19.833 0.0000000000
86979  -46.892  16.745  18.802 0.0000000000
123983  -46.794  16.339  15.957 0.0000000000
86381  -49.644  15.944  17.067 0.0000000000
129494  -48.605  16.018  16.058 0.0000000000
85708  -46.564  15.667  14.327 0.0000000000
85738  -46.358  15.024  12.159 0.0000000000
111339  -45.365  15.485  11.054 0.0000000000
86446  -44.808  15.978  10.114 0.0000000000
130080  -43.588  17.661  8.440 0.0000000000
87032  -45.182  16.245  10.405 0.0000000000
128516  -44.257  17.590  11.950 0.0000000000
125874  -44.049  18.302  13.521 0.0000000000
88249  -47.522  19.719  12.526 0.0000000000
87629  -45.575  18.618  14.151 0.0000000000
87628  -44.288  18.649  14.243 0.0000000000
88225  -44.011  19.533  15.527 0.0000000000
130619  -43.247  20.463  16.532 0.0000000000
89370  -43.318  21.214  17.540 0.0000000000
82967  -36.297  11.206  26.776 0.0000000000
83657  -35.964  12.549  25.918 0.0000000000
83659  -37.076  12.630  26.966 0.0000000000
84997  -37.725  14.270  26.212 0.0000000000
85617  -39.044  15.261  25.975 0.0000000000
84985  -40.732  14.401  28.326 0.0000000000
85610  -39.966  15.353  27.041 0.0000000000
85624  -40.411  15.917  25.716 0.0000000000
86283  -41.743  16.412  24.905 0.0000000000
111760  -43.462  16.521  24.838 0.0000000000
86285  -44.451  16.525  24.323 0.0000000000
114046  -45.904  16.426  27.832 0.0000000000
86269  -45.615  16.405  26.373 0.0000000000
111581  -46.429  16.271  25.192 0.0000000000
86296  -45.963  16.503  23.602 0.0000000000
86307  -48.359  16.418  22.292 0.0000000000
119108  -49.006  16.484  21.870 0.0000000000
86950  -49.444  16.827  21.403 0.0000000000
79236  -45.134  7.210  18.457 0.0000000000
80003  -42.983  8.476  19.656 0.0000000000
80773  -46.517  8.755  21.020 0.0000000000
81599  -46.294  9.403  20.223 0.0000000000
119239  -45.144  9.265  19.935 0.0000000000
133145  -43.579  9.033  20.193 0.0000000000
80804  -42.388  8.840  20.298 0.0000000000
80783  -41.204  9.002  21.006 0.0000000000
80782  -40.363  8.821  21.079 0.0000000000
80766  -39.075  8.559  21.661 0.0000000000
122714  -41.253  7.270  22.365 0.0000000000
80759  -39.469  8.412  22.171 0.0000000000
80757  -37.681  8.389  22.297 0.0000000000
134064  -36.542  8.804  22.969 0.0000000000
75157  -44.627  1.648  28.359 0.0000000000
130293  -41.768  0.434  27.905 0.0000000000
74340  -43.232  0.816  27.632 0.0000000000
75166  -44.511  1.591  27.442 0.0000000000
75184  -44.299  1.675  25.531 0.0000000000
75195  -44.154  1.653  24.577 0.0000000000
76006  -44.396  2.161  23.165 0.0000000000
126342  -42.825  2.568  22.713 0.0000000000
76013  -41.154  2.901  22.737 0.0000000000
77588  -39.455  4.357  22.719 0.0000000000
133490  -35.959  9.747  26.508 0.0000000000
81566  -37.223  9.854  27.201 0.0000000000
82271  -38.077  10.294  27.477 0.0000000000
82273  -40.204  9.892  27.699 0.0000000000
82266  -41.450  10.410  28.203 0.0000000000
111966  -44.312  2.904  11.701 0.0000000000
76922  -43.444  3.192  11.657 0.0000000000
77697  -42.446  3.958  11.025 0.0000000000
80029  -41.429  6.976  17.400 0.0000000000
79260  -41.748  6.653  16.466 0.0000000000
80855  -40.460  8.294  14.769 0.0000000000
80066  -41.716  7.406  14.547 0.0000000000
125583  -42.553  6.178  14.426 0.0000000000
128784  -42.521  6.204  13.267 0.0000000000
78539  -42.424  5.487  11.892 0.0000000000
78547  -42.259  4.817  11.020 0.0000000000
79319  -42.246  6.521  10.202 0.0000000000
119733  -42.053  6.157  8.942 0.0000000000
80107  -42.437  7.892  8.300 0.0000000000
81670  -42.098  9.636  9.834 0.0000000000
81686  -42.484  9.466  8.393 0.0000000000
80919  -42.194  8.714  7.058 0.0000000000
80918  -41.989  8.958  6.795 0.0000000000
81690  -40.826  10.307  6.775 0.0000000000
130248  -40.378  10.944  6.739 0.0000000000
84363  -35.587  12.973  24.431 0.0000000000
84367  -36.262  13.776  23.221 0.0000000000
84374  -36.328  13.719  21.449 0.0000000000
85635  -38.437  15.364  22.331 0.0000000000
85025  -37.358  14.503  20.824 0.0000000000
116894  -36.597  13.668  20.064 0.0000000000
84391  -36.623  13.611  18.648 0.0000000000
116893  -36.723  13.882  17.205 0.0000000000
84407  -36.082  13.829  15.611 0.0000000000
86967  -43.799  17.390  19.651 0.0000000000
86354  -42.583  16.636  18.321 0.0000000000
85680  -41.569  15.815  17.671 0.0000000000
85691  -42.460  15.469  15.798 0.0000000000
85690  -41.627  15.463  16.217 0.0000000000
85678  -40.062  15.373  17.203 0.0000000000
129688  -38.681  15.296  15.838 0.0000000000
85069  -37.112  15.067  15.075 0.0000000000
85075  -36.174  14.176  13.840 0.0000000000
84422  -36.743  13.309  12.630 0.0000000000
83745  -38.005  13.274  9.580 0.0000000000
111883  -37.354  15.359  9.680 0.0000000000
84439  -37.701  14.086  9.089 0.0000000000
83754  -39.504  13.490  7.642 0.0000000000
83764  -40.393  13.099  6.253 0.0000000000
83074  -40.403  12.617  6.189 0.0000000000
85787  -36.749  16.071  6.145 0.0000000000
88284  -42.495  18.947  8.712 0.0000000000
113985  -40.474  19.435  8.710 0.0000000000
88272  -38.985  19.507  9.200 0.0000000000
113307  -40.571  19.710  11.561 0.0000000000
88263  -39.105  19.325  10.445 0.0000000000
115718  -37.345  18.822  10.285 0.0000000000
87669  -35.929  18.171  10.511 0.0000000000
86426  -34.674  17.183  11.255 0.0000000000
86415  -34.243  16.810  12.009 0.0000000000
87618  -36.954  18.360  14.726 0.0000000000
114506  -34.801  18.404  14.507 0.0000000000
89870  -42.417  22.335  18.452 0.0000000000
89869  -41.552  22.405  18.302 0.0000000000
89879  -40.203  22.253  17.382 0.0000000000
89877  -38.924  22.070  17.348 0.0000000000
88800  -38.391  21.453  17.634 0.0000000000
82279  -34.786  10.811  25.126 0.0000000000
82282  -34.630  10.689  24.350 0.0000000000
82969  -35.018  11.578  25.387 0.0000000000
121451  -46.199  3.490  22.457 0.0000000000
76837  -45.852  4.030  21.872 0.0000000000
76825  -45.390  3.388  22.299 0.0000000000
76824  -44.538  3.414  22.224 0.0000000000
76017  -44.936  2.724  22.694 0.0000000000
77558  -36.732  4.336  27.250 0.0000000000
80015  -42.532  7.633  18.902 0.0000000000
79234  -42.832  6.889  18.446 0.0000000000
120262  -41.839  7.684  18.777 0.0000000000
131373  -36.227  11.941  14.649 0.0000000000
82341  -36.716  11.376  14.293 0.0000000000
83710  -36.392  12.263  14.039 0.0000000000
83022  -36.941  11.818  13.535 0.0000000000
86304  -44.565  16.779  22.815 0.0000000000
86936  -44.157  17.137  22.099 0.0000000000
86444  -43.575  16.436  9.498 0.0000000000
86432  -43.636  16.044  10.375 0.0000000000
87041  -42.196  17.197  8.966 0.0000000000
86453  -43.083  16.907  8.552 0.0000000000
87051  -42.637  17.493  8.136 0.0000000000
87052  -43.170  17.322  8.035 0.0000000000
88818  -41.920  20.896  16.493 0.0000000000
89380  -41.293  21.083  16.040 0.0000000000
80779  -37.454  8.589  20.973 0.0000000000
83680  -35.122  12.192  20.656 0.0000000000
82991  -35.401  12.246  19.880 0.0000000000
83691  -35.561  12.365  19.130 0.0000000000
84385  -35.874  12.814  19.671 0.0000000000
86334  -49.705  16.185  20.357 0.0000000000
86346  -49.555  16.022  19.986 0.0000000000
86347  -49.914  16.289  19.669 0.0000000000
87013  -49.521  17.594  12.488 0.0000000000
86411  -49.649  16.545  13.033 0.0000000000
86423  -49.345  16.729  11.956 0.0000000000
86422  -48.906  16.065  11.661 0.0000000000
87023  -48.289  16.541  11.481 0.0000000000
87656  -48.507  17.849  11.533 0.0000000000
89391  -47.040  22.054  14.239 0.0000000000
89383  -46.534  21.547  15.349 0.0000000000
88822  -46.223  20.932  15.782 0.0000000000
120564  -41.084  5.569  8.024 0.0000000000
79329  -40.528  5.809  8.067 0.0000000000
119568  -40.899  6.867  7.655 0.0000000000
82953  -39.998  11.312  28.052 0.0000000000
83647  -39.973  12.058  28.227 0.0000000000
85603  -43.533  16.029  28.699 0.0000000000
86245  -43.104  16.395  27.888 0.0000000000
86256  -43.811  16.615  27.298 0.0000000000
80836  -48.098  8.601  17.924 0.0000000000
80020  -47.271  8.548  18.117 0.0000000000
80822  -46.839  9.090  18.790 0.0000000000
80770  -43.482  8.915  21.426 0.0000000000
79983  -43.045  8.149  21.800 0.0000000000
79982  -42.218  8.395  21.962 0.0000000000
79978  -42.429  7.742  22.123 0.0000000000
78428  -39.544  6.201  22.579 0.0000000000
79191  -37.806  6.395  23.222 0.0000000000
74320  -40.764  0.570  29.296 0.0000000000
74353  -40.522  0.625  25.707 0.0000000000
74360  -40.946  0.915  24.894 0.0000000000
74361  -41.760  0.884  24.886 0.0000000000
75191  -40.540  1.317  24.247 0.0000000000
75190  -39.624  1.574  24.356 0.0000000000
79172  -38.801  6.122  26.396 0.0000000000
79961  -38.258  7.073  26.453 0.0000000000
79962  -39.299  6.624  26.765 0.0000000000
77671  -42.984  4.745  14.332 0.0000000000
121885  -39.030  8.196  16.596 0.0000000000
80882  -41.265  8.833  12.592 0.0000000000
80873  -41.593  8.372  13.008 0.0000000000
80883  -41.882  8.498  12.200 0.0000000000
80884  -42.317  8.223  11.888 0.0000000000
124838  -42.461  8.374  11.159 0.0000000000
80892  -42.200  8.745  11.275 0.0000000000
83042  -40.747  11.364  9.384 0.0000000000
83747  -39.986  12.809  8.280 0.0000000000
85622  -38.874  15.344  25.076 0.0000000000
85005  -38.053  14.914  24.649 0.0000000000
85626  -38.768  15.326  24.158 0.0000000000
112744  -39.953  15.625  18.933 0.0000000000
85662  -39.505  15.542  19.498 0.0000000000
85669  -39.197  15.303  18.816 0.0000000000
85041  -38.825  15.159  18.100 0.0000000000
85670  -39.775  15.373  18.029 0.0000000000
86378  -44.782  16.328  16.120 0.0000000000
86367  -44.575  16.654  17.048 0.0000000000
85693  -44.136  15.760  15.415 0.0000000000
86408  -40.201  16.400  13.088 0.0000000000
85732  -39.845  16.124  13.831 0.0000000000
86407  -39.027  16.213  13.223 0.0000000000
85731  -38.147  15.829  13.769 0.0000000000
86406  -38.021  16.015  12.822 0.0000000000
85746  -37.481  15.716  12.326 0.0000000000
132564  -37.904  16.093  6.377 0.0000000000
85101  -38.263  15.594  6.070 0.0000000000
85107  -38.373  15.014  5.717 0.0000000000
85113  -37.991  14.657  5.528 0.0000000000
85792  -37.875  15.544  5.743 0.0000000000
87678  -37.041  18.696  8.297 0.0000000000
87046  -36.509  18.108  8.050 0.0000000000
87677  -36.311  18.293  9.339 0.0000000000
88267  -42.292  19.338  10.869 0.0000000000
117623  -38.615  18.928  12.796 0.0000000000
122193  -37.607  18.551  12.542 0.0000000000
120830  -36.583  18.463  12.251 0.0000000000
87637  -36.982  18.468  13.051 0.0000000000
87636  -35.972  18.456  12.703 0.0000000000
88210  -37.527  19.780  17.261 0.0000000000
128537  -36.755  18.668  16.378 0.0000000000
81585  -35.460  9.635  22.179 0.0000000000
116544  -34.870  10.132  22.693 0.0000000000
83666  -34.583  11.772  22.974 0.0000000000
82976  -34.608  11.432  22.385 0.0000000000
83669  -34.746  12.044  22.256 0.0000000000
83673  -34.893  12.149  21.452 0.0000000000
116189  -49.845  17.840  18.044 0.0000000000
88212  -49.171  18.539  17.864 0.0000000000
88824  -49.265  20.073  15.527 0.0000000000
88217  -49.382  18.834  16.256 0.0000000000
88228  -49.431  19.088  15.018 0.0000000000
87621  -49.732  18.139  14.416 0.0000000000
88241  -49.405  19.318  13.715 0.0000000000
88240  -49.109  20.270  12.924 0.0000000000
89388  -49.064  22.316  14.518 0.0000000000
89393  -48.603  22.035  13.426 0.0000000000
89898  -47.979  22.753  13.335 0.0000000000
76945  -41.618  3.672  8.669 0.0000000000
77717  -41.377  4.287  8.434 0.0000000000
83641  -42.363  12.234  29.045 0.0000000000
83642  -43.167  11.935  29.347 0.0000000000
78439  -45.123  5.724  21.419 0.0000000000
78438  -44.267  5.982  21.488 0.0000000000
78437  -43.393  6.249  21.729 0.0000000000
123946  -43.774  5.382  21.557 0.0000000000
77591  -42.352  4.569  22.187 0.0000000000
77590  -41.386  4.540  22.363 0.0000000000
77570  -37.842  3.671  25.649 0.0000000000
131272  -38.104  4.334  25.999 0.0000000000
131360  -38.615  4.980  26.570 0.0000000000
78400  -39.296  5.282  26.997 0.0000000000
79952  -38.594  6.902  28.307 0.0000000000
82334  -37.374  10.163  14.800 0.0000000000
131916  -37.937  10.648  13.497 0.0000000000
133031  -38.725  9.960  13.688 0.0000000000
128889  -39.142  10.114  13.108 0.0000000000
82349  -38.702  10.622  12.619 0.0000000000
82358  -38.987  10.809  11.766 0.0000000000
83034  -38.556  11.485  11.340 0.0000000000
83731  -38.092  12.119  10.919 0.0000000000
86292  -41.756  16.415  24.099 0.0000000000
86291  -40.956  16.348  23.585 0.0000000000
86301  -41.914  16.561  23.036 0.0000000000
86317  -42.244  16.916  21.192 0.0000000000
86316  -41.347  16.553  21.521 0.0000000000
86329  -41.566  16.620  20.551 0.0000000000
86340  -41.053  16.315  19.845 0.0000000000
118572  -41.722  16.605  19.811 0.0000000000
85736  -44.386  15.261  12.887 0.0000000000
86420  -41.920  16.390  11.811 0.0000000000
86429  -40.110  16.884  11.421 0.0000000000
87030  -40.628  17.130  10.494 0.0000000000
87049  -40.126  17.723  8.459 0.0000000000
87047  -38.386  17.224  8.435 0.0000000000
87059  -38.923  18.396  7.189 0.0000000000
87687  -41.047  18.744  7.766 0.0000000000
87695  -39.270  19.230  7.172 0.0000000000
87696  -39.952  19.144  7.563 0.0000000000
88288  -38.892  19.550  7.362 0.0000000000
88289  -39.435  19.463  7.618 0.0000000000
88234  -41.568  20.233  13.859 0.0000000000
88840  -40.435  20.760  14.357 0.0000000000
88232  -39.834  20.541  14.279 0.0000000000
88245  -39.813  20.063  13.593 0.0000000000
88223  -39.396  20.437  14.740 0.0000000000
89378  -39.897  21.424  16.123 0.0000000000
88814  -38.917  20.684  16.089 0.0000000000
124286  -39.788  8.286  19.562 0.0000000000
80818  -37.624  8.362  18.818 0.0000000000
80819  -38.306  8.198  18.637 0.0000000000
80832  -37.102  8.716  18.134 0.0000000000
81595  -35.614  9.730  20.404 0.0000000000
81612  -35.744  9.740  18.672 0.0000000000
81617  -35.943  9.780  17.787 0.0000000000
81625  -36.257  9.817  16.869 0.0000000000
81624  -35.628  10.598  17.268 0.0000000000
117835  -35.620  11.228  16.683 0.0000000000
83699  -35.474  12.018  16.644 0.0000000000
83704  -35.609  12.491  15.975 0.0000000000
84401  -35.702  12.839  16.637 0.0000000000
86960  -46.966  16.617  20.650 0.0000000000
111169  -47.993  16.094  18.619 0.0000000000
86369  -47.151  16.581  17.958 0.0000000000
112018  -46.755  16.687  16.948 0.0000000000
129585  -50.273  16.952  17.074 0.0000000000
86372  -49.862  16.169  17.902 0.0000000000
86382  -50.058  16.295  16.868 0.0000000000
86399  -48.935  15.690  14.272 0.0000000000
86390  -48.779  15.839  15.279 0.0000000000
86398  -48.202  15.758  14.398 0.0000000000
118646  -47.550  16.048  15.170 0.0000000000
85722  -47.366  15.567  13.884 0.0000000000
85721  -46.417  15.309  13.336 0.0000000000
124402  -47.295  15.270  12.705 0.0000000000
85766  -47.134  15.325  11.491 0.0000000000
85752  -46.600  15.212  11.557 0.0000000000
85765  -46.175  15.525  11.253 0.0000000000
85764  -44.913  15.583  10.510 0.0000000000
86434  -45.451  15.746  10.778 0.0000000000
87033  -45.974  16.002  10.836 0.0000000000
87011  -45.688  17.411  12.552 0.0000000000
87020  -45.305  16.879  11.448 0.0000000000
87010  -44.581  17.714  12.736 0.0000000000
87641  -45.027  18.058  13.559 0.0000000000
88250  -48.194  19.880  12.135 0.0000000000
87644  -48.020  18.911  11.718 0.0000000000
88238  -46.067  19.258  14.484 0.0000000000
88237  -44.845  19.100  14.891 0.0000000000
88236  -43.436  19.284  14.751 0.0000000000
88820  -44.232  20.386  16.564 0.0000000000
88807  -43.790  20.748  17.076 0.0000000000
88806  -42.764  20.738  16.872 0.0000000000
80104  -40.352  7.492  7.743 0.0000000000
81683  -40.181  9.348  7.311 0.0000000000
82961  -36.970  11.761  27.156 0.0000000000
83658  -36.374  12.173  26.581 0.0000000000
128852  -37.517  12.202  27.415 0.0000000000
84352  -38.624  13.488  27.579 0.0000000000
84357  -38.096  13.943  27.005 0.0000000000
84998  -38.521  14.674  26.525 0.0000000000
84999  -39.282  15.026  26.792 0.0000000000
113122  -41.380  13.709  28.755 0.0000000000
84344  -40.703  13.345  28.528 0.0000000000
85612  -41.352  15.896  27.421 0.0000000000
85611  -40.646  15.596  27.238 0.0000000000
85620  -41.149  16.013  26.638 0.0000000000
85619  -40.509  15.765  26.460 0.0000000000
86265  -41.065  16.131  25.948 0.0000000000
86273  -41.027  16.267  25.283 0.0000000000
86274  -41.720  16.393  25.586 0.0000000000
86276  -43.524  16.549  25.590 0.0000000000
86275  -42.548  16.503  25.255 0.0000000000
86919  -47.624  16.834  27.391 0.0000000000
86258  -46.787  16.431  27.960 0.0000000000
86270  -46.515  16.350  27.017 0.0000000000
130495  -45.560  16.462  27.084 0.0000000000
86288  -47.188  16.307  24.730 0.0000000000
86287  -46.485  16.391  24.220 0.0000000000
86306  -47.096  16.474  23.008 0.0000000000
120279  -48.069  16.441  23.027 0.0000000000
86932  -48.845  16.915  22.744 0.0000000000
86308  -48.661  16.627  22.625 0.0000000000
127978  -49.014  16.722  22.265 0.0000000000
86938  -49.200  16.748  21.869 0.0000000000
87567  -49.117  17.395  21.974 0.0000000000
134170  -46.774  7.062  17.481 0.0000000000
80018  -45.435  8.275  18.834 0.0000000000
80017  -44.474  7.861  18.894 0.0000000000
80004  -43.894  8.558  19.498 0.0000000000
80772  -45.706  8.848  21.228 0.0000000000
125434  -46.102  8.315  21.299 0.0000000000
80787  -46.043  9.172  20.802 0.0000000000
80788  -46.912  9.173  20.466 0.0000000000
81598  -45.606  9.363  20.447 0.0000000000
81597  -44.971  9.356  20.607 0.0000000000
114056  -43.664  9.305  20.956 0.0000000000
80805  -43.076  9.025  20.489 0.0000000000
80803  -41.494  8.672  20.123 0.0000000000
127710  -41.956  9.022  20.890 0.0000000000
80767  -40.859  8.764  21.753 0.0000000000
120075  -39.957  8.710  21.741 0.0000000000
125455  -39.008  7.491  22.655 0.0000000000
79975  -39.758  7.960  22.485 0.0000000000
79974  -38.910  8.036  22.508 0.0000000000
80758  -38.623  8.349  22.161 0.0000000000
79970  -37.604  7.935  22.887 0.0000000000
130706  -45.655  2.356  24.915 0.0000000000
75145  -43.505  1.123  29.300 0.0000000000
75146  -44.378  1.514  29.382 0.0000000000
75156  -43.951  1.287  28.683 0.0000000000
115219  -39.945  0.363  27.937 0.0000000000
74329  -41.225  0.413  28.547 0.0000000000
74337  -40.768  0.286  27.693 0.0000000000
74348  -42.255  0.643  26.499 0.0000000000
74339  -42.430  0.612  27.348 0.0000000000
75173  -43.802  1.225  27.062 0.0000000000
75174  -44.492  1.660  26.524 0.0000000000
75183  -43.575  1.229  26.065 0.0000000000
125154  -42.943  1.201  24.622 0.0000000000
75194  -43.574  1.358  25.086 0.0000000000
134578  -43.496  1.441  24.328 0.0000000000
75204  -44.701  1.934  23.950 0.0000000000
75203  -43.865  1.693  23.723 0.0000000000
76005  -43.429  2.126  23.031 0.0000000000
76004  -42.468  2.066  23.158 0.0000000000
76002  -40.658  2.271  23.132 0.0000000000
76012  -40.141  3.047  22.803 0.0000000000
76819  -39.992  3.844  22.570 0.0000000000
76812  -39.393  3.588  22.930 0.0000000000
79960  -37.185  7.638  26.131 0.0000000000
79964  -36.786  7.301  25.256 0.0000000000
80746  -36.260  8.236  25.799 0.0000000000
80740  -36.038  9.085  26.238 0.0000000000
81573  -36.596  9.404  26.750 0.0000000000
81567  -37.939  9.415  27.302 0.0000000000
79957  -39.738  7.280  27.154 0.0000000000
79958  -39.990  7.236  27.605 0.0000000000
81571  -41.434  9.060  27.992 0.0000000000
82274  -41.100  9.710  27.917 0.0000000000
82275  -41.647  9.629  28.189 0.0000000000
82267  -42.093  10.006  28.448 0.0000000000
76900  -44.438  3.129  12.844 0.0000000000
76910  -43.047  3.643  12.292 0.0000000000
76921  -42.844  3.558  11.409 0.0000000000
77688  -42.602  4.356  11.942 0.0000000000
80014  -41.283  7.381  18.251 0.0000000000
80028  -40.716  7.352  17.407 0.0000000000
80041  -41.024  7.249  16.503 0.0000000000
81634  -39.162  8.921  14.841 0.0000000000
80854  -39.721  8.476  15.239 0.0000000000
80077  -41.822  7.889  13.562 0.0000000000
80065  -41.191  8.074  14.272 0.0000000000
79285  -42.298  6.810  14.500 0.0000000000
79286  -42.479  6.594  13.826 0.0000000000
79297  -42.495  7.062  13.046 0.0000000000
123198  -42.415  6.350  11.802 0.0000000000
123606  -42.239  5.891  11.035 0.0000000000
78552  -41.944  5.250  9.860 0.0000000000
80094  -42.620  8.203  10.420 0.0000000000
80099  -42.440  7.364  9.420 0.0000000000
79331  -42.231  6.808  8.109 0.0000000000
81665  -41.919  9.355  10.852 0.0000000000
82368  -41.535  9.990  10.392 0.0000000000
122094  -42.134  10.625  8.209 0.0000000000
81678  -42.365  9.985  8.829 0.0000000000
80911  -42.438  8.726  7.847 0.0000000000
81691  -42.372  9.403  7.435 0.0000000000
132106  -42.188  9.248  6.979 0.0000000000
124398  -42.149  9.946  7.003 0.0000000000
125882  -41.691  10.556  6.789 0.0000000000
82387  -41.149  11.275  6.634 0.0000000000
84360  -36.312  13.260  25.522 0.0000000000
84359  -35.703  12.801  25.203 0.0000000000
130392  -36.059  13.335  24.849 0.0000000000
85007  -36.835  14.292  23.283 0.0000000000
85011  -36.716  14.239  22.655 0.0000000000
84370  -36.231  13.750  22.274 0.0000000000
116286  -36.754  14.195  21.892 0.0000000000
85646  -39.828  16.084  22.139 0.0000000000
125224  -39.025  15.716  21.800 0.0000000000
85033  -38.098  14.921  19.799 0.0000000000
85026  -37.901  14.890  20.608 0.0000000000
85032  -37.470  14.500  20.065 0.0000000000
85024  -36.940  14.101  20.382 0.0000000000
85031  -36.958  14.011  19.522 0.0000000000
131567  -37.213  14.154  18.773 0.0000000000
114883  -37.442  14.589  17.208 0.0000000000
85047  -37.178  14.101  17.995 0.0000000000
85055  -36.781  14.354  16.341 0.0000000000
86969  -45.884  17.099  20.047 0.0000000000
86968  -44.696  17.416  19.830 0.0000000000
86365  -42.795  16.332  17.453 0.0000000000
86364  -42.168  16.133  17.742 0.0000000000
86353  -41.849  16.256  18.412 0.0000000000
129875  -42.960  15.454  15.102 0.0000000000
85704  -42.538  15.399  14.925 0.0000000000
85701  -40.512  15.569  15.275 0.0000000000
85702  -41.120  15.476  15.773 0.0000000000
133429  -40.738  15.474  16.605 0.0000000000
111751  -40.373  15.429  16.002 0.0000000000
85689  -39.814  15.339  16.574 0.0000000000
117289  -37.402  15.374  14.299 0.0000000000
85699  -37.918  15.392  15.331 0.0000000000
85713  -36.601  14.797  14.479 0.0000000000
132207  -36.367  13.553  13.277 0.0000000000
117614  -36.606  14.278  12.802 0.0000000000
84427  -37.000  13.762  11.943 0.0000000000
84434  -37.437  13.631  10.259 0.0000000000
86439  -37.819  16.555  10.420 0.0000000000
85771  -37.463  16.001  10.051 0.0000000000
84446  -38.176  14.770  7.506 0.0000000000
84440  -38.430  13.794  8.315 0.0000000000
84448  -39.874  13.605  6.486 0.0000000000
84462  -39.031  13.687  5.619 0.0000000000
84455  -39.718  13.400  5.810 0.0000000000
83073  -39.712  12.586  5.963 0.0000000000
83072  -38.606  12.518  5.978 0.0000000000
86465  -36.953  16.712  6.458 0.0000000000
128917  -35.664  15.969  7.555 0.0000000000
85786  -36.001  15.530  6.773 0.0000000000
87673  -43.836  17.728  9.068 0.0000000000
87681  -43.328  17.962  8.073 0.0000000000
87680  -43.212  18.454  8.672 0.0000000000
88275  -41.692  19.468  9.706 0.0000000000
88274  -41.029  19.498  9.309 0.0000000000
88281  -39.700  19.486  8.418 0.0000000000
88273  -40.053  19.489  9.693 0.0000000000
112081  -41.078  20.185  12.914 0.0000000000
88257  -40.719  19.903  12.349 0.0000000000
87664  -38.178  18.813  11.142 0.0000000000
134621  -39.279  19.242  11.406 0.0000000000
87671  -38.159  19.304  9.880 0.0000000000
133669  -36.368  18.417  10.040 0.0000000000
87662  -36.484  18.432  10.631 0.0000000000
117745  -35.581  18.331  11.781 0.0000000000
87028  -34.995  17.890  11.491 0.0000000000
87018  -34.583  17.655  12.027 0.0000000000
87009  -34.213  18.098  13.216 0.0000000000
87002  -33.918  18.142  13.970 0.0000000000
87619  -38.033  18.855  14.862 0.0000000000
87617  -35.231  18.350  15.400 0.0000000000
87616  -34.294  18.304  15.257 0.0000000000
90354  -41.152  23.150  18.648 0.0000000000
89880  -40.682  22.461  17.991 0.0000000000
90353  -40.310  23.232  18.512 0.0000000000
118306  -38.955  22.704  17.924 0.0000000000
81578  -34.781  9.977  24.136 0.0000000000
81581  -34.905  9.853  23.463 0.0000000000
82974  -34.557  11.363  23.742 0.0000000000
83663  -34.734  11.988  24.158 0.0000000000
88211  -48.520  19.381  17.650 0.0000000000
89384  -49.253  21.780  15.637 0.0000000000
118470  -49.213  22.605  15.600 0.0000000000
89894  -48.928  23.210  14.413 0.0000000000
83644  -43.955  11.933  30.328 0.0000000000
83643  -43.684  11.816  29.801 0.0000000000
126302  -43.707  4.567  21.715 0.0000000000
76835  -44.249  4.123  21.826 0.0000000000
76823  -43.664  3.598  22.148 0.0000000000
76822  -42.728  3.428  22.359 0.0000000000
77559  -37.790  4.523  26.699 0.0000000000
79166  -37.919  5.583  27.460 0.0000000000
79235  -44.303  6.839  18.418 0.0000000000
79247  -43.507  6.386  18.109 0.0000000000
79246  -42.662  6.396  17.812 0.0000000000
82333  -36.750  10.716  14.874 0.0000000000
120885  -37.211  10.661  14.312 0.0000000000
83023  -37.431  11.518  13.126 0.0000000000
83028  -37.641  11.638  12.507 0.0000000000
83723  -37.336  12.247  12.172 0.0000000000
86293  -42.959  16.636  23.280 0.0000000000
132454  -42.722  16.742  22.581 0.0000000000
86318  -43.094  17.092  21.847 0.0000000000
86946  -43.083  17.289  20.859 0.0000000000
85749  -44.379  15.382  11.394 0.0000000000
85762  -43.998  15.657  10.847 0.0000000000
86431  -42.624  16.455  10.518 0.0000000000
86442  -41.773  16.945  10.064 0.0000000000
87060  -39.653  18.445  7.522 0.0000000000
87061  -40.749  18.408  7.788 0.0000000000
87062  -41.970  18.226  8.110 0.0000000000
87688  -42.256  18.352  8.059 0.0000000000
88831  -41.972  20.444  15.454 0.0000000000
88830  -41.287  20.822  15.272 0.0000000000
88829  -40.624  21.020  14.979 0.0000000000
88816  -40.223  21.202  15.519 0.0000000000
89379  -40.424  21.372  16.036 0.0000000000
116813  -39.168  8.427  20.023 0.0000000000
80799  -37.406  8.466  19.867 0.0000000000
80798  -36.651  8.826  19.703 0.0000000000
82294  -34.929  10.906  20.431 0.0000000000
82302  -35.260  10.331  19.961 0.0000000000
82301  -35.046  10.982  19.569 0.0000000000
83001  -35.170  11.146  18.650 0.0000000000
127390  -35.306  11.068  17.865 0.0000000000
83697  -35.365  11.751  18.039 0.0000000000
117652  -35.643  12.432  18.370 0.0000000000
84396  -36.092  13.048  18.071 0.0000000000
86332  -48.946  16.115  20.968 0.0000000000
86344  -48.031  16.174  20.467 0.0000000000
86345  -49.002  15.934  20.262 0.0000000000
86357  -48.968  15.825  19.325 0.0000000000
86370  -48.927  15.857  18.265 0.0000000000
86997  -50.205  16.997  14.977 0.0000000000
86392  -50.042  16.178  15.573 0.0000000000
86401  -49.938  16.381  14.287 0.0000000000
122285  -49.332  15.926  13.616 0.0000000000
85724  -48.734  15.549  12.951 0.0000000000
85739  -48.054  15.238  12.308 0.0000000000
85754  -48.555  15.439  12.011 0.0000000000
116469  -48.119  15.571  11.581 0.0000000000
121476  -46.662  15.700  11.111 0.0000000000
87022  -47.326  16.496  11.398 0.0000000000
87012  -46.747  17.412  12.170 0.0000000000
130668  -47.705  21.236  12.907 0.0000000000
88239  -47.352  20.560  13.119 0.0000000000
88227  -46.552  20.197  14.431 0.0000000000
88834  -45.940  20.343  15.554 0.0000000000
88833  -44.773  20.023  15.993 0.0000000000
124726  -40.249  6.573  8.123 0.0000000000
82963  -38.652  11.095  27.757 0.0000000000
115152  -38.192  12.068  27.763 0.0000000000
83655  -39.268  12.823  28.000 0.0000000000
84353  -39.380  13.769  27.809 0.0000000000
84987  -42.304  14.952  28.824 0.0000000000
84986  -41.473  14.687  28.557 0.0000000000
85613  -42.164  16.216  27.639 0.0000000000
86254  -41.855  16.367  26.804 0.0000000000
86268  -43.624  16.607  26.399 0.0000000000
111761  -44.603  16.514  25.941 0.0000000000
86271  -47.251  16.352  26.530 0.0000000000
86272  -47.883  16.795  26.360 0.0000000000
86279  -47.672  16.456  25.086 0.0000000000
130334  -47.776  16.506  24.320 0.0000000000
86298  -48.205  16.598  23.562 0.0000000000
86289  -48.284  16.803  24.440 0.0000000000
86930  -48.645  17.471  24.142 0.0000000000
80030  -46.983  7.828  17.712 0.0000000000
80019  -46.389  8.263  18.390 0.0000000000
132571  -45.431  9.000  19.326 0.0000000000
124761  -44.697  8.236  21.540 0.0000000000
80771  -44.970  8.883  21.366 0.0000000000
80785  -44.491  9.285  21.116 0.0000000000
125184  -44.253  8.904  21.456 0.0000000000
79981  -41.512  8.508  22.022 0.0000000000
79199  -40.345  6.995  22.427 0.0000000000
79971  -38.193  7.383  22.800 0.0000000000
74346  -40.641  0.382  26.684 0.0000000000
74347  -41.412  0.513  26.144 0.0000000000
74356  -42.821  0.834  26.063 0.0000000000
74355  -42.148  0.721  25.604 0.0000000000
75193  -42.421  0.936  24.945 0.0000000000
119623  -42.232  1.228  24.351 0.0000000000
75201  -41.933  1.612  23.688 0.0000000000
75200  -41.033  1.631  23.597 0.0000000000
122934  -39.931  2.413  23.294 0.0000000000
79179  -37.398  6.331  25.146 0.0000000000
79965  -37.740  6.637  25.882 0.0000000000
126820  -37.398  8.982  27.012 0.0000000000
80742  -37.767  8.075  26.700 0.0000000000
80735  -39.476  8.282  27.170 0.0000000000
76899  -43.838  3.487  13.385 0.0000000000
80835  -39.191  7.906  17.425 0.0000000000
130209  -39.566  7.849  16.794 0.0000000000
80847  -40.274  8.002  15.563 0.0000000000
81642  -40.149  9.095  13.649 0.0000000000
80862  -40.684  8.569  14.031 0.0000000000
80078  -42.261  7.637  13.105 0.0000000000
80083  -42.398  7.717  12.422 0.0000000000
80900  -42.583  8.822  9.917 0.0000000000
82366  -40.274  10.959  10.460 0.0000000000
82367  -41.141  10.669  9.901 0.0000000000
116982  -41.572  11.036  8.744 0.0000000000
82382  -42.099  10.712  7.313 0.0000000000
83051  -41.778  11.253  7.617 0.0000000000
83062  -41.393  12.000  7.105 0.0000000000
83756  -40.860  12.657  6.677 0.0000000000
85002  -37.492  14.393  25.295 0.0000000000
85001  -36.697  13.887  24.873 0.0000000000
85004  -37.367  14.435  24.420 0.0000000000
128884  -37.731  14.723  24.121 0.0000000000
85630  -37.771  14.977  22.895 0.0000000000
85656  -40.030  16.080  20.706 0.0000000000
132041  -38.964  15.563  21.020 0.0000000000
85655  -39.372  15.652  20.330 0.0000000000
85661  -38.838  15.263  19.611 0.0000000000
127675  -37.687  14.587  18.494 0.0000000000
127370  -38.145  14.977  18.175 0.0000000000
86978  -45.713  17.198  18.452 0.0000000000
86977  -44.541  17.130  18.064 0.0000000000
86366  -43.658  16.537  17.229 0.0000000000
85682  -43.007  15.895  16.538 0.0000000000
85734  -41.794  15.846  13.674 0.0000000000
85717  -42.086  15.483  14.518 0.0000000000
85715  -40.180  15.829  14.501 0.0000000000
129878  -39.661  15.596  15.030 0.0000000000
85700  -38.888  15.475  15.168 0.0000000000
85745  -36.970  15.160  12.615 0.0000000000
85760  -37.223  15.340  11.829 0.0000000000
85090  -37.179  15.157  10.860 0.0000000000
85777  -37.546  16.126  8.459 0.0000000000
84461  -38.246  13.753  5.689 0.0000000000
83770  -38.188  13.098  5.707 0.0000000000
84460  -37.443  14.113  5.780 0.0000000000
87685  -37.326  18.376  7.130 0.0000000000
87057  -36.721  17.757  7.253 0.0000000000
87056  -36.134  17.456  7.899 0.0000000000
87654  -43.581  18.133  11.635 0.0000000000
87672  -43.162  18.689  9.842 0.0000000000
88266  -41.636  19.568  10.727 0.0000000000
88256  -39.943  19.562  12.090 0.0000000000
87653  -38.155  18.657  12.088 0.0000000000
125295  -34.540  18.015  12.571 0.0000000000
87650  -35.342  18.404  12.362 0.0000000000
87635  -35.289  18.435  13.109 0.0000000000
129812  -35.259  18.439  13.863 0.0000000000
111214  -37.400  18.699  15.607 0.0000000000
87610  -35.691  18.411  16.372 0.0000000000
87600  -35.566  18.543  17.230 0.0000000000
81586  -36.115  9.209  21.756 0.0000000000
81589  -35.538  9.682  21.279 0.0000000000
82286  -34.702  10.786  22.099 0.0000000000
82288  -34.788  10.831  21.266 0.0000000000
82984  -34.808  11.537  20.923 0.0000000000
83681  -35.366  12.736  21.204 0.0000000000
86971  -50.224  16.953  19.367 0.0000000000
87595  -50.198  17.207  18.439 0.0000000000
87604  -50.111  17.416  17.613 0.0000000000
87612  -49.953  17.636  16.713 0.0000000000
88216  -48.889  19.118  17.023 0.0000000000
87646  -49.174  18.798  12.071 0.0000000000
88251  -48.701  19.898  12.267 0.0000000000
114081  -48.240  20.587  12.423 0.0000000000
88845  -48.883  21.113  13.328 0.0000000000
114278  -48.375  21.532  12.906 0.0000000000
88844  -48.066  21.330  12.722 0.0000000000
89392  -47.713  21.978  13.214 0.0000000000
89897  -47.537  22.696  13.699 0.0000000000
89892  -47.177  23.016  14.380 0.0000000000
129654  -41.918  6.688  7.660 0.0000000000
118563  -41.419  11.240  28.407 0.0000000000
83648  -40.845  12.164  28.518 0.0000000000
83649  -41.841  11.701  28.696 0.0000000000
134022  -42.023  13.104  29.044 0.0000000000
84339  -43.765  12.716  29.837 0.0000000000
129110  -43.423  13.432  29.636 0.0000000000
84981  -43.030  14.222  29.441 0.0000000000
79206  -42.917  7.137  21.946 0.0000000000
132266  -42.736  6.483  21.978 0.0000000000
78430  -41.781  5.903  22.233 0.0000000000
77597  -43.123  5.127  21.765 0.0000000000
129260  -41.149  5.393  22.270 0.0000000000
121505  -39.540  5.230  22.603 0.0000000000
74319  -39.852  0.603  29.286 0.0000000000
74327  -39.488  0.482  28.524 0.0000000000
115890  -39.251  0.469  27.751 0.0000000000
74335  -38.518  0.722  27.575 0.0000000000
111525  -39.079  0.573  26.971 0.0000000000
74345  -39.742  0.552  26.384 0.0000000000
79173  -39.410  5.964  26.764 0.0000000000
78401  -39.496  5.699  26.969 0.0000000000
79167  -39.048  5.517  27.364 0.0000000000
79953  -39.551  6.932  28.110 0.0000000000
81626  -37.996  8.837  16.012 0.0000000000
81640  -38.719  9.523  14.333 0.0000000000
81641  -39.463  9.181  14.190 0.0000000000
113003  -40.651  9.154  12.960 0.0000000000
81656  -40.844  9.379  12.254 0.0000000000
82351  -40.337  9.950  11.865 0.0000000000
82359  -39.847  10.561  11.398 0.0000000000
83048  -39.390  12.299  9.458 0.0000000000
85633  -40.197  16.077  24.083 0.0000000000
85632  -39.406  15.692  23.651 0.0000000000
85637  -40.093  16.034  23.120 0.0000000000
129516  -41.564  16.538  22.270 0.0000000000
86315  -40.374  16.287  21.454 0.0000000000
85664  -40.683  15.986  19.077 0.0000000000
85706  -44.457  15.471  14.447 0.0000000000
85719  -43.962  15.302  13.911 0.0000000000
114138  -43.559  15.401  13.580 0.0000000000
85735  -42.926  15.626  13.345 0.0000000000
85748  -43.485  15.620  12.013 0.0000000000
86409  -41.327  16.335  12.921 0.0000000000
86418  -39.579  16.590  12.297 0.0000000000
86428  -38.979  16.695  11.436 0.0000000000
86440  -38.419  16.821  10.512 0.0000000000
87039  -40.011  17.289  9.711 0.0000000000
132518  -38.132  16.958  9.660 0.0000000000
86460  -38.031  16.964  7.531 0.0000000000
85781  -37.859  16.529  6.789 0.0000000000
118951  -37.795  17.311  6.723 0.0000000000
87068  -37.910  18.095  6.747 0.0000000000
87070  -39.214  18.914  7.014 0.0000000000
87693  -38.156  18.932  6.866 0.0000000000
88287  -38.519  19.421  7.164 0.0000000000
88279  -38.269  19.664  7.765 0.0000000000
88248  -42.218  19.654  13.506 0.0000000000
131908  -41.266  20.255  13.353 0.0000000000
88246  -40.522  20.209  13.261 0.0000000000
115543  -39.056  19.392  13.565 0.0000000000
87627  -38.586  19.161  14.197 0.0000000000
88827  -39.180  20.546  15.337 0.0000000000
88813  -38.229  20.226  16.641 0.0000000000
88804  -37.944  20.575  17.472 0.0000000000
80001  -41.227  8.013  19.120 0.0000000000
80820  -40.438  8.088  19.233 0.0000000000
80012  -39.618  7.864  18.469 0.0000000000
80844  -37.862  8.576  16.871 0.0000000000
81606  -35.659  9.744  19.537 0.0000000000
81607  -36.210  9.213  19.204 0.0000000000
80833  -37.318  8.779  17.363 0.0000000000
81619  -37.118  9.164  16.543 0.0000000000
81631  -36.594  9.911  15.971 0.0000000000
82326  -36.333  10.686  15.563 0.0000000000
83016  -35.873  12.150  15.255 0.0000000000
84406  -35.781  12.985  15.375 0.0000000000
86319  -46.381  16.746  22.152 0.0000000000
86948  -45.589  17.123  21.427 0.0000000000
86959  -46.088  17.001  20.838 0.0000000000
129119  -46.130  17.086  19.273 0.0000000000
86985  -46.229  17.014  17.782 0.0000000000
86379  -45.817  16.437  16.016 0.0000000000
86359  -50.124  16.468  18.731 0.0000000000
86371  -49.509  15.898  17.869 0.0000000000
86380  -48.937  15.893  17.106 0.0000000000
127740  -49.808  15.880  16.272 0.0000000000
117196  -49.341  15.784  16.231 0.0000000000
112755  -47.800  16.285  16.473 0.0000000000
86389  -46.182  16.016  15.117 0.0000000000
85707  -45.526  15.476  14.108 0.0000000000
127335  -45.626  15.147  12.986 0.0000000000
85737  -45.268  15.102  12.242 0.0000000000
85751  -45.853  15.280  11.536 0.0000000000
85750  -45.210  15.244  11.466 0.0000000000
85763  -44.616  15.568  10.524 0.0000000000
85772  -44.524  15.907  10.048 0.0000000000
86445  -44.117  16.373  9.446 0.0000000000
87042  -43.970  16.920  8.840 0.0000000000
130800  -44.313  16.315  9.633 0.0000000000
118963  -44.507  16.771  9.603 0.0000000000
87031  -44.553  17.215  10.742 0.0000000000
87640  -43.610  18.254  12.787 0.0000000000
87643  -47.202  18.446  12.443 0.0000000000
87630  -46.563  18.906  13.492 0.0000000000
125996  -43.139  18.989  13.746 0.0000000000
88224  -42.636  19.954  15.234 0.0000000000
88832  -43.321  20.137  15.973 0.0000000000
134251  -42.500  20.297  15.656 0.0000000000
88819  -42.415  20.527  16.077 0.0000000000
89369  -42.301  21.219  17.302 0.0000000000
121716  -35.598  10.486  26.342 0.0000000000
82966  -35.593  11.631  26.126 0.0000000000
84355  -36.633  13.018  26.291 0.0000000000
83653  -37.822  13.004  27.432 0.0000000000
84356  -37.361  13.471  26.657 0.0000000000
85623  -39.666  15.660  25.422 0.0000000000
84984  -40.065  14.059  28.069 0.0000000000
84994  -39.601  14.646  27.478 0.0000000000
85600  -40.923  15.302  28.010 0.0000000000
84995  -40.257  14.974  27.740 0.0000000000
85618  -39.816  15.533  26.247 0.0000000000
85628  -40.301  16.060  24.950 0.0000000000
114878  -42.532  16.492  24.523 0.0000000000
86284  -43.288  16.550  24.067 0.0000000000
86294  -43.945  16.604  23.450 0.0000000000
86295  -45.005  16.610  23.568 0.0000000000
86257  -44.848  16.517  27.592 0.0000000000
86277  -45.556  16.376  25.585 0.0000000000
111583  -46.474  16.254  26.050 0.0000000000
86286  -45.505  16.399  24.803 0.0000000000
134562  -45.483  16.472  24.141 0.0000000000
86305  -45.707  16.679  22.894 0.0000000000
86320  -47.683  16.376  21.954 0.0000000000
86321  -48.740  16.277  21.575 0.0000000000
86322  -49.293  16.344  21.275 0.0000000000
86961  -49.611  16.394  20.819 0.0000000000
87576  -49.722  17.109  20.781 0.0000000000
79250  -46.330  7.232  18.011 0.0000000000
79249  -45.758  6.645  18.142 0.0000000000
78466  -45.008  6.296  18.126 0.0000000000
80807  -45.818  9.337  19.695 0.0000000000
80806  -44.346  9.207  20.274 0.0000000000
80802  -40.603  8.597  20.178 0.0000000000
80781  -39.518  8.620  20.993 0.0000000000
80765  -38.136  8.491  21.647 0.0000000000
79976  -40.828  8.138  22.321 0.0000000000
80764  -37.369  8.618  21.738 0.0000000000
80756  -36.786  8.758  22.249 0.0000000000
80751  -36.005  8.989  23.527 0.0000000000
81579  -35.282  9.454  23.900 0.0000000000
82280  -35.084  10.070  25.555 0.0000000000
76008  -46.049  2.665  23.678 0.0000000000
75147  -45.121  1.978  29.020 0.0000000000
75158  -45.301  2.090  28.372 0.0000000000
134078  -41.980  0.540  28.604 0.0000000000
74330  -42.585  0.622  28.181 0.0000000000
75165  -43.906  1.264  27.942 0.0000000000
75167  -45.161  1.960  27.720 0.0000000000
128174  -45.009  1.882  27.072 0.0000000000
75175  -45.160  2.044  26.582 0.0000000000
75185  -45.025  2.021  25.912 0.0000000000
75196  -44.972  2.043  24.959 0.0000000000
75995  -45.469  2.291  24.220 0.0000000000
76007  -45.250  2.352  23.369 0.0000000000
76015  -43.348  2.825  22.527 0.0000000000
76014  -42.085  2.780  22.778 0.0000000000
76820  -40.789  3.758  22.527 0.0000000000
75994  -39.014  2.064  24.297 0.0000000000
76001  -39.421  2.188  23.761 0.0000000000
76811  -38.793  3.477  23.476 0.0000000000
77581  -38.918  4.093  23.113 0.0000000000
77587  -38.750  4.865  22.995 0.0000000000
78422  -38.266  5.635  23.133 0.0000000000
80745  -35.591  9.066  25.466 0.0000000000
82277  -36.410  10.243  26.878 0.0000000000
82270  -37.087  10.797  27.263 0.0000000000
82964  -39.632  10.829  27.833 0.0000000000
82265  -40.534  10.581  27.955 0.0000000000
82955  -42.121  10.805  28.518 0.0000000000
82956  -42.627  10.555  28.914 0.0000000000
81557  -42.268  9.817  28.824 0.0000000000
82258  -42.616  10.302  29.260 0.0000000000
82948  -43.416  11.314  29.793 0.0000000000
76911  -43.694  3.276  12.543 0.0000000000
121750  -42.028  6.558  17.417 0.0000000000
80853  -38.913  8.615  15.766 0.0000000000
80052  -40.946  7.756  15.068 0.0000000000
78520  -42.658  5.582  13.876 0.0000000000
124762  -42.568  5.225  12.856 0.0000000000
78529  -42.475  6.275  12.535 0.0000000000
133600  -42.144  7.260  7.567 0.0000000000
81671  -42.368  9.106  10.346 0.0000000000
81679  -42.469  9.347  9.406 0.0000000000
80906  -42.574  8.840  8.933 0.0000000000
80112  -42.187  7.948  7.303 0.0000000000
80106  -41.725  7.297  7.384 0.0000000000
80111  -41.864  8.174  6.974 0.0000000000
80917  -41.488  8.517  6.928 0.0000000000
81684  -41.322  9.432  6.809 0.0000000000
131774  -41.998  10.694  6.951 0.0000000000
83661  -35.423  12.201  25.530 0.0000000000
83664  -35.101  12.268  24.790 0.0000000000
83667  -35.090  12.520  23.935 0.0000000000
84364  -36.145  13.559  24.154 0.0000000000
84366  -35.611  13.120  23.572 0.0000000000
84369  -35.668  13.202  22.651 0.0000000000
84373  -35.758  13.248  21.761 0.0000000000
84380  -35.929  13.248  20.952 0.0000000000
85631  -38.613  15.348  23.262 0.0000000000
85013  -37.758  14.969  21.937 0.0000000000
85644  -38.320  15.243  21.331 0.0000000000
85017  -37.711  14.835  21.239 0.0000000000
85016  -37.267  14.554  21.547 0.0000000000
118679  -36.849  14.139  21.129 0.0000000000
84381  -36.476  13.679  20.696 0.0000000000
116959  -36.172  13.230  20.217 0.0000000000
84386  -36.380  13.381  19.501 0.0000000000
84397  -36.562  13.565  17.830 0.0000000000
116897  -36.101  13.252  17.292 0.0000000000
84402  -36.145  13.578  16.524 0.0000000000
84412  -35.928  13.449  14.768 0.0000000000
122011  -44.698  17.343  21.108 0.0000000000
86957  -44.059  17.401  20.491 0.0000000000
86956  -43.082  17.253  19.928 0.0000000000
86976  -44.104  17.372  18.960 0.0000000000
86343  -43.173  17.171  19.026 0.0000000000
86342  -42.281  16.777  19.260 0.0000000000
85672  -41.131  15.879  18.388 0.0000000000
85692  -43.295  15.636  15.643 0.0000000000
85703  -41.887  15.368  15.403 0.0000000000
130489  -41.365  15.602  16.987 0.0000000000
85679  -40.736  15.554  17.605 0.0000000000
85050  -39.255  15.247  17.315 0.0000000000
85057  -38.829  15.206  16.587 0.0000000000
85064  -38.012  15.218  16.203 0.0000000000
85063  -37.288  14.927  15.821 0.0000000000
85062  -36.612  14.570  15.355 0.0000000000
84413  -36.144  14.159  14.728 0.0000000000
83716  -36.077  13.241  13.981 0.0000000000
83722  -36.995  12.657  12.589 0.0000000000
83729  -37.134  12.946  11.999 0.0000000000
83738  -38.466  12.561  10.048 0.0000000000
85761  -37.485  16.019  11.326 0.0000000000
85091  -37.259  14.537  9.972 0.0000000000
83746  -38.914  13.027  8.945 0.0000000000
83755  -40.477  13.187  7.069 0.0000000000
82386  -40.318  11.870  6.387 0.0000000000
86470  -37.400  16.161  6.047 0.0000000000
85791  -37.206  15.721  5.745 0.0000000000
86464  -36.232  16.402  6.871 0.0000000000
87053  -43.433  17.402  8.213 0.0000000000
87689  -42.872  18.370  8.150 0.0000000000
88292  -42.183  18.741  8.335 0.0000000000
121906  -42.176  19.305  9.154 0.0000000000
88283  -41.777  19.260  8.739 0.0000000000
88290  -40.305  19.347  7.995 0.0000000000
88271  -38.168  19.636  8.742 0.0000000000
88258  -41.465  19.718  11.914 0.0000000000
112630  -41.059  19.781  11.472 0.0000000000
88264  -40.012  19.536  11.020 0.0000000000
129218  -37.589  19.233  9.384 0.0000000000
87670  -36.914  18.756  9.521 0.0000000000
117153  -35.767  17.904  9.894 0.0000000000
87037  -35.327  17.697  10.720 0.0000000000
87661  -35.904  18.269  11.225 0.0000000000
131644  -34.670  16.575  10.864 0.0000000000
87017  -34.067  17.395  12.771 0.0000000000
112469  -35.788  18.351  14.610 0.0000000000
87609  -34.272  18.365  16.785 0.0000000000
122282  -46.852  23.325  15.094 0.0000000000
89372  -45.551  21.885  17.133 0.0000000000
89371  -44.454  21.453  17.503 0.0000000000
89358  -43.908  21.929  18.072 0.0000000000
89357  -42.838  21.719  18.041 0.0000000000
89356  -41.909  21.766  17.836 0.0000000000
90355  -42.154  23.153  18.911 0.0000000000
89355  -41.229  21.958  17.650 0.0000000000
89368  -40.745  21.865  17.126 0.0000000000
89367  -40.201  21.812  16.653 0.0000000000
89366  -39.457  21.769  16.730 0.0000000000
89868  -39.784  22.759  18.006 0.0000000000
89878  -39.570  22.269  17.291 0.0000000000
89365  -38.931  21.540  16.940 0.0000000000
80753  -37.054  8.423  22.902 0.0000000000
81572  -35.541  9.652  26.113 0.0000000000
81600  -46.765  9.403  20.024 0.0000000000
82284  -34.639  10.439  23.536 0.0000000000
82348  -37.957  10.986  12.979 0.0000000000
83027  -37.154  12.100  12.868 0.0000000000
83765  -40.579  12.747  6.258 0.0000000000
83772  -40.085  12.962  5.888 0.0000000000
85008  -37.386  14.591  23.629 0.0000000000
85716  -41.135  15.683  14.539 0.0000000000
85718  -43.204  15.422  14.431 0.0000000000
85753  -47.855  15.200  11.771 0.0000000000
86280  -48.087  16.828  25.480 0.0000000000
86391  -49.474  15.798  15.438 0.0000000000
86458  -35.840  16.686  7.757 0.0000000000
86984  -45.314  17.039  17.665 0.0000000000
87024  -48.939  16.962  11.533 0.0000000000
87063  -43.080  17.828  7.862 0.0000000000
88282  -41.018  19.328  8.461 0.0000000000
88296  -38.962  19.413  7.107 0.0000000000
88297  -39.187  19.373  7.251 0.0000000000
112275  -42.286  9.772  29.156 0.0000000000
113845  -42.942  10.834  29.400 0.0000000000
114184  -37.144  14.605  22.957 0.0000000000
114263  -44.897  15.354  11.033 0.0000000000
122165  -35.330  11.898  18.687 0.0000000000
124284  -47.575  16.481  25.824 0.0000000000
126256  -46.097  2.569  25.234 0.0000000000
128153  -44.710  17.263  21.639 0.0000000000
128308  -49.225  19.451  12.641 0.0000000000
128553  -37.997  15.078  16.845 0.0000000000
131065  -34.703  12.074  23.576 0.0000000000
134548  -35.986  13.774  14.297 0.0000000000
