#!ascii label  , from subject bert vox2ras=TkReg
1499
48433  -42.831  -30.246  48.828 0.0000000000
38526  -32.984  -39.764  55.906 0.0000000000
53584  -50.568  -24.187  39.329 0.0000000000
49369  -37.295  -28.247  37.695 0.0000000000
111999  -46.990  -25.093  43.891 0.0000000000
41243  -40.560  -36.772  51.113 0.0000000000
39593  -28.703  -38.825  42.462 0.0000000000
43130  -34.409  -35.262  38.823 0.0000000000
131894  -25.149  -41.339  57.947 0.0000000000
110798  -47.402  -13.415  37.605 0.0000000000
36135  -21.912  -43.576  44.923 0.0000000000
48496  -40.075  -29.428  43.113 0.0000000000
51855  -41.858  -25.841  41.804 0.0000000000
51791  -42.933  -25.738  47.137 0.0000000000
43940  -42.272  -34.012  48.979 0.0000000000
41305  -38.376  -37.018  43.874 0.0000000000
44889  -39.209  -33.201  43.645 0.0000000000
45806  -35.650  -32.444  38.317 0.0000000000
61638  -47.660  -14.232  33.849 0.0000000000
38506  -28.538  -40.277  56.261 0.0000000000
36827  -23.788  -41.609  51.268 0.0000000000
39477  -27.436  -39.586  50.693 0.0000000000
50972  -50.498  -26.755  41.344 0.0000000000
39443  -36.639  -39.026  53.547 0.0000000000
112923  -31.460  -39.523  48.973 0.0000000000
40390  -34.812  -38.298  47.321 0.0000000000
41331  -32.158  -37.617  40.941 0.0000000000
132899  -21.796  -40.495  59.609 0.0000000000
55203  -49.503  -21.694  46.305 0.0000000000
56147  -50.092  -20.336  42.383 0.0000000000
61574  -49.758  -13.823  40.989 0.0000000000
56161  -46.798  -20.134  40.276 0.0000000000
58182  -44.364  -19.142  35.933 0.0000000000
37721  -20.503  -41.165  51.774 0.0000000000
39552  -24.589  -39.715  44.310 0.0000000000
48465  -41.475  -30.057  45.505 0.0000000000
50099  -41.425  -27.540  45.428 0.0000000000
50084  -41.876  -27.914  47.622 0.0000000000
45715  -42.635  -32.078  48.579 0.0000000000
43979  -40.835  -33.629  46.265 0.0000000000
128501  -41.180  -31.428  45.163 0.0000000000
46665  -39.719  -30.980  43.238 0.0000000000
54432  -51.376  -22.654  38.026 0.0000000000
53594  -48.428  -23.323  38.525 0.0000000000
38508  -30.875  -39.795  56.085 0.0000000000
38559  -27.492  -40.370  53.692 0.0000000000
127258  -30.600  -40.178  53.144 0.0000000000
51034  -38.583  -26.801  36.508 0.0000000000
51844  -44.571  -25.305  42.617 0.0000000000
51873  -44.085  -25.543  40.159 0.0000000000
51860  -46.542  -25.814  41.648 0.0000000000
50987  -47.861  -26.701  40.516 0.0000000000
134510  -48.764  -26.192  42.690 0.0000000000
40333  -39.016  -37.743  52.560 0.0000000000
117339  -35.526  -38.101  50.191 0.0000000000
111960  -38.085  -36.877  49.041 0.0000000000
42176  -36.541  -36.778  41.193 0.0000000000
41319  -35.022  -37.804  41.956 0.0000000000
42184  -33.112  -36.814  39.789 0.0000000000
47637  -36.280  -30.195  37.801 0.0000000000
114416  -50.374  -21.297  44.150 0.0000000000
59015  -49.181  -17.066  40.228 0.0000000000
59924  -47.124  -16.844  38.215 0.0000000000
57223  -45.365  -19.440  37.548 0.0000000000
59948  -46.185  -16.251  37.032 0.0000000000
59974  -44.721  -16.385  32.487 0.0000000000
37623  -23.947  -40.779  59.080 0.0000000000
128900  -20.759  -40.265  55.707 0.0000000000
129989  -22.953  -40.463  54.476 0.0000000000
36849  -22.900  -42.248  48.530 0.0000000000
36108  -20.899  -43.028  47.567 0.0000000000
34637  -20.821  -45.303  45.161 0.0000000000
38666  -30.723  -39.044  45.801 0.0000000000
38654  -28.896  -39.695  46.812 0.0000000000
39574  -26.687  -39.240  42.968 0.0000000000
49356  -38.609  -28.735  40.650 0.0000000000
50981  -39.797  -26.813  40.156 0.0000000000
50124  -40.265  -27.601  42.669 0.0000000000
50930  -42.049  -26.056  43.764 0.0000000000
51804  -44.694  -24.825  45.372 0.0000000000
42103  -41.407  -35.912  49.909 0.0000000000
41269  -39.247  -36.576  47.387 0.0000000000
114696  -39.879  -35.783  46.428 0.0000000000
43076  -38.573  -35.551  43.445 0.0000000000
44061  -37.185  -34.551  40.811 0.0000000000
44943  -34.968  -34.052  38.769 0.0000000000
45796  -37.656  -32.416  40.657 0.0000000000
47625  -38.008  -30.909  40.495 0.0000000000
61615  -46.967  -13.776  35.953 0.0000000000
63312  -50.047  -11.707  35.434 0.0000000000
38489  -26.495  -40.569  57.259 0.0000000000
37681  -24.724  -41.527  54.805 0.0000000000
37682  -26.233  -41.224  54.566 0.0000000000
38592  -25.214  -40.890  51.538 0.0000000000
37755  -24.119  -40.878  47.926 0.0000000000
113338  -41.058  -26.136  38.818 0.0000000000
50161  -50.287  -26.867  39.672 0.0000000000
51891  -51.651  -25.835  40.124 0.0000000000
38547  -34.215  -39.730  55.001 0.0000000000
38580  -31.811  -39.926  52.344 0.0000000000
39465  -34.140  -38.981  51.505 0.0000000000
39503  -32.435  -39.066  48.015 0.0000000000
39558  -31.938  -38.881  44.829 0.0000000000
40412  -36.594  -38.146  45.535 0.0000000000
40420  -33.664  -38.614  44.030 0.0000000000
40451  -30.687  -38.499  42.432 0.0000000000
50067  -43.364  -27.461  51.292 0.0000000000
123715  -34.746  -39.177  56.968 0.0000000000
39422  -39.012  -38.426  55.442 0.0000000000
40325  -40.609  -37.460  53.574 0.0000000000
51759  -43.778  -25.722  50.228 0.0000000000
118049  -45.246  -24.848  48.993 0.0000000000
52658  -47.150  -24.150  46.784 0.0000000000
54342  -48.129  -21.965  48.253 0.0000000000
52666  -48.808  -24.457  45.700 0.0000000000
52678  -50.684  -24.639  44.365 0.0000000000
54391  -51.352  -23.599  42.810 0.0000000000
53562  -49.958  -24.012  41.641 0.0000000000
58998  -50.377  -17.135  41.490 0.0000000000
56145  -49.000  -20.454  41.757 0.0000000000
54413  -47.274  -23.101  40.727 0.0000000000
54420  -45.722  -22.646  39.126 0.0000000000
115856  -45.697  -16.297  35.063 0.0000000000
37657  -19.275  -40.821  56.793 0.0000000000
114752  -19.783  -45.039  50.128 0.0000000000
38591  -22.144  -41.030  51.311 0.0000000000
35357  -19.743  -44.121  48.852 0.0000000000
38625  -30.161  -39.842  49.957 0.0000000000
39514  -26.231  -39.196  47.750 0.0000000000
37771  -23.400  -41.569  44.909 0.0000000000
36168  -24.558  -44.016  42.720 0.0000000000
48455  -41.782  -30.205  46.281 0.0000000000
49313  -41.924  -29.447  46.699 0.0000000000
112058  -42.145  -28.808  48.298 0.0000000000
47546  -43.085  -30.799  49.057 0.0000000000
46621  -42.008  -31.503  46.929 0.0000000000
47573  -41.926  -30.695  46.569 0.0000000000
47585  -41.576  -30.736  45.817 0.0000000000
52737  -51.557  -24.555  38.665 0.0000000000
53596  -51.222  -23.439  38.507 0.0000000000
54431  -50.843  -22.547  38.157 0.0000000000
53583  -49.378  -24.047  39.440 0.0000000000
38525  -31.488  -39.928  55.451 0.0000000000
38543  -30.624  -40.013  54.454 0.0000000000
38544  -31.350  -40.186  54.582 0.0000000000
49372  -36.614  -28.445  36.266 0.0000000000
50163  -37.589  -27.698  37.129 0.0000000000
51832  -45.311  -24.918  43.790 0.0000000000
111640  -45.434  -25.444  41.919 0.0000000000
51845  -46.161  -25.365  42.532 0.0000000000
50949  -47.464  -26.179  41.820 0.0000000000
51847  -47.382  -25.583  43.144 0.0000000000
40344  -39.438  -37.511  51.929 0.0000000000
40356  -38.685  -37.287  50.918 0.0000000000
40372  -39.177  -36.947  50.298 0.0000000000
42200  -35.194  -36.119  39.703 0.0000000000
42186  -34.843  -36.768  40.292 0.0000000000
129200  -33.543  -35.936  38.888 0.0000000000
42208  -31.485  -36.199  38.098 0.0000000000
49363  -37.007  -28.998  38.081 0.0000000000
48518  -35.883  -30.083  37.002 0.0000000000
48519  -36.210  -29.242  36.637 0.0000000000
59926  -48.386  -15.482  38.832 0.0000000000
60763  -47.074  -15.146  37.868 0.0000000000
119391  -46.661  -16.267  37.626 0.0000000000
120331  -46.553  -15.545  37.202 0.0000000000
130163  -24.594  -41.275  57.926 0.0000000000
38504  -23.644  -40.827  56.957 0.0000000000
133739  -24.243  -41.245  56.602 0.0000000000
36864  -22.760  -42.292  47.043 0.0000000000
36123  -21.466  -43.265  46.571 0.0000000000
35393  -21.352  -44.560  44.621 0.0000000000
133363  -21.440  -46.211  44.158 0.0000000000
35411  -21.727  -44.942  43.837 0.0000000000
38691  -29.587  -39.353  43.943 0.0000000000
127878  -28.607  -39.866  44.503 0.0000000000
112549  -28.375  -39.271  42.802 0.0000000000
48501  -39.286  -29.402  41.930 0.0000000000
50127  -39.473  -27.779  41.429 0.0000000000
49349  -40.137  -28.577  42.908 0.0000000000
50905  -41.721  -26.776  45.931 0.0000000000
50920  -41.515  -26.610  44.273 0.0000000000
50913  -42.283  -25.956  45.545 0.0000000000
113881  -43.795  -25.140  45.033 0.0000000000
51803  -43.822  -25.148  45.844 0.0000000000
42989  -42.196  -34.876  49.932 0.0000000000
42124  -40.780  -35.833  48.584 0.0000000000
43939  -41.653  -34.596  48.568 0.0000000000
44890  -39.734  -33.565  44.332 0.0000000000
43994  -39.518  -34.619  44.517 0.0000000000
44013  -39.210  -34.219  43.791 0.0000000000
43093  -37.851  -34.794  42.076 0.0000000000
44046  -38.099  -34.123  42.006 0.0000000000
44924  -37.482  -33.522  40.864 0.0000000000
44914  -38.344  -32.639  41.850 0.0000000000
47615  -39.967  -30.174  43.255 0.0000000000
46682  -39.057  -30.943  42.197 0.0000000000
47621  -39.205  -30.150  42.030 0.0000000000
131122  -38.610  -29.413  40.889 0.0000000000
38505  -27.688  -40.392  56.535 0.0000000000
111825  -26.673  -41.203  55.843 0.0000000000
37672  -27.266  -40.850  55.432 0.0000000000
128692  -27.819  -39.888  52.330 0.0000000000
38574  -26.216  -40.485  52.737 0.0000000000
38610  -25.751  -40.223  51.055 0.0000000000
38622  -24.273  -41.105  49.364 0.0000000000
39488  -25.450  -39.911  49.179 0.0000000000
50982  -40.470  -26.370  40.591 0.0000000000
50996  -40.598  -26.320  39.554 0.0000000000
111901  -41.188  -26.014  40.083 0.0000000000
51890  -44.672  -25.776  39.526 0.0000000000
51901  -43.401  -25.689  38.670 0.0000000000
51013  -44.255  -25.859  38.138 0.0000000000
50129  -49.372  -26.858  40.796 0.0000000000
50148  -48.796  -26.973  39.679 0.0000000000
50140  -50.666  -26.982  40.643 0.0000000000
51003  -51.134  -26.728  39.818 0.0000000000
116147  -51.169  -26.798  40.939 0.0000000000
38548  -35.900  -39.383  54.820 0.0000000000
38582  -34.000  -39.393  52.882 0.0000000000
39454  -35.513  -38.915  52.480 0.0000000000
121968  -34.759  -38.209  48.174 0.0000000000
39494  -34.080  -38.644  49.528 0.0000000000
39519  -33.949  -38.430  47.829 0.0000000000
39529  -32.210  -38.764  46.532 0.0000000000
39545  -32.856  -38.804  45.872 0.0000000000
41276  -38.714  -36.785  46.405 0.0000000000
40404  -38.602  -36.892  46.829 0.0000000000
41284  -38.173  -37.584  45.211 0.0000000000
40468  -33.293  -37.922  41.521 0.0000000000
40455  -34.318  -38.167  42.520 0.0000000000
40453  -32.560  -38.380  42.099 0.0000000000
39596  -32.040  -38.823  42.866 0.0000000000
114870  -35.461  -33.314  38.692 0.0000000000
39434  -39.774  -37.908  54.571 0.0000000000
42934  -42.691  -34.500  52.866 0.0000000000
50881  -43.491  -26.532  50.960 0.0000000000
52637  -45.464  -24.259  50.236 0.0000000000
52638  -46.190  -23.694  49.648 0.0000000000
51777  -45.848  -24.478  48.088 0.0000000000
52646  -47.081  -23.459  48.055 0.0000000000
131903  -48.856  -22.005  47.305 0.0000000000
53491  -48.337  -23.112  47.290 0.0000000000
53502  -49.324  -23.308  46.287 0.0000000000
52667  -49.433  -24.332  45.385 0.0000000000
53514  -49.909  -23.252  45.343 0.0000000000
115181  -50.587  -21.080  43.362 0.0000000000
54381  -51.120  -22.838  43.195 0.0000000000
54390  -50.891  -22.723  42.663 0.0000000000
54403  -50.744  -23.332  42.189 0.0000000000
55248  -50.428  -22.222  42.369 0.0000000000
60734  -50.265  -15.258  41.277 0.0000000000
58156  -47.593  -18.250  39.681 0.0000000000
57201  -49.409  -18.668  41.006 0.0000000000
57200  -47.776  -19.542  40.704 0.0000000000
55245  -47.336  -21.447  41.225 0.0000000000
119932  -46.723  -20.945  40.751 0.0000000000
54421  -46.276  -23.034  39.567 0.0000000000
55264  -46.189  -21.176  39.978 0.0000000000
58170  -44.994  -19.086  36.748 0.0000000000
56194  -44.536  -20.880  37.418 0.0000000000
56204  -43.673  -21.042  36.311 0.0000000000
62488  -47.938  -13.477  34.816 0.0000000000
60780  -46.423  -15.303  35.159 0.0000000000
60786  -46.465  -15.205  34.414 0.0000000000
38536  -20.724  -40.421  54.139 0.0000000000
38535  -19.953  -40.786  54.373 0.0000000000
37704  -19.884  -41.605  52.104 0.0000000000
36070  -19.600  -43.615  51.738 0.0000000000
129499  -19.660  -43.000  50.549 0.0000000000
37707  -23.929  -41.615  52.826 0.0000000000
37693  -23.454  -41.395  52.765 0.0000000000
36833  -23.110  -41.555  50.564 0.0000000000
36107  -20.150  -43.422  47.836 0.0000000000
31586  -21.876  -49.358  45.886 0.0000000000
38614  -31.493  -39.558  50.438 0.0000000000
38598  -31.176  -39.663  51.125 0.0000000000
38626  -30.793  -39.741  49.787 0.0000000000
130679  -26.683  -39.263  45.381 0.0000000000
117400  -27.191  -39.249  47.091 0.0000000000
39539  -25.146  -39.367  45.585 0.0000000000
39524  -24.481  -39.714  46.102 0.0000000000
38672  -24.068  -40.281  44.838 0.0000000000
34700  -24.360  -44.852  42.868 0.0000000000
48476  -40.846  -29.410  44.280 0.0000000000
129478  -40.965  -28.428  44.230 0.0000000000
128673  -41.196  -29.080  44.684 0.0000000000
50091  -41.591  -27.643  46.146 0.0000000000
50900  -42.201  -26.633  47.646 0.0000000000
44831  -42.819  -32.407  49.454 0.0000000000
44841  -41.442  -33.519  47.454 0.0000000000
45726  -41.630  -32.744  47.263 0.0000000000
45754  -40.608  -32.712  45.393 0.0000000000
45773  -39.840  -32.504  44.135 0.0000000000
127700  -39.316  -32.023  43.359 0.0000000000
46653  -40.732  -31.282  44.583 0.0000000000
47595  -40.785  -30.577  44.473 0.0000000000
53606  -47.527  -23.243  37.948 0.0000000000
38492  -29.482  -40.022  56.262 0.0000000000
37684  -27.991  -40.510  54.928 0.0000000000
38523  -29.871  -39.924  55.117 0.0000000000
38561  -29.712  -39.985  53.525 0.0000000000
38595  -28.767  -39.943  52.260 0.0000000000
113903  -43.194  -25.549  42.076 0.0000000000
51872  -42.625  -25.557  40.820 0.0000000000
111641  -44.301  -25.433  41.716 0.0000000000
51858  -45.123  -25.529  40.980 0.0000000000
50985  -46.172  -26.242  39.887 0.0000000000
51002  -46.688  -26.517  39.426 0.0000000000
50968  -47.254  -26.281  41.013 0.0000000000
50969  -48.090  -26.600  41.234 0.0000000000
50951  -49.172  -26.510  42.028 0.0000000000
112300  -37.414  -38.675  53.186 0.0000000000
39467  -35.919  -38.516  51.909 0.0000000000
118850  -37.080  -37.932  51.369 0.0000000000
40369  -36.645  -37.765  49.657 0.0000000000
40392  -36.154  -38.033  47.723 0.0000000000
42161  -36.998  -36.944  41.968 0.0000000000
41303  -36.785  -37.691  43.298 0.0000000000
41335  -35.727  -37.293  41.511 0.0000000000
41333  -33.906  -37.325  40.853 0.0000000000
41345  -32.570  -37.180  40.313 0.0000000000
41353  -30.333  -37.312  39.539 0.0000000000
42197  -31.404  -36.606  38.889 0.0000000000
47632  -36.556  -30.725  38.428 0.0000000000
126000  -35.508  -30.754  36.887 0.0000000000
57136  -49.500  -19.911  45.948 0.0000000000
55213  -49.890  -21.792  45.542 0.0000000000
57137  -49.844  -19.568  45.075 0.0000000000
57157  -50.178  -19.316  44.460 0.0000000000
57186  -50.424  -19.079  42.560 0.0000000000
61582  -49.705  -13.960  40.442 0.0000000000
59905  -50.053  -15.483  40.678 0.0000000000
60739  -49.124  -15.156  39.418 0.0000000000
59013  -47.800  -17.431  39.292 0.0000000000
59012  -47.163  -17.997  38.950 0.0000000000
57209  -45.972  -20.084  38.951 0.0000000000
59023  -46.213  -18.119  37.807 0.0000000000
59039  -45.776  -17.688  37.262 0.0000000000
59054  -45.152  -17.827  36.057 0.0000000000
61645  -47.808  -14.476  32.972 0.0000000000
60791  -46.548  -15.144  33.476 0.0000000000
124996  -46.068  -15.499  31.768 0.0000000000
37622  -22.949  -40.524  58.992 0.0000000000
38474  -21.514  -40.347  58.536 0.0000000000
38487  -23.058  -40.516  57.806 0.0000000000
38520  -21.909  -40.159  55.810 0.0000000000
38555  -21.717  -40.419  53.146 0.0000000000
36841  -23.256  -41.695  49.800 0.0000000000
36847  -22.213  -42.236  48.591 0.0000000000
127135  -22.493  -42.317  48.414 0.0000000000
36122  -20.937  -43.464  46.896 0.0000000000
124336  -20.552  -46.235  45.472 0.0000000000
33075  -20.813  -47.670  45.415 0.0000000000
33868  -21.288  -46.879  44.400 0.0000000000
38646  -31.062  -39.527  47.465 0.0000000000
131176  -30.563  -39.753  47.538 0.0000000000
38655  -29.556  -39.671  46.248 0.0000000000
39542  -28.321  -39.707  45.166 0.0000000000
39573  -25.697  -39.290  43.313 0.0000000000
49365  -38.184  -28.216  39.336 0.0000000000
114126  -38.334  -27.681  38.810 0.0000000000
50134  -38.764  -27.957  40.327 0.0000000000
50964  -39.786  -26.932  41.028 0.0000000000
50946  -40.626  -26.638  42.333 0.0000000000
50115  -41.049  -27.334  43.939 0.0000000000
50929  -41.362  -26.550  43.564 0.0000000000
50948  -41.841  -26.078  43.029 0.0000000000
51830  -43.582  -25.512  43.419 0.0000000000
51816  -44.573  -24.947  44.440 0.0000000000
51817  -45.447  -24.795  44.646 0.0000000000
41244  -41.073  -36.326  50.522 0.0000000000
40373  -39.663  -36.698  49.779 0.0000000000
42114  -40.458  -36.221  48.975 0.0000000000
41278  -39.363  -36.508  47.101 0.0000000000
113468  -39.132  -36.221  45.576 0.0000000000
43978  -40.452  -34.355  46.054 0.0000000000
43067  -39.552  -35.330  45.174 0.0000000000
42153  -38.468  -36.302  43.646 0.0000000000
43081  -37.672  -35.695  42.023 0.0000000000
43105  -36.414  -35.576  40.400 0.0000000000
44074  -35.910  -35.108  39.962 0.0000000000
44086  -34.422  -34.599  38.378 0.0000000000
122776  -36.181  -34.335  39.840 0.0000000000
44932  -36.452  -33.437  39.709 0.0000000000
45800  -36.741  -32.415  39.477 0.0000000000
45783  -38.793  -31.865  42.439 0.0000000000
46697  -38.068  -31.600  40.868 0.0000000000
46701  -37.214  -31.593  39.579 0.0000000000
47628  -37.532  -30.215  39.354 0.0000000000
48507  -37.840  -29.603  39.624 0.0000000000
111072  -46.869  -13.939  36.811 0.0000000000
110801  -47.464  -12.106  36.481 0.0000000000
62482  -48.495  -12.724  35.093 0.0000000000
62489  -48.905  -13.210  34.581 0.0000000000
62498  -49.190  -13.608  34.099 0.0000000000
61647  -49.452  -14.061  32.483 0.0000000000
37638  -25.751  -40.871  57.786 0.0000000000
37659  -24.927  -41.660  56.626 0.0000000000
36792  -25.303  -41.575  55.354 0.0000000000
36801  -25.184  -41.616  54.555 0.0000000000
36822  -24.581  -41.571  53.073 0.0000000000
37697  -26.821  -40.802  54.192 0.0000000000
37709  -25.680  -41.063  53.166 0.0000000000
37724  -24.139  -41.597  51.359 0.0000000000
37742  -23.809  -41.600  49.142 0.0000000000
131387  -23.691  -41.590  47.898 0.0000000000
36865  -23.035  -41.890  46.387 0.0000000000
51009  -39.489  -26.687  38.390 0.0000000000
51023  -40.119  -26.412  37.760 0.0000000000
51888  -42.757  -25.607  39.434 0.0000000000
51903  -51.571  -25.559  39.282 0.0000000000
52732  -51.560  -25.224  39.797 0.0000000000
38527  -33.671  -39.814  55.652 0.0000000000
38545  -32.453  -40.193  54.290 0.0000000000
125713  -33.449  -39.773  53.399 0.0000000000
38600  -32.488  -39.747  52.054 0.0000000000
38616  -32.730  -39.445  50.305 0.0000000000
119240  -34.850  -38.663  51.114 0.0000000000
39479  -33.382  -39.113  49.957 0.0000000000
111804  -31.780  -39.367  48.363 0.0000000000
111803  -31.295  -39.128  46.965 0.0000000000
38675  -30.997  -38.825  45.186 0.0000000000
39578  -30.328  -38.876  43.895 0.0000000000
40383  -38.473  -36.806  48.115 0.0000000000
40393  -37.660  -37.317  47.638 0.0000000000
40411  -35.859  -38.237  46.070 0.0000000000
40439  -36.159  -38.132  43.893 0.0000000000
40422  -35.465  -38.285  44.580 0.0000000000
40409  -33.580  -38.745  45.065 0.0000000000
39559  -32.828  -38.910  44.491 0.0000000000
119308  -31.191  -38.806  43.180 0.0000000000
44099  -33.308  -34.372  37.407 0.0000000000
48421  -43.283  -30.425  49.604 0.0000000000
49292  -43.057  -28.910  50.251 0.0000000000
37610  -23.917  -40.448  60.188 0.0000000000
38469  -25.715  -40.024  58.947 0.0000000000
38478  -26.125  -40.117  57.920 0.0000000000
39396  -27.764  -39.598  57.072 0.0000000000
39399  -30.997  -39.373  57.453 0.0000000000
129037  -31.715  -39.417  57.421 0.0000000000
38495  -32.954  -39.293  57.580 0.0000000000
38511  -33.602  -39.600  56.504 0.0000000000
38512  -34.493  -39.591  56.334 0.0000000000
120881  -36.035  -39.486  55.473 0.0000000000
38550  -37.340  -39.095  55.365 0.0000000000
39421  -38.477  -38.610  55.507 0.0000000000
112298  -38.107  -38.759  54.738 0.0000000000
39457  -38.916  -38.023  53.507 0.0000000000
40335  -40.131  -37.548  53.301 0.0000000000
40336  -40.691  -37.318  52.911 0.0000000000
113685  -41.058  -36.688  51.458 0.0000000000
42078  -41.997  -35.623  51.851 0.0000000000
42972  -42.451  -34.784  50.683 0.0000000000
47529  -43.512  -30.943  49.826 0.0000000000
50073  -42.503  -27.890  49.952 0.0000000000
50887  -42.545  -26.836  49.669 0.0000000000
132213  -43.149  -25.663  48.628 0.0000000000
51761  -44.968  -24.738  50.908 0.0000000000
51768  -44.475  -25.085  49.649 0.0000000000
51783  -43.807  -25.316  47.893 0.0000000000
115297  -44.697  -25.143  47.029 0.0000000000
124405  -46.033  -24.562  46.258 0.0000000000
51806  -46.774  -24.556  45.512 0.0000000000
53490  -47.745  -23.235  47.643 0.0000000000
52659  -47.850  -24.069  46.544 0.0000000000
121823  -48.041  -25.199  44.824 0.0000000000
51820  -48.627  -25.364  44.574 0.0000000000
51835  -49.795  -25.850  43.649 0.0000000000
51836  -50.574  -25.706  43.534 0.0000000000
54366  -50.385  -22.764  44.587 0.0000000000
53528  -51.291  -24.492  43.800 0.0000000000
51848  -51.331  -25.510  42.634 0.0000000000
52710  -51.551  -25.075  41.841 0.0000000000
52708  -50.555  -24.606  41.233 0.0000000000
52707  -49.634  -24.379  41.138 0.0000000000
58131  -50.514  -18.192  42.298 0.0000000000
57196  -50.218  -18.850  41.874 0.0000000000
127997  -49.703  -17.445  40.766 0.0000000000
57202  -49.937  -18.805  41.374 0.0000000000
56146  -49.737  -20.245  42.072 0.0000000000
54401  -49.045  -22.417  41.843 0.0000000000
125848  -48.484  -23.290  41.522 0.0000000000
53574  -48.304  -24.020  40.711 0.0000000000
53582  -47.416  -23.672  39.713 0.0000000000
53581  -46.686  -23.451  39.251 0.0000000000
53591  -45.793  -23.188  38.036 0.0000000000
130541  -45.311  -21.459  38.655 0.0000000000
54429  -44.895  -22.369  38.031 0.0000000000
53604  -45.555  -23.045  37.248 0.0000000000
111018  -46.539  -15.045  36.601 0.0000000000
117329  -45.786  -16.432  35.794 0.0000000000
59070  -44.928  -17.482  35.294 0.0000000000
59968  -45.395  -16.240  33.297 0.0000000000
59082  -44.412  -17.458  34.370 0.0000000000
58193  -44.021  -18.793  35.055 0.0000000000
112519  -20.079  -40.475  56.246 0.0000000000
37668  -24.512  -41.412  55.270 0.0000000000
38556  -22.602  -40.738  52.931 0.0000000000
38590  -21.183  -40.850  51.434 0.0000000000
37740  -21.302  -41.712  49.166 0.0000000000
36839  -20.461  -41.921  49.462 0.0000000000
36838  -19.852  -42.672  49.847 0.0000000000
34582  -19.793  -44.936  49.193 0.0000000000
37711  -31.391  -40.222  52.884 0.0000000000
38597  -30.628  -39.881  51.801 0.0000000000
39491  -28.346  -39.642  49.992 0.0000000000
38633  -29.163  -39.779  48.474 0.0000000000
39501  -28.261  -39.523  48.361 0.0000000000
123812  -27.111  -39.564  49.159 0.0000000000
39497  -24.504  -39.955  47.825 0.0000000000
37760  -23.497  -41.258  46.562 0.0000000000
36873  -23.005  -42.103  45.433 0.0000000000
38700  -25.293  -39.809  42.043 0.0000000000
38699  -24.704  -40.363  42.560 0.0000000000
122086  -24.348  -40.903  43.097 0.0000000000
36901  -24.048  -42.604  43.060 0.0000000000
117694  -23.610  -43.180  43.210 0.0000000000
134333  -22.655  -44.348  43.403 0.0000000000
47574  -42.232  -30.334  47.078 0.0000000000
48444  -42.350  -29.764  47.874 0.0000000000
47563  -42.595  -30.607  48.135 0.0000000000
46604  -42.317  -31.037  47.289 0.0000000000
53585  -51.527  -24.439  39.079 0.0000000000
53595  -50.188  -23.454  38.705 0.0000000000
121164  -32.269  -39.846  55.706 0.0000000000
111349  -32.013  -40.127  54.780 0.0000000000
49373  -37.099  -28.204  36.928 0.0000000000
50154  -37.900  -27.637  38.002 0.0000000000
111644  -46.121  -24.979  43.913 0.0000000000
128802  -45.931  -25.063  43.247 0.0000000000
111642  -46.619  -25.277  43.166 0.0000000000
40345  -40.066  -37.250  51.721 0.0000000000
40357  -39.348  -37.206  51.243 0.0000000000
40358  -39.893  -36.847  50.757 0.0000000000
114439  -34.729  -35.746  39.306 0.0000000000
43117  -34.119  -35.807  39.071 0.0000000000
49368  -36.748  -28.755  37.202 0.0000000000
110799  -47.672  -14.007  38.087 0.0000000000
111025  -46.933  -14.541  37.398 0.0000000000
37636  -24.910  -41.281  58.366 0.0000000000
37646  -24.507  -41.387  57.125 0.0000000000
37647  -24.970  -41.535  57.513 0.0000000000
36136  -22.102  -42.906  45.666 0.0000000000
35394  -22.149  -44.185  43.885 0.0000000000
39576  -29.066  -39.297  43.396 0.0000000000
49348  -39.719  -29.037  42.375 0.0000000000
50906  -42.291  -26.281  46.535 0.0000000000
51802  -42.989  -25.598  46.211 0.0000000000
134796  -43.125  -25.453  45.490 0.0000000000
43925  -42.395  -34.260  49.735 0.0000000000
43006  -42.007  -34.813  49.326 0.0000000000
44029  -38.784  -33.876  43.048 0.0000000000
125319  -38.415  -34.417  42.536 0.0000000000
44900  -38.418  -33.614  42.291 0.0000000000
44913  -37.976  -33.495  41.629 0.0000000000
44901  -38.703  -32.865  42.830 0.0000000000
48495  -39.644  -29.759  42.551 0.0000000000
38491  -28.319  -39.948  56.791 0.0000000000
37662  -27.364  -40.752  56.123 0.0000000000
39463  -27.575  -39.717  51.555 0.0000000000
38594  -26.853  -39.976  52.187 0.0000000000
39462  -26.630  -39.790  51.333 0.0000000000
38624  -25.440  -40.209  50.144 0.0000000000
39476  -26.457  -39.732  50.442 0.0000000000
134691  -40.742  -26.219  41.102 0.0000000000
50983  -41.227  -25.984  40.774 0.0000000000
51871  -41.911  -25.754  41.124 0.0000000000
51000  -45.246  -26.124  39.056 0.0000000000
50999  -44.439  -25.820  38.870 0.0000000000
50130  -50.049  -26.850  40.881 0.0000000000
50139  -49.943  -26.944  40.419 0.0000000000
39430  -36.673  -39.187  54.488 0.0000000000
39429  -35.817  -39.187  53.914 0.0000000000
39442  -35.902  -39.065  53.122 0.0000000000
40391  -35.448  -38.131  47.730 0.0000000000
39531  -33.945  -38.500  46.939 0.0000000000
39530  -33.030  -38.691  46.698 0.0000000000
39546  -33.903  -38.763  46.023 0.0000000000
41295  -38.617  -37.099  44.722 0.0000000000
41294  -37.921  -37.555  44.344 0.0000000000
40467  -32.573  -37.910  41.407 0.0000000000
40466  -31.904  -38.095  41.596 0.0000000000
40483  -31.230  -37.771  41.092 0.0000000000
45816  -35.095  -32.208  37.534 0.0000000000
52645  -46.384  -23.856  48.568 0.0000000000
55194  -49.028  -21.514  47.001 0.0000000000
54350  -49.141  -22.422  46.815 0.0000000000
53492  -48.839  -23.026  46.951 0.0000000000
112852  -49.577  -23.850  45.657 0.0000000000
54355  -49.689  -22.544  46.002 0.0000000000
114722  -50.414  -20.635  42.735 0.0000000000
55229  -50.772  -21.797  42.945 0.0000000000
55237  -50.439  -21.449  42.658 0.0000000000
62434  -49.187  -13.389  41.116 0.0000000000
61568  -49.363  -13.855  41.421 0.0000000000
60725  -49.917  -14.481  41.445 0.0000000000
57211  -47.292  -19.147  39.969 0.0000000000
56144  -47.436  -20.411  41.018 0.0000000000
56173  -46.233  -20.376  39.566 0.0000000000
57234  -44.433  -19.769  36.510 0.0000000000
57233  -43.810  -20.156  36.000 0.0000000000
132640  -43.816  -19.550  35.390 0.0000000000
61630  -47.393  -14.070  34.510 0.0000000000
61629  -46.780  -14.644  34.850 0.0000000000
61637  -46.936  -14.597  34.106 0.0000000000
38466  -21.260  -40.445  59.289 0.0000000000
37705  -20.159  -40.989  52.759 0.0000000000
36826  -19.761  -42.280  51.585 0.0000000000
36831  -19.936  -42.349  50.680 0.0000000000
36820  -23.822  -41.648  51.977 0.0000000000
36819  -23.555  -41.595  51.257 0.0000000000
32356  -20.724  -48.421  46.655 0.0000000000
38628  -31.688  -39.486  49.738 0.0000000000
112518  -31.106  -39.714  48.923 0.0000000000
122290  -25.908  -39.233  44.926 0.0000000000
39540  -26.030  -39.252  45.885 0.0000000000
128742  -25.047  -39.357  44.841 0.0000000000
39538  -24.531  -39.722  45.226 0.0000000000
48477  -41.188  -29.775  44.817 0.0000000000
123496  -41.419  -29.271  45.260 0.0000000000
49305  -41.748  -28.287  46.739 0.0000000000
50092  -41.844  -27.225  46.768 0.0000000000
45727  -42.191  -32.434  47.861 0.0000000000
113260  -41.681  -31.730  46.344 0.0000000000
45755  -41.288  -32.068  45.670 0.0000000000
45766  -40.244  -32.662  44.749 0.0000000000
45767  -40.796  -31.973  45.018 0.0000000000
126208  -40.385  -31.970  44.523 0.0000000000
47596  -41.233  -30.500  44.982 0.0000000000
119211  -40.857  -30.063  44.484 0.0000000000
129228  -51.449  -22.951  37.915 0.0000000000
53608  -49.639  -22.787  38.183 0.0000000000
53607  -48.701  -22.824  37.866 0.0000000000
38507  -30.051  -39.938  55.861 0.0000000000
38562  -30.560  -40.094  53.713 0.0000000000
38542  -29.761  -39.912  54.344 0.0000000000
38577  -29.241  -40.054  52.905 0.0000000000
38578  -30.221  -40.038  52.709 0.0000000000
128951  -38.129  -26.937  35.862 0.0000000000
111560  -43.749  -25.520  42.672 0.0000000000
51859  -45.858  -25.699  41.103 0.0000000000
51875  -45.661  -25.856  40.381 0.0000000000
50967  -46.427  -26.027  40.680 0.0000000000
130084  -47.629  -25.961  42.457 0.0000000000
50950  -48.305  -26.295  42.039 0.0000000000
39456  -38.218  -38.145  52.934 0.0000000000
131073  -37.474  -38.212  52.290 0.0000000000
111362  -38.021  -37.762  51.607 0.0000000000
40371  -38.327  -37.050  49.975 0.0000000000
114651  -37.404  -37.441  49.940 0.0000000000
40370  -37.230  -37.464  49.091 0.0000000000
113565  -36.441  -37.805  48.966 0.0000000000
40381  -36.819  -37.735  48.207 0.0000000000
42185  -33.884  -36.772  40.058 0.0000000000
122678  -33.278  -37.115  40.365 0.0000000000
41355  -32.185  -36.791  39.569 0.0000000000
47636  -35.860  -30.897  37.661 0.0000000000
124187  -49.073  -19.123  46.546 0.0000000000
122427  -50.131  -17.801  44.370 0.0000000000
58111  -50.215  -18.573  44.351 0.0000000000
57173  -50.425  -19.386  43.532 0.0000000000
58120  -50.433  -18.212  43.442 0.0000000000
110806  -48.708  -12.468  39.530 0.0000000000
63284  -48.374  -11.930  39.632 0.0000000000
61595  -48.929  -13.187  39.691 0.0000000000
61581  -49.193  -13.567  40.058 0.0000000000
117264  -49.348  -14.244  39.751 0.0000000000
60752  -48.882  -14.473  39.080 0.0000000000
60750  -47.492  -15.853  38.296 0.0000000000
59925  -47.910  -16.541  38.850 0.0000000000
59025  -47.365  -17.306  38.719 0.0000000000
58164  -46.601  -18.499  38.447 0.0000000000
59024  -46.881  -17.715  38.227 0.0000000000
59938  -45.960  -16.878  37.193 0.0000000000
58184  -45.337  -18.176  36.712 0.0000000000
59055  -45.559  -17.380  36.664 0.0000000000
127835  -47.464  -14.707  32.218 0.0000000000
61644  -46.963  -14.823  32.739 0.0000000000
37635  -23.739  -40.756  58.827 0.0000000000
38475  -22.553  -40.444  58.526 0.0000000000
38476  -23.517  -40.717  58.530 0.0000000000
38521  -22.960  -40.408  55.339 0.0000000000
124408  -22.959  -40.482  56.210 0.0000000000
38537  -21.486  -40.270  54.299 0.0000000000
38538  -22.259  -40.368  53.838 0.0000000000
36857  -22.470  -42.506  47.714 0.0000000000
35381  -21.222  -44.088  45.460 0.0000000000
35373  -20.980  -43.820  46.230 0.0000000000
35380  -20.713  -44.651  45.926 0.0000000000
33867  -20.706  -46.961  45.001 0.0000000000
130028  -20.921  -46.188  44.703 0.0000000000
33885  -21.914  -46.680  43.895 0.0000000000
134352  -31.004  -39.211  46.623 0.0000000000
38656  -30.485  -39.474  46.602 0.0000000000
38665  -29.978  -39.358  45.483 0.0000000000
39555  -28.338  -39.530  43.747 0.0000000000
115233  -27.281  -39.262  43.827 0.0000000000
119497  -26.911  -39.252  44.657 0.0000000000
49361  -38.420  -28.497  39.918 0.0000000000
49357  -38.935  -28.221  41.109 0.0000000000
50128  -40.044  -27.284  41.818 0.0000000000
50965  -40.397  -26.536  41.420 0.0000000000
50114  -40.556  -27.978  43.473 0.0000000000
50105  -41.247  -27.471  44.652 0.0000000000
50921  -42.109  -25.986  44.583 0.0000000000
111356  -42.792  -25.752  43.056 0.0000000000
51829  -42.831  -25.670  43.981 0.0000000000
51815  -43.691  -25.312  44.203 0.0000000000
41255  -40.911  -36.214  49.744 0.0000000000
116929  -41.232  -35.880  49.357 0.0000000000
43021  -40.382  -35.908  47.792 0.0000000000
42131  -39.879  -36.176  47.174 0.0000000000
42137  -39.359  -36.320  46.218 0.0000000000
44854  -41.221  -33.238  46.663 0.0000000000
43966  -40.971  -34.168  46.784 0.0000000000
43077  -38.971  -35.079  44.021 0.0000000000
43066  -39.148  -35.504  44.689 0.0000000000
42154  -38.746  -35.817  44.262 0.0000000000
42163  -38.164  -36.041  42.831 0.0000000000
115963  -37.432  -35.094  41.395 0.0000000000
43106  -36.974  -35.354  40.817 0.0000000000
44060  -36.590  -34.841  40.354 0.0000000000
44073  -35.450  -34.615  39.420 0.0000000000
44933  -37.114  -33.019  40.162 0.0000000000
44944  -36.038  -32.943  39.077 0.0000000000
45801  -37.319  -32.222  40.003 0.0000000000
46683  -39.262  -31.305  42.790 0.0000000000
111940  -38.394  -30.979  41.015 0.0000000000
46696  -37.649  -31.607  40.241 0.0000000000
47624  -37.583  -30.895  39.805 0.0000000000
122480  -37.153  -30.875  39.115 0.0000000000
48508  -38.293  -29.361  40.193 0.0000000000
49360  -37.947  -28.896  39.487 0.0000000000
64183  -48.847  -11.362  36.061 0.0000000000
63311  -49.091  -11.968  35.452 0.0000000000
62483  -49.502  -12.465  34.909 0.0000000000
62490  -49.827  -12.987  34.463 0.0000000000
62499  -50.064  -13.421  33.892 0.0000000000
61640  -49.349  -13.849  33.339 0.0000000000
62508  -50.183  -13.653  33.073 0.0000000000
37649  -26.071  -41.081  57.049 0.0000000000
37660  -25.684  -41.439  56.657 0.0000000000
37671  -26.469  -41.278  55.261 0.0000000000
36802  -25.740  -41.478  54.959 0.0000000000
36811  -25.521  -41.502  54.233 0.0000000000
36810  -25.029  -41.731  53.883 0.0000000000
37695  -25.261  -41.517  53.511 0.0000000000
38540  -27.767  -40.470  54.320 0.0000000000
38573  -25.447  -41.026  52.327 0.0000000000
37725  -24.741  -41.373  51.881 0.0000000000
37735  -24.551  -41.307  51.088 0.0000000000
37734  -24.043  -41.586  50.516 0.0000000000
124026  -24.012  -41.559  49.856 0.0000000000
38632  -24.585  -40.420  48.695 0.0000000000
37749  -24.010  -41.331  48.552 0.0000000000
113971  -23.325  -41.758  47.214 0.0000000000
38642  -23.782  -41.099  47.305 0.0000000000
50145  -39.170  -27.275  39.851 0.0000000000
50155  -38.935  -27.097  39.054 0.0000000000
50995  -39.693  -26.718  39.309 0.0000000000
51010  -40.329  -26.397  38.659 0.0000000000
115975  -43.142  -25.510  40.172 0.0000000000
112653  -43.436  -25.779  37.934 0.0000000000
50136  -47.538  -26.665  39.763 0.0000000000
50137  -48.363  -26.920  40.075 0.0000000000
50149  -49.711  -26.991  39.936 0.0000000000
51017  -49.899  -26.773  39.003 0.0000000000
51004  -51.571  -26.200  39.813 0.0000000000
51019  -51.455  -26.120  39.467 0.0000000000
131115  -51.604  -25.594  39.515 0.0000000000
38546  -33.230  -39.853  54.683 0.0000000000
111484  -33.782  -39.715  54.150 0.0000000000
38601  -33.826  -39.411  52.187 0.0000000000
118556  -33.256  -39.478  51.728 0.0000000000
122840  -32.618  -39.556  51.156 0.0000000000
39464  -33.356  -39.224  50.840 0.0000000000
40342  -36.281  -38.231  51.356 0.0000000000
39466  -35.537  -38.469  51.230 0.0000000000
39480  -35.158  -38.415  50.623 0.0000000000
39504  -33.202  -38.817  48.326 0.0000000000
39493  -33.280  -38.912  49.130 0.0000000000
38629  -32.674  -39.276  49.531 0.0000000000
38636  -32.518  -39.130  48.742 0.0000000000
38647  -31.441  -39.360  47.709 0.0000000000
38648  -31.865  -39.176  47.738 0.0000000000
39544  -32.061  -38.817  45.710 0.0000000000
39528  -31.597  -38.836  46.352 0.0000000000
39543  -31.480  -38.808  45.470 0.0000000000
39556  -30.790  -38.833  44.346 0.0000000000
39557  -31.312  -38.818  44.734 0.0000000000
40385  -39.483  -36.696  48.766 0.0000000000
129019  -39.041  -36.991  49.096 0.0000000000
40384  -39.192  -36.685  48.081 0.0000000000
40413  -37.526  -37.812  45.806 0.0000000000
40403  -37.792  -37.601  46.743 0.0000000000
40402  -36.762  -38.030  46.395 0.0000000000
113846  -36.854  -37.860  47.269 0.0000000000
41320  -35.774  -37.636  42.297 0.0000000000
41302  -35.960  -37.967  43.068 0.0000000000
40436  -33.616  -38.470  43.130 0.0000000000
40437  -34.397  -38.296  43.437 0.0000000000
40421  -34.514  -38.405  44.378 0.0000000000
40410  -34.760  -38.419  45.373 0.0000000000
39581  -32.941  -38.890  43.653 0.0000000000
132156  -31.699  -38.921  43.411 0.0000000000
39595  -30.210  -38.679  43.258 0.0000000000
39608  -29.703  -38.401  42.352 0.0000000000
44100  -34.023  -34.225  37.705 0.0000000000
37596  -23.356  -40.056  60.765 0.0000000000
39380  -26.246  -39.225  58.329 0.0000000000
39398  -30.161  -39.327  57.391 0.0000000000
38496  -34.243  -39.322  57.017 0.0000000000
38549  -36.729  -39.347  55.202 0.0000000000
39415  -38.846  -38.484  55.671 0.0000000000
39432  -38.519  -38.696  54.872 0.0000000000
38530  -37.941  -38.860  55.244 0.0000000000
114413  -38.838  -38.369  54.421 0.0000000000
40324  -40.097  -37.721  53.994 0.0000000000
40346  -40.322  -37.377  52.515 0.0000000000
128764  -41.127  -36.990  52.599 0.0000000000
127026  -41.478  -36.419  52.136 0.0000000000
42091  -41.472  -36.082  51.202 0.0000000000
42958  -42.477  -34.951  51.555 0.0000000000
42973  -42.730  -34.331  51.350 0.0000000000
43911  -42.855  -34.021  50.892 0.0000000000
49298  -42.485  -28.812  49.265 0.0000000000
50066  -42.941  -27.976  50.725 0.0000000000
128220  -43.145  -26.394  50.178 0.0000000000
50888  -43.102  -25.990  49.437 0.0000000000
50893  -42.548  -26.358  48.715 0.0000000000
52644  -45.754  -24.455  49.265 0.0000000000
51769  -45.055  -24.710  49.965 0.0000000000
51776  -44.460  -25.084  48.718 0.0000000000
112689  -44.939  -24.929  47.980 0.0000000000
51785  -46.340  -24.371  47.004 0.0000000000
51795  -46.778  -24.376  46.289 0.0000000000
53479  -47.429  -22.929  48.435 0.0000000000
53480  -47.974  -22.649  47.964 0.0000000000
52660  -48.481  -24.063  46.327 0.0000000000
52654  -48.089  -23.600  46.920 0.0000000000
51797  -48.182  -24.472  45.912 0.0000000000
51807  -47.745  -24.744  45.371 0.0000000000
51808  -48.431  -24.863  45.240 0.0000000000
52677  -49.863  -24.783  44.759 0.0000000000
51821  -49.418  -25.400  44.382 0.0000000000
51822  -50.269  -25.321  44.179 0.0000000000
52679  -51.014  -25.178  43.847 0.0000000000
56097  -50.035  -21.096  44.937 0.0000000000
55214  -50.222  -21.926  44.695 0.0000000000
53539  -51.334  -23.721  43.544 0.0000000000
53540  -51.526  -24.341  43.037 0.0000000000
52689  -51.433  -25.014  43.231 0.0000000000
52698  -51.569  -24.979  42.457 0.0000000000
51861  -51.406  -25.733  41.803 0.0000000000
53551  -51.466  -24.379  42.403 0.0000000000
53563  -51.050  -24.291  41.826 0.0000000000
125859  -50.480  -16.566  42.048 0.0000000000
124813  -50.328  -16.540  42.612 0.0000000000
58989  -50.558  -17.319  42.116 0.0000000000
58140  -50.372  -18.099  41.632 0.0000000000
128203  -49.261  -15.941  40.039 0.0000000000
59004  -49.794  -16.590  40.678 0.0000000000
116342  -48.684  -19.197  41.038 0.0000000000
57195  -49.455  -19.458  41.514 0.0000000000
115719  -49.963  -19.328  41.859 0.0000000000
124994  -49.431  -21.241  42.035 0.0000000000
54400  -47.829  -22.588  41.422 0.0000000000
53560  -47.959  -23.562  41.129 0.0000000000
53573  -47.609  -23.625  40.427 0.0000000000
129305  -47.987  -23.949  40.113 0.0000000000
53580  -45.987  -23.218  38.838 0.0000000000
53592  -46.550  -23.385  38.441 0.0000000000
54430  -45.447  -22.798  38.410 0.0000000000
57218  -45.687  -19.767  38.257 0.0000000000
56184  -45.439  -20.601  38.506 0.0000000000
54441  -44.478  -21.827  37.604 0.0000000000
126023  -44.593  -22.440  37.333 0.0000000000
54442  -45.129  -22.850  37.703 0.0000000000
62471  -46.976  -12.973  36.586 0.0000000000
61622  -46.679  -14.654  35.751 0.0000000000
60785  -46.038  -15.700  34.764 0.0000000000
60779  -46.078  -15.798  35.475 0.0000000000
59956  -45.454  -16.865  35.340 0.0000000000
59960  -45.195  -16.867  34.705 0.0000000000
120284  -46.005  -15.729  33.093 0.0000000000
59092  -44.189  -17.174  33.477 0.0000000000
59081  -43.868  -18.233  34.400 0.0000000000
38502  -21.153  -40.269  56.739 0.0000000000
38485  -20.833  -40.393  57.732 0.0000000000
37692  -19.577  -41.304  53.695 0.0000000000
114277  -19.758  -40.770  55.061 0.0000000000
36067  -19.439  -43.475  52.515 0.0000000000
35330  -19.613  -44.321  50.560 0.0000000000
34574  -19.778  -45.106  51.083 0.0000000000
34575  -20.029  -45.850  50.690 0.0000000000
126149  -20.644  -47.357  49.869 0.0000000000
37680  -24.283  -41.528  54.167 0.0000000000
38572  -22.788  -41.228  52.051 0.0000000000
38571  -21.680  -40.627  52.275 0.0000000000
37722  -21.676  -41.164  50.453 0.0000000000
36840  -22.280  -41.885  49.173 0.0000000000
125486  -21.557  -42.272  48.288 0.0000000000
36094  -19.918  -43.403  48.563 0.0000000000
36845  -20.161  -42.698  48.968 0.0000000000
132715  -20.098  -42.156  50.081 0.0000000000
125701  -19.734  -43.438  49.320 0.0000000000
35345  -19.630  -44.228  49.674 0.0000000000
32376  -21.538  -48.152  45.131 0.0000000000
32367  -22.159  -48.798  45.362 0.0000000000
38563  -32.327  -40.298  53.598 0.0000000000
37712  -31.851  -40.299  53.215 0.0000000000
38613  -30.756  -39.739  50.666 0.0000000000
119557  -30.020  -39.927  51.076 0.0000000000
38612  -29.241  -39.839  50.518 0.0000000000
38645  -29.802  -39.748  47.166 0.0000000000
123444  -30.017  -39.953  48.151 0.0000000000
38644  -29.066  -39.702  47.723 0.0000000000
113665  -26.156  -39.157  46.795 0.0000000000
39515  -27.306  -39.286  48.003 0.0000000000
39500  -27.422  -39.466  48.664 0.0000000000
39499  -26.466  -39.463  48.675 0.0000000000
39498  -25.298  -39.612  48.295 0.0000000000
39513  -25.221  -39.417  47.394 0.0000000000
38671  -23.655  -40.883  45.257 0.0000000000
38653  -23.939  -40.452  46.604 0.0000000000
38662  -23.628  -40.846  45.991 0.0000000000
37766  -23.332  -41.433  45.776 0.0000000000
36885  -23.185  -42.273  44.486 0.0000000000
37790  -24.985  -40.655  41.793 0.0000000000
134373  -25.022  -41.489  41.709 0.0000000000
115567  -25.203  -43.077  42.463 0.0000000000
36912  -24.574  -42.406  42.596 0.0000000000
121191  -24.129  -41.762  43.268 0.0000000000
36160  -24.326  -43.218  42.745 0.0000000000
35432  -23.786  -44.615  42.836 0.0000000000
36159  -23.731  -43.932  42.840 0.0000000000
35413  -23.127  -44.490  43.060 0.0000000000
36158  -22.976  -43.784  43.479 0.0000000000
34698  -23.227  -45.134  42.989 0.0000000000
120210  -41.615  -29.581  45.924 0.0000000000
49306  -41.997  -28.883  47.418 0.0000000000
46593  -42.763  -31.277  48.531 0.0000000000
115600  -42.368  -31.720  47.664 0.0000000000
46620  -41.817  -31.156  46.437 0.0000000000
46638  -41.509  -31.365  45.744 0.0000000000
115124  -41.358  -31.027  45.263 0.0000000000
127328  -51.641  -25.098  38.920 0.0000000000
53597  -51.454  -23.618  38.312 0.0000000000
128937  -49.153  -23.453  38.864 0.0000000000
38524  -30.709  -39.926  55.243 0.0000000000
37685  -31.217  -40.330  53.853 0.0000000000
50164  -38.279  -27.146  37.280 0.0000000000
111643  -45.327  -25.060  42.901 0.0000000000
51846  -46.973  -25.758  42.454 0.0000000000
50931  -48.137  -25.906  42.976 0.0000000000
40343  -38.797  -37.612  51.653 0.0000000000
42188  -36.202  -36.261  40.523 0.0000000000
115402  -35.590  -36.394  40.201 0.0000000000
42199  -34.447  -36.251  39.625 0.0000000000
42210  -32.976  -36.334  39.131 0.0000000000
42209  -32.217  -36.228  38.694 0.0000000000
112021  -32.988  -35.803  38.481 0.0000000000
43128  -32.219  -35.751  37.922 0.0000000000
48511  -36.778  -29.838  38.275 0.0000000000
48515  -36.461  -29.505  37.516 0.0000000000
61594  -48.690  -13.556  38.947 0.0000000000
60751  -48.024  -14.747  38.475 0.0000000000
120082  -24.263  -41.008  58.588 0.0000000000
38488  -24.001  -40.973  57.872 0.0000000000
38522  -23.907  -40.940  55.932 0.0000000000
36124  -22.126  -42.859  46.638 0.0000000000
120053  -21.567  -43.323  45.888 0.0000000000
134166  -20.983  -44.644  45.274 0.0000000000
34659  -21.303  -45.478  44.313 0.0000000000
34681  -21.932  -45.759  43.682 0.0000000000
33886  -22.464  -46.359  43.567 0.0000000000
38674  -29.763  -39.360  44.555 0.0000000000
38690  -29.171  -39.956  44.121 0.0000000000
39575  -27.659  -39.330  43.110 0.0000000000
48504  -38.872  -29.014  41.358 0.0000000000
49353  -39.335  -28.629  41.744 0.0000000000
50123  -39.781  -28.178  42.154 0.0000000000
50912  -41.610  -26.631  45.077 0.0000000000
51814  -42.932  -25.540  44.813 0.0000000000
42988  -41.720  -35.427  49.592 0.0000000000
43005  -41.465  -35.372  48.951 0.0000000000
43022  -41.006  -35.252  47.974 0.0000000000
43038  -40.865  -34.913  47.155 0.0000000000
44880  -40.094  -33.449  45.026 0.0000000000
43995  -39.954  -34.372  45.282 0.0000000000
132586  -39.827  -34.019  44.707 0.0000000000
44028  -38.712  -34.733  43.262 0.0000000000
43082  -38.296  -35.240  42.661 0.0000000000
44045  -37.643  -34.266  41.471 0.0000000000
44923  -36.850  -33.979  40.288 0.0000000000
45792  -37.883  -32.843  41.252 0.0000000000
47614  -39.513  -30.446  42.649 0.0000000000
118349  -39.411  -30.877  42.699 0.0000000000
47620  -38.755  -30.616  41.474 0.0000000000
113706  -38.461  -30.189  40.768 0.0000000000
48500  -38.861  -29.796  41.430 0.0000000000
37650  -26.908  -40.788  56.727 0.0000000000
37661  -26.431  -41.214  56.400 0.0000000000
38576  -28.185  -40.000  53.053 0.0000000000
38575  -27.145  -40.160  52.989 0.0000000000
38593  -25.968  -40.358  51.895 0.0000000000
128116  -25.041  -40.737  50.843 0.0000000000
130038  -24.491  -40.998  50.238 0.0000000000
38623  -24.785  -40.490  49.547 0.0000000000
50997  -41.673  -25.857  39.326 0.0000000000
51889  -43.777  -25.628  39.453 0.0000000000
50988  -48.645  -26.849  40.698 0.0000000000
50138  -49.131  -26.985  40.277 0.0000000000
50150  -50.585  -26.995  40.155 0.0000000000
50989  -51.217  -26.862  40.309 0.0000000000
50990  -51.496  -26.403  40.540 0.0000000000
38566  -34.856  -39.431  54.293 0.0000000000
38565  -34.205  -39.487  53.588 0.0000000000
39441  -34.971  -39.160  53.233 0.0000000000
39453  -34.600  -39.108  52.325 0.0000000000
40368  -35.713  -37.947  49.475 0.0000000000
39495  -34.907  -38.370  49.897 0.0000000000
39506  -34.829  -38.242  49.042 0.0000000000
39505  -33.992  -38.546  48.670 0.0000000000
39518  -33.130  -38.698  47.536 0.0000000000
39517  -32.329  -38.832  47.323 0.0000000000
115473  -32.602  -38.878  45.211 0.0000000000
129024  -38.959  -36.688  47.054 0.0000000000
40395  -38.765  -36.753  47.474 0.0000000000
40414  -38.310  -37.234  46.102 0.0000000000
40424  -37.319  -38.007  44.918 0.0000000000
41318  -34.184  -37.888  41.676 0.0000000000
40456  -35.131  -38.070  42.813 0.0000000000
40454  -33.493  -38.308  42.270 0.0000000000
40435  -32.847  -38.756  42.879 0.0000000000
40452  -31.603  -38.531  42.308 0.0000000000
39404  -35.366  -38.546  57.275 0.0000000000
39390  -35.867  -38.180  57.273 0.0000000000
40307  -39.177  -38.316  55.477 0.0000000000
39433  -39.304  -38.265  54.881 0.0000000000
40308  -39.682  -38.027  54.994 0.0000000000
42945  -42.477  -35.070  52.444 0.0000000000
50876  -43.805  -26.850  51.850 0.0000000000
50882  -44.052  -25.888  51.335 0.0000000000
52652  -46.688  -23.973  47.590 0.0000000000
56073  -48.269  -20.306  47.866 0.0000000000
55193  -48.554  -21.445  47.690 0.0000000000
54349  -48.570  -22.417  47.500 0.0000000000
53501  -48.682  -23.554  46.651 0.0000000000
52661  -49.099  -24.008  46.083 0.0000000000
52668  -50.164  -24.051  44.944 0.0000000000
54373  -50.665  -22.136  43.736 0.0000000000
53550  -51.229  -23.837  42.357 0.0000000000
54402  -49.988  -22.897  41.985 0.0000000000
60726  -50.147  -15.327  41.946 0.0000000000
59900  -50.363  -16.058  41.691 0.0000000000
59014  -48.447  -17.690  39.920 0.0000000000
58147  -49.255  -17.942  40.551 0.0000000000
58146  -48.355  -18.609  40.422 0.0000000000
57194  -48.395  -19.916  41.314 0.0000000000
134169  -48.099  -20.709  41.442 0.0000000000
54399  -47.049  -22.360  40.922 0.0000000000
54412  -46.644  -22.732  40.284 0.0000000000
55256  -46.585  -21.827  40.580 0.0000000000
54411  -46.107  -22.279  39.842 0.0000000000
55274  -45.652  -21.836  39.279 0.0000000000
57217  -45.116  -20.300  37.827 0.0000000000
57222  -44.760  -19.985  37.143 0.0000000000
56193  -44.109  -21.375  36.889 0.0000000000
61623  -47.086  -13.934  35.161 0.0000000000
59973  -44.060  -16.890  32.687 0.0000000000
38484  -19.813  -40.721  57.711 0.0000000000
113288  -21.186  -40.205  54.954 0.0000000000
114340  -20.383  -40.465  54.965 0.0000000000
38553  -20.214  -40.730  53.603 0.0000000000
112312  -19.611  -41.587  52.879 0.0000000000
36818  -19.427  -42.364  52.507 0.0000000000
118764  -19.543  -42.905  51.898 0.0000000000
36072  -19.594  -43.631  50.947 0.0000000000
36799  -24.215  -41.572  53.566 0.0000000000
37694  -23.909  -41.563  53.324 0.0000000000
37706  -23.526  -41.631  51.999 0.0000000000
37723  -22.547  -41.366  50.663 0.0000000000
119581  -20.418  -43.638  47.308 0.0000000000
36095  -20.445  -42.796  48.182 0.0000000000
35366  -19.859  -43.961  48.195 0.0000000000
34589  -19.911  -44.771  48.222 0.0000000000
32344  -20.631  -48.312  47.510 0.0000000000
32357  -21.210  -49.071  46.397 0.0000000000
31581  -23.132  -50.069  45.906 0.0000000000
128791  -32.052  -39.696  51.512 0.0000000000
38599  -31.604  -39.664  51.372 0.0000000000
129946  -31.183  -39.625  50.295 0.0000000000
114064  -27.968  -39.434  45.789 0.0000000000
39527  -28.048  -39.412  46.512 0.0000000000
39526  -27.098  -39.247  46.107 0.0000000000
39525  -25.194  -39.358  46.471 0.0000000000
38688  -23.719  -40.918  44.464 0.0000000000
35414  -25.162  -44.741  43.053 0.0000000000
49343  -40.555  -29.006  43.630 0.0000000000
117007  -41.313  -28.429  44.980 0.0000000000
49325  -41.541  -28.611  45.862 0.0000000000
44819  -42.595  -33.349  49.582 0.0000000000
43953  -41.811  -33.718  48.285 0.0000000000
44830  -42.372  -33.001  48.663 0.0000000000
44842  -41.851  -33.022  47.993 0.0000000000
45739  -41.886  -32.049  47.072 0.0000000000
45738  -41.479  -32.434  46.474 0.0000000000
44869  -40.987  -32.905  46.034 0.0000000000
46666  -40.093  -31.545  44.006 0.0000000000
117811  -41.107  -30.976  44.860 0.0000000000
47603  -40.340  -30.707  43.935 0.0000000000
48487  -40.455  -29.913  43.905 0.0000000000
54445  -51.124  -21.889  37.695 0.0000000000
37673  -28.213  -40.485  55.598 0.0000000000
121902  -29.199  -40.245  55.745 0.0000000000
37674  -28.958  -40.198  55.025 0.0000000000
38541  -28.769  -40.142  54.329 0.0000000000
38560  -28.535  -40.113  53.690 0.0000000000
134781  -28.350  -39.823  51.711 0.0000000000
51856  -42.564  -25.633  41.538 0.0000000000
51857  -43.492  -25.402  41.016 0.0000000000
129659  -44.405  -25.453  40.782 0.0000000000
51874  -44.905  -25.701  40.211 0.0000000000
50984  -45.439  -26.041  39.686 0.0000000000
51001  -45.939  -26.417  39.238 0.0000000000
50986  -47.019  -26.340  40.171 0.0000000000
50970  -48.885  -26.688  41.299 0.0000000000
50971  -49.664  -26.736  41.362 0.0000000000
50952  -49.947  -26.644  42.124 0.0000000000
39455  -36.526  -38.739  52.625 0.0000000000
130901  -36.648  -38.295  51.933 0.0000000000
134810  -36.537  -38.023  50.984 0.0000000000
40355  -37.830  -37.481  50.817 0.0000000000
40354  -36.812  -37.821  50.501 0.0000000000
118853  -36.120  -37.886  50.119 0.0000000000
40380  -35.734  -38.004  48.472 0.0000000000
42152  -38.031  -36.791  43.092 0.0000000000
41304  -37.634  -37.375  43.535 0.0000000000
41322  -37.328  -37.172  42.739 0.0000000000
41321  -36.536  -37.446  42.531 0.0000000000
42175  -35.695  -36.873  40.741 0.0000000000
41334  -34.914  -37.375  41.138 0.0000000000
41332  -32.940  -37.431  40.946 0.0000000000
41344  -31.724  -37.305  40.325 0.0000000000
41343  -30.823  -37.426  40.310 0.0000000000
41354  -31.208  -37.052  39.628 0.0000000000
42196  -30.724  -36.947  38.992 0.0000000000
41371  -29.942  -37.064  37.759 0.0000000000
46705  -36.120  -31.583  38.319 0.0000000000
46704  -35.621  -31.701  37.790 0.0000000000
46710  -35.290  -31.397  37.150 0.0000000000
46715  -34.788  -31.835  35.715 0.0000000000
46716  -35.129  -31.085  36.225 0.0000000000
57119  -49.055  -19.942  46.726 0.0000000000
56087  -49.279  -20.769  46.500 0.0000000000
56096  -49.712  -20.940  45.760 0.0000000000
124289  -49.871  -20.350  45.199 0.0000000000
129740  -49.866  -18.845  44.930 0.0000000000
56106  -50.275  -20.292  44.223 0.0000000000
56118  -50.534  -20.281  43.197 0.0000000000
117964  -50.438  -19.866  42.724 0.0000000000
60733  -50.110  -14.490  40.840 0.0000000000
60740  -49.697  -14.787  40.187 0.0000000000
59913  -48.740  -16.015  39.210 0.0000000000
116803  -48.583  -16.797  39.523 0.0000000000
58155  -46.899  -18.801  39.202 0.0000000000
57210  -46.565  -19.632  39.439 0.0000000000
57219  -46.316  -19.305  38.682 0.0000000000
58163  -46.034  -18.984  37.959 0.0000000000
59040  -46.426  -17.257  37.695 0.0000000000
58171  -45.607  -18.572  37.344 0.0000000000
58183  -44.867  -18.478  36.217 0.0000000000
125997  -47.134  -14.592  33.447 0.0000000000
60798  -46.327  -15.376  32.521 0.0000000000
60797  -45.552  -15.890  32.305 0.0000000000
38467  -22.106  -40.480  59.173 0.0000000000
38486  -21.929  -40.241  57.732 0.0000000000
38503  -22.435  -40.328  56.900 0.0000000000
38554  -20.834  -40.447  53.083 0.0000000000
38570  -20.794  -40.727  52.257 0.0000000000
111781  -22.867  -41.686  49.818 0.0000000000
36848  -22.757  -42.008  49.052 0.0000000000
36856  -21.819  -42.521  47.940 0.0000000000
36109  -21.723  -42.990  47.230 0.0000000000
35372  -20.422  -44.220  46.821 0.0000000000
33084  -21.190  -47.476  44.790 0.0000000000
33085  -21.974  -47.540  44.301 0.0000000000
111570  -31.262  -39.605  48.284 0.0000000000
38635  -30.872  -39.829  48.229 0.0000000000
38664  -28.759  -39.756  45.872 0.0000000000
38673  -29.157  -39.932  45.003 0.0000000000
39541  -27.476  -39.381  45.281 0.0000000000
39553  -25.379  -39.290  44.148 0.0000000000
49364  -37.676  -28.401  38.673 0.0000000000
50144  -38.621  -27.758  39.563 0.0000000000
50135  -39.252  -27.453  40.666 0.0000000000
50966  -41.096  -26.056  41.587 0.0000000000
50928  -40.754  -27.049  43.209 0.0000000000
134714  -41.175  -26.444  42.932 0.0000000000
50947  -41.441  -26.084  42.367 0.0000000000
51843  -42.283  -25.813  42.329 0.0000000000
130907  -44.091  -25.407  43.059 0.0000000000
51831  -44.459  -25.156  43.491 0.0000000000
51818  -46.389  -24.786  44.682 0.0000000000
41254  -40.412  -36.530  50.231 0.0000000000
115210  -40.097  -36.463  49.365 0.0000000000
41264  -39.717  -36.549  48.462 0.0000000000
42123  -40.085  -36.328  48.105 0.0000000000
41270  -39.445  -36.568  47.638 0.0000000000
41277  -39.221  -36.524  46.718 0.0000000000
41286  -39.064  -36.514  45.980 0.0000000000
41296  -38.892  -36.511  45.221 0.0000000000
43952  -41.312  -34.353  47.697 0.0000000000
43965  -40.466  -35.101  46.517 0.0000000000
43053  -39.997  -35.255  45.823 0.0000000000
42138  -39.468  -35.907  45.741 0.0000000000
42145  -39.192  -35.862  45.223 0.0000000000
42144  -38.910  -36.056  44.944 0.0000000000
42143  -38.718  -36.469  44.453 0.0000000000
42162  -37.608  -36.512  42.331 0.0000000000
42177  -37.244  -36.349  41.514 0.0000000000
128306  -37.257  -35.777  41.268 0.0000000000
43092  -36.843  -36.055  40.893 0.0000000000
42187  -35.816  -35.827  39.977 0.0000000000
43118  -35.203  -35.379  39.452 0.0000000000
44087  -34.814  -34.801  39.031 0.0000000000
44931  -35.723  -33.798  39.301 0.0000000000
45807  -36.268  -32.195  38.812 0.0000000000
45797  -38.091  -32.179  41.229 0.0000000000
46693  -38.507  -31.536  41.523 0.0000000000
46700  -36.695  -31.561  38.938 0.0000000000
47633  -37.131  -30.235  38.784 0.0000000000
47629  -37.954  -30.178  40.064 0.0000000000
48512  -37.418  -29.452  38.894 0.0000000000
110797  -47.175  -12.958  37.198 0.0000000000
111060  -47.389  -12.306  37.123 0.0000000000
62481  -47.470  -12.987  35.604 0.0000000000
63310  -48.147  -12.060  35.752 0.0000000000
61631  -48.272  -13.761  34.262 0.0000000000
61639  -48.501  -14.028  33.578 0.0000000000
61646  -48.691  -14.248  32.759 0.0000000000
133331  -48.837  -14.368  32.034 0.0000000000
61666  -48.421  -14.473  31.291 0.0000000000
37648  -25.402  -41.325  57.473 0.0000000000
126991  -25.193  -41.588  56.905 0.0000000000
37670  -25.273  -41.628  56.200 0.0000000000
36791  -24.958  -41.593  54.892 0.0000000000
36783  -25.932  -41.508  55.835 0.0000000000
36800  -24.649  -41.628  54.157 0.0000000000
36809  -24.340  -41.577  53.371 0.0000000000
36821  -24.074  -41.609  52.585 0.0000000000
124894  -24.082  -41.636  51.953 0.0000000000
37683  -27.074  -40.878  54.789 0.0000000000
37696  -25.946  -41.119  53.920 0.0000000000
38558  -26.509  -40.632  53.521 0.0000000000
37708  -24.987  -41.466  52.701 0.0000000000
36828  -24.339  -41.560  52.258 0.0000000000
36835  -23.689  -41.585  50.546 0.0000000000
36842  -23.597  -41.667  49.820 0.0000000000
37748  -23.467  -41.907  48.552 0.0000000000
36858  -23.162  -42.182  47.866 0.0000000000
36872  -22.511  -42.401  46.039 0.0000000000
115192  -28.227  -39.081  42.012 0.0000000000
51008  -38.684  -27.112  38.153 0.0000000000
51022  -39.195  -26.630  37.350 0.0000000000
123767  -39.942  -26.360  36.961 0.0000000000
51887  -42.061  -25.653  40.238 0.0000000000
50998  -42.429  -25.732  38.782 0.0000000000
51011  -41.747  -25.960  38.428 0.0000000000
50147  -48.006  -26.857  39.469 0.0000000000
51018  -50.863  -26.459  39.260 0.0000000000
51902  -51.429  -25.604  38.915 0.0000000000
115964  -51.639  -25.109  39.126 0.0000000000
52731  -50.860  -24.716  39.990 0.0000000000
112449  -32.715  -39.875  55.104 0.0000000000
38564  -32.918  -40.034  53.897 0.0000000000
127787  -32.781  -40.035  53.300 0.0000000000
38581  -33.149  -39.755  52.620 0.0000000000
38615  -32.007  -39.543  50.613 0.0000000000
130421  -32.176  -39.422  49.861 0.0000000000
111837  -35.110  -38.815  51.740 0.0000000000
129727  -34.235  -38.708  50.495 0.0000000000
116619  -32.135  -39.308  49.099 0.0000000000
38657  -31.699  -38.963  47.168 0.0000000000
38667  -31.170  -38.895  46.094 0.0000000000
117487  -30.406  -38.969  44.871 0.0000000000
38692  -30.102  -39.027  44.176 0.0000000000
39577  -29.722  -38.958  43.668 0.0000000000
40394  -38.313  -36.958  47.312 0.0000000000
40382  -37.621  -37.144  48.402 0.0000000000
40401  -35.845  -38.186  46.977 0.0000000000
40400  -34.929  -38.385  46.360 0.0000000000
41293  -37.041  -37.871  44.095 0.0000000000
40423  -36.386  -38.188  44.712 0.0000000000
40438  -35.268  -38.215  43.693 0.0000000000
133258  -35.723  -38.287  45.352 0.0000000000
134746  -35.316  -38.335  45.796 0.0000000000
39580  -32.197  -38.953  43.493 0.0000000000
132336  -32.234  -38.949  44.118 0.0000000000
39579  -31.473  -38.896  44.011 0.0000000000
111474  -30.790  -38.844  43.803 0.0000000000
39594  -29.290  -38.728  42.950 0.0000000000
48420  -42.954  -29.733  49.446 0.0000000000
49293  -43.326  -29.860  50.170 0.0000000000
49287  -43.444  -28.464  51.252 0.0000000000
129580  -23.196  -40.466  59.906 0.0000000000
117363  -23.737  -40.600  59.685 0.0000000000
119650  -24.190  -40.700  59.491 0.0000000000
37624  -24.642  -40.989  59.082 0.0000000000
111292  -25.132  -41.088  58.817 0.0000000000
38477  -25.460  -40.766  58.718 0.0000000000
37637  -25.297  -41.149  58.262 0.0000000000
38479  -26.921  -40.030  57.300 0.0000000000
38490  -27.366  -40.270  56.927 0.0000000000
39397  -29.047  -39.233  57.292 0.0000000000
119743  -29.331  -39.751  56.762 0.0000000000
115180  -30.277  -39.658  56.650 0.0000000000
38493  -31.106  -39.594  56.844 0.0000000000
38509  -31.764  -39.676  56.521 0.0000000000
38494  -32.313  -39.443  57.306 0.0000000000
38510  -32.749  -39.557  56.685 0.0000000000
133582  -33.466  -39.360  57.163 0.0000000000
128454  -34.624  -39.714  55.727 0.0000000000
38513  -35.188  -39.240  56.646 0.0000000000
38528  -35.505  -39.541  56.020 0.0000000000
112048  -35.195  -39.580  55.274 0.0000000000
39431  -37.426  -39.141  54.976 0.0000000000
39444  -37.409  -38.857  54.166 0.0000000000
39445  -38.163  -38.463  53.841 0.0000000000
39446  -39.588  -37.904  54.027 0.0000000000
40334  -39.514  -37.694  53.202 0.0000000000
111110  -39.778  -37.529  52.542 0.0000000000
41234  -40.750  -37.141  52.030 0.0000000000
41225  -41.104  -37.108  53.310 0.0000000000
130551  -41.518  -35.864  50.489 0.0000000000
42092  -41.960  -35.445  50.964 0.0000000000
42104  -41.860  -35.404  50.193 0.0000000000
43910  -42.536  -34.384  50.326 0.0000000000
43926  -42.758  -33.667  50.383 0.0000000000
44803  -43.204  -33.149  50.988 0.0000000000
44820  -43.030  -32.749  50.276 0.0000000000
117237  -43.239  -31.203  49.360 0.0000000000
115507  -42.572  -29.546  48.730 0.0000000000
50077  -42.048  -27.606  48.816 0.0000000000
50880  -42.904  -27.150  50.525 0.0000000000
51775  -42.810  -25.778  47.998 0.0000000000
126279  -44.501  -25.240  51.542 0.0000000000
51760  -44.541  -25.212  50.631 0.0000000000
51767  -43.749  -25.358  49.099 0.0000000000
51792  -43.834  -25.341  46.713 0.0000000000
51793  -44.561  -24.931  46.195 0.0000000000
51784  -45.520  -24.732  47.106 0.0000000000
51794  -45.237  -24.756  46.302 0.0000000000
132373  -45.030  -24.712  45.849 0.0000000000
51805  -45.643  -24.687  45.520 0.0000000000
52653  -47.462  -23.717  47.239 0.0000000000
51796  -47.466  -24.405  46.071 0.0000000000
51819  -47.316  -24.978  44.709 0.0000000000
51833  -47.933  -25.571  44.041 0.0000000000
51834  -48.870  -25.852  43.649 0.0000000000
51809  -49.097  -24.873  45.023 0.0000000000
50932  -49.470  -26.275  42.891 0.0000000000
50933  -50.226  -26.245  42.935 0.0000000000
50953  -50.639  -26.375  42.164 0.0000000000
54365  -49.984  -22.473  45.248 0.0000000000
53515  -50.510  -23.468  44.625 0.0000000000
118040  -50.984  -23.169  44.000 0.0000000000
53527  -50.990  -23.946  44.291 0.0000000000
51837  -51.131  -25.510  43.303 0.0000000000
50934  -50.913  -25.950  42.853 0.0000000000
50954  -51.142  -26.007  42.181 0.0000000000
129921  -51.362  -26.327  41.185 0.0000000000
51876  -51.466  -25.779  41.033 0.0000000000
53564  -51.443  -24.562  42.004 0.0000000000
52709  -51.308  -25.095  41.359 0.0000000000
52722  -51.466  -25.474  40.543 0.0000000000
52721  -51.150  -24.964  40.628 0.0000000000
52720  -50.117  -24.651  40.717 0.0000000000
52730  -49.729  -24.484  40.097 0.0000000000
113929  -50.173  -19.681  42.276 0.0000000000
59906  -50.236  -16.304  41.087 0.0000000000
59005  -50.056  -17.333  41.074 0.0000000000
58148  -49.928  -18.142  41.094 0.0000000000
58149  -50.187  -17.963  41.329 0.0000000000
58139  -50.129  -18.557  41.494 0.0000000000
114218  -50.051  -21.177  42.353 0.0000000000
55247  -49.919  -21.946  42.096 0.0000000000
55246  -48.457  -21.453  41.674 0.0000000000
121475  -49.203  -23.411  41.692 0.0000000000
53561  -48.859  -23.952  41.253 0.0000000000
52719  -49.144  -24.358  40.735 0.0000000000
52718  -48.720  -24.229  40.111 0.0000000000
117274  -48.286  -23.791  39.403 0.0000000000
53572  -46.901  -23.354  40.019 0.0000000000
53593  -47.396  -23.568  38.901 0.0000000000
56172  -45.754  -20.926  39.184 0.0000000000
123018  -45.287  -22.220  38.633 0.0000000000
56183  -44.914  -21.180  38.071 0.0000000000
55273  -44.892  -21.887  38.231 0.0000000000
60771  -46.197  -15.907  36.342 0.0000000000
120450  -46.362  -15.409  35.801 0.0000000000
59947  -45.806  -16.650  36.556 0.0000000000
59071  -45.491  -17.136  35.932 0.0000000000
58194  -44.569  -18.249  35.610 0.0000000000
60790  -46.023  -15.713  33.902 0.0000000000
59961  -45.569  -16.259  34.274 0.0000000000
116412  -44.668  -16.696  33.170 0.0000000000
59967  -44.930  -16.788  33.882 0.0000000000
127174  -44.317  -18.001  34.971 0.0000000000
127313  -20.207  -40.505  57.040 0.0000000000
38519  -20.040  -40.548  55.534 0.0000000000
34560  -20.140  -45.792  51.666 0.0000000000
35318  -19.666  -44.365  51.459 0.0000000000
37658  -24.602  -41.486  56.240 0.0000000000
38539  -23.800  -40.891  54.790 0.0000000000
38557  -23.450  -40.979  53.709 0.0000000000
37733  -22.493  -41.552  49.966 0.0000000000
114357  -21.707  -41.499  49.662 0.0000000000
36846  -20.869  -42.102  48.542 0.0000000000
37732  -20.985  -41.315  49.849 0.0000000000
36832  -20.439  -41.719  50.309 0.0000000000
37720  -20.231  -41.691  51.201 0.0000000000
117446  -19.589  -43.529  50.126 0.0000000000
34583  -20.001  -45.788  49.687 0.0000000000
33764  -20.217  -46.552  49.235 0.0000000000
32366  -21.496  -48.767  45.709 0.0000000000
37686  -31.845  -40.457  53.937 0.0000000000
37699  -31.500  -40.386  53.417 0.0000000000
37698  -31.084  -40.343  53.250 0.0000000000
38579  -31.246  -39.903  52.083 0.0000000000
37710  -30.903  -40.165  52.685 0.0000000000
38596  -29.724  -39.902  52.058 0.0000000000
38611  -29.102  -39.909  51.429 0.0000000000
39478  -28.363  -39.709  50.982 0.0000000000
130835  -30.582  -39.901  48.965 0.0000000000
38634  -29.699  -39.926  49.047 0.0000000000
39516  -28.152  -39.439  47.413 0.0000000000
39502  -28.773  -39.716  49.116 0.0000000000
114489  -27.883  -39.534  49.174 0.0000000000
39490  -27.287  -39.586  49.817 0.0000000000
39489  -26.372  -39.673  49.572 0.0000000000
39512  -24.474  -39.782  46.993 0.0000000000
38643  -24.116  -40.470  47.371 0.0000000000
36884  -22.616  -42.793  44.955 0.0000000000
39592  -27.524  -39.258  42.325 0.0000000000
39591  -26.669  -39.270  41.986 0.0000000000
39603  -26.005  -39.492  41.661 0.0000000000
39590  -25.872  -39.324  42.425 0.0000000000
39589  -25.104  -39.639  42.862 0.0000000000
39572  -24.979  -39.521  43.598 0.0000000000
37789  -24.632  -41.416  42.418 0.0000000000
38689  -24.443  -40.130  43.442 0.0000000000
116591  -23.957  -40.921  43.724 0.0000000000
37782  -23.565  -41.622  44.059 0.0000000000
36148  -23.043  -42.965  43.975 0.0000000000
36147  -22.507  -43.416  44.212 0.0000000000
35412  -22.422  -44.922  43.319 0.0000000000
34682  -22.757  -45.749  43.271 0.0000000000
36834  -23.451  -41.576  50.509 0.0000000000
36855  -21.043  -42.464  47.992 0.0000000000
36900  -23.577  -42.416  43.662 0.0000000000
37609  -23.297  -40.335  60.287 0.0000000000
37669  -24.905  -41.614  55.664 0.0000000000
37741  -23.223  -41.922  49.191 0.0000000000
37747  -21.738  -42.072  48.672 0.0000000000
38589  -20.793  -41.242  50.793 0.0000000000
38627  -31.326  -39.592  49.634 0.0000000000
38663  -24.017  -40.272  45.662 0.0000000000
39381  -26.944  -39.322  57.517 0.0000000000
39492  -29.270  -39.805  49.719 0.0000000000
39554  -26.292  -39.164  43.962 0.0000000000
40316  -39.501  -38.147  55.055 0.0000000000
40332  -38.346  -37.899  52.215 0.0000000000
40353  -35.983  -38.136  50.727 0.0000000000
41263  -39.351  -36.625  47.980 0.0000000000
41285  -38.697  -36.896  45.606 0.0000000000
41336  -36.326  -37.217  41.880 0.0000000000
42130  -39.444  -36.386  46.726 0.0000000000
42198  -33.690  -36.309  39.432 0.0000000000
43037  -40.363  -35.600  47.150 0.0000000000
44868  -40.432  -33.532  45.712 0.0000000000
50973  -51.123  -26.411  41.573 0.0000000000
56205  -44.224  -20.539  36.711 0.0000000000
112846  -19.642  -42.956  51.220 0.0000000000
114048  -21.353  -40.341  53.696 0.0000000000
114795  -22.961  -41.438  51.220 0.0000000000
117975  -22.102  -40.203  54.786 0.0000000000
119127  -23.453  -40.597  59.402 0.0000000000
119271  -27.825  -39.462  44.537 0.0000000000
119474  -48.157  -14.547  32.129 0.0000000000
125664  -32.334  -40.033  52.913 0.0000000000
127002  -37.731  -37.114  49.533 0.0000000000
131394  -24.103  -40.355  44.142 0.0000000000
131606  -41.112  -36.921  52.033 0.0000000000
133058  -29.350  -39.733  45.641 0.0000000000
134259  -38.399  -37.524  51.257 0.0000000000
134717  -31.180  -38.237  41.798 0.0000000000
