#!ascii label  , from subject bert vox2ras=TkReg
946
46652  -36.636  -31.633  44.257 0.0000000000
43044  -20.127  -34.915  45.734 0.0000000000
43990  -28.166  -34.884  44.154 0.0000000000
67619  -38.538  -7.045  27.743 0.0000000000
69314  -43.944  -5.811  22.647 0.0000000000
42081  -13.853  -36.177  50.447 0.0000000000
65937  -35.410  -9.189  30.939 0.0000000000
113704  -36.183  -27.825  45.620 0.0000000000
44011  -33.241  -34.419  43.445 0.0000000000
124888  -16.163  -35.702  47.703 0.0000000000
39475  -17.293  -39.426  50.659 0.0000000000
46679  -33.121  -30.740  42.065 0.0000000000
49339  -32.402  -28.281  43.382 0.0000000000
45748  -23.657  -33.233  44.545 0.0000000000
46659  -29.665  -31.467  42.988 0.0000000000
130735  -34.424  -20.138  31.714 0.0000000000
60813  -35.814  -15.356  30.480 0.0000000000
63379  -38.763  -12.967  28.045 0.0000000000
36814  -11.152  -42.498  52.277 0.0000000000
35295  -9.140  -45.314  55.226 0.0000000000
50941  -30.861  -27.336  41.780 0.0000000000
51896  -31.382  -26.442  38.079 0.0000000000
53634  -34.040  -24.016  34.113 0.0000000000
37718  -13.852  -41.519  51.054 0.0000000000
42121  -20.616  -36.979  47.784 0.0000000000
43930  -22.352  -34.968  47.820 0.0000000000
44878  -35.614  -33.655  44.235 0.0000000000
45717  -18.157  -32.218  47.640 0.0000000000
43011  -17.787  -35.985  46.656 0.0000000000
41267  -18.686  -37.848  47.467 0.0000000000
46635  -32.635  -31.193  45.007 0.0000000000
46677  -31.856  -31.243  41.959 0.0000000000
59970  -32.336  -16.588  32.470 0.0000000000
125277  -34.857  -17.562  31.212 0.0000000000
127818  -33.526  -13.619  31.155 0.0000000000
65076  -36.153  -10.634  28.566 0.0000000000
65965  -37.479  -9.837  27.039 0.0000000000
116703  -41.073  -12.105  26.954 0.0000000000
65975  -39.337  -9.125  25.788 0.0000000000
65984  -41.625  -9.031  25.047 0.0000000000
50094  -30.493  -27.375  45.217 0.0000000000
50110  -31.620  -28.083  43.251 0.0000000000
120173  -29.141  -26.037  43.902 0.0000000000
52726  -28.918  -24.702  38.853 0.0000000000
53612  -30.320  -23.503  36.500 0.0000000000
51920  -32.515  -25.204  35.899 0.0000000000
54463  -31.793  -22.810  35.073 0.0000000000
56227  -31.793  -20.778  33.832 0.0000000000
130240  -25.475  -34.107  44.440 0.0000000000
39460  -11.896  -39.393  51.420 0.0000000000
40362  -13.633  -39.036  49.405 0.0000000000
32943  -9.652  -47.697  56.503 0.0000000000
32226  -7.807  -48.880  57.529 0.0000000000
64206  -34.361  -10.426  32.928 0.0000000000
50919  -35.582  -26.249  44.649 0.0000000000
43075  -30.719  -35.048  43.776 0.0000000000
42096  -14.753  -35.919  49.231 0.0000000000
40363  -14.858  -38.576  48.634 0.0000000000
122319  -16.482  -38.267  47.728 0.0000000000
121700  -44.905  -5.820  21.465 0.0000000000
46681  -35.161  -31.391  42.232 0.0000000000
132431  -35.604  -30.061  42.790 0.0000000000
115494  -33.488  -29.593  42.909 0.0000000000
47577  -19.388  -31.006  45.928 0.0000000000
44860  -21.670  -33.582  45.003 0.0000000000
47589  -21.076  -30.378  44.529 0.0000000000
47607  -23.741  -30.201  42.754 0.0000000000
119290  -26.263  -32.155  42.491 0.0000000000
47592  -27.478  -30.516  43.889 0.0000000000
44894  -28.285  -33.002  41.736 0.0000000000
44043  -31.341  -33.895  41.566 0.0000000000
44912  -33.717  -32.910  41.533 0.0000000000
55330  -36.951  -22.459  32.887 0.0000000000
63363  -34.866  -12.353  29.884 0.0000000000
62538  -37.051  -13.742  29.084 0.0000000000
65994  -42.754  -9.033  24.438 0.0000000000
129588  -10.100  -44.028  53.450 0.0000000000
33699  -10.994  -46.305  55.320 0.0000000000
49341  -33.923  -27.772  43.168 0.0000000000
50926  -34.168  -26.987  42.605 0.0000000000
51842  -34.712  -26.588  41.552 0.0000000000
51864  -28.523  -25.556  40.753 0.0000000000
50994  -30.623  -26.615  39.510 0.0000000000
51882  -33.879  -26.579  39.807 0.0000000000
115588  -34.854  -26.183  38.818 0.0000000000
51924  -35.926  -25.214  36.762 0.0000000000
133975  -36.421  -24.269  34.643 0.0000000000
54511  -34.505  -22.363  32.542 0.0000000000
57262  -32.401  -18.850  32.819 0.0000000000
44836  -23.633  -33.927  47.584 0.0000000000
39437  -11.319  -39.637  53.067 0.0000000000
37716  -12.135  -42.118  51.642 0.0000000000
38609  -15.924  -40.252  50.537 0.0000000000
31472  -6.459  -49.769  57.447 0.0000000000
42129  -20.162  -36.272  46.393 0.0000000000
42122  -21.202  -36.191  47.511 0.0000000000
43028  -21.317  -35.149  46.465 0.0000000000
45765  -36.542  -32.586  44.228 0.0000000000
44845  -18.713  -33.262  46.391 0.0000000000
43945  -18.117  -34.100  46.794 0.0000000000
43955  -19.398  -34.826  45.991 0.0000000000
42128  -19.047  -36.398  46.505 0.0000000000
111671  -32.247  -15.068  33.166 0.0000000000
60800  -32.552  -15.325  31.964 0.0000000000
62512  -32.842  -13.731  32.191 0.0000000000
67616  -38.325  -7.087  28.651 0.0000000000
66800  -37.358  -8.559  27.666 0.0000000000
66801  -37.901  -7.760  27.630 0.0000000000
65974  -38.699  -9.294  26.187 0.0000000000
66807  -38.945  -8.272  26.210 0.0000000000
66813  -39.500  -8.365  25.765 0.0000000000
50916  -29.508  -26.662  44.187 0.0000000000
53588  -29.561  -22.630  37.662 0.0000000000
53613  -30.871  -23.094  36.030 0.0000000000
54450  -30.802  -21.806  36.220 0.0000000000
55301  -31.623  -20.950  35.461 0.0000000000
44004  -26.704  -34.226  43.596 0.0000000000
43975  -26.847  -35.178  45.175 0.0000000000
43059  -27.839  -35.272  44.983 0.0000000000
41228  -12.765  -37.089  51.424 0.0000000000
41239  -13.889  -37.142  50.097 0.0000000000
66834  -44.090  -8.110  22.660 0.0000000000
32942  -8.972  -47.946  56.705 0.0000000000
133867  -36.624  -28.317  46.089 0.0000000000
50910  -35.629  -26.736  45.095 0.0000000000
132660  -31.527  -34.929  43.599 0.0000000000
43065  -32.885  -34.914  44.815 0.0000000000
133942  -16.312  -34.129  48.568 0.0000000000
43915  -16.132  -33.868  49.409 0.0000000000
42978  -15.547  -34.358  49.518 0.0000000000
42992  -15.604  -35.674  48.199 0.0000000000
41257  -15.492  -37.336  47.957 0.0000000000
41258  -16.259  -37.334  47.552 0.0000000000
41252  -19.923  -38.166  49.457 0.0000000000
41251  -18.913  -38.479  49.098 0.0000000000
132335  -34.064  -31.408  41.639 0.0000000000
47612  -34.501  -30.331  41.983 0.0000000000
47611  -33.727  -30.292  42.218 0.0000000000
47567  -19.584  -30.088  46.466 0.0000000000
46628  -19.997  -31.074  45.209 0.0000000000
48457  -20.555  -29.389  45.513 0.0000000000
49337  -23.805  -28.830  43.761 0.0000000000
48482  -24.474  -29.324  43.199 0.0000000000
114788  -25.172  -31.005  42.455 0.0000000000
47610  -26.099  -30.717  42.622 0.0000000000
46631  -29.288  -31.687  44.797 0.0000000000
46658  -28.639  -31.251  43.039 0.0000000000
45779  -27.725  -32.274  41.882 0.0000000000
46674  -28.915  -31.554  41.500 0.0000000000
44908  -29.914  -32.954  41.111 0.0000000000
45786  -29.817  -32.050  40.953 0.0000000000
46678  -32.552  -31.009  42.012 0.0000000000
45789  -32.305  -32.218  40.928 0.0000000000
45791  -33.889  -32.097  41.597 0.0000000000
45781  -34.416  -32.659  41.994 0.0000000000
55345  -35.809  -21.647  32.086 0.0000000000
55347  -37.427  -21.042  32.292 0.0000000000
56257  -36.153  -20.183  31.739 0.0000000000
59986  -35.551  -16.154  30.792 0.0000000000
59104  -36.758  -17.481  31.104 0.0000000000
65925  -34.847  -9.579  32.047 0.0000000000
64218  -34.093  -10.975  31.048 0.0000000000
65056  -35.081  -9.943  30.287 0.0000000000
64251  -37.291  -11.538  27.593 0.0000000000
63377  -36.276  -12.214  28.704 0.0000000000
113330  -37.999  -13.053  28.197 0.0000000000
133949  -38.306  -14.216  29.419 0.0000000000
65993  -42.137  -8.834  24.727 0.0000000000
67632  -41.855  -7.488  24.366 0.0000000000
67636  -42.380  -7.730  23.945 0.0000000000
37688  -10.380  -41.690  53.411 0.0000000000
36804  -9.977  -42.433  53.845 0.0000000000
36063  -10.550  -43.760  53.018 0.0000000000
34541  -11.401  -45.647  54.955 0.0000000000
33693  -11.254  -46.756  56.738 0.0000000000
48485  -33.921  -28.812  43.012 0.0000000000
48486  -35.200  -29.356  42.996 0.0000000000
49340  -33.109  -28.137  43.063 0.0000000000
50121  -31.090  -27.858  42.673 0.0000000000
50122  -32.273  -27.701  42.461 0.0000000000
50943  -33.014  -27.117  41.853 0.0000000000
50944  -33.993  -26.870  41.979 0.0000000000
124369  -32.680  -26.897  41.121 0.0000000000
53554  -28.384  -23.870  40.686 0.0000000000
51907  -29.928  -25.456  37.693 0.0000000000
51880  -30.001  -26.240  38.923 0.0000000000
112358  -31.049  -26.585  38.841 0.0000000000
51881  -32.930  -26.641  39.630 0.0000000000
112517  -33.030  -26.766  39.048 0.0000000000
51883  -34.491  -26.298  39.651 0.0000000000
51898  -33.161  -26.561  38.002 0.0000000000
120476  -32.978  -24.784  35.231 0.0000000000
51933  -34.120  -25.483  35.785 0.0000000000
52759  -34.658  -25.050  35.274 0.0000000000
52761  -36.149  -24.557  35.170 0.0000000000
53635  -34.979  -24.243  34.110 0.0000000000
53647  -35.716  -23.732  33.535 0.0000000000
54495  -34.053  -22.950  33.039 0.0000000000
117279  -31.921  -19.636  34.521 0.0000000000
56240  -32.049  -20.534  32.999 0.0000000000
58202  -32.196  -18.625  34.403 0.0000000000
45746  -21.957  -33.035  44.593 0.0000000000
44848  -22.874  -33.989  46.228 0.0000000000
44862  -23.360  -33.767  45.557 0.0000000000
38605  -12.462  -40.677  50.642 0.0000000000
38584  -11.887  -40.923  51.144 0.0000000000
37717  -12.928  -41.787  51.270 0.0000000000
39486  -16.189  -39.443  49.265 0.0000000000
39473  -15.693  -39.872  49.695 0.0000000000
39461  -16.751  -39.997  51.219 0.0000000000
41253  -20.885  -37.339  49.501 0.0000000000
42097  -21.630  -36.605  49.159 0.0000000000
42980  -22.712  -35.213  49.203 0.0000000000
43917  -23.266  -34.915  49.416 0.0000000000
44012  -34.023  -34.192  43.708 0.0000000000
111127  -33.734  -34.662  45.050 0.0000000000
125054  -17.718  -32.700  48.106 0.0000000000
44823  -17.502  -33.618  47.591 0.0000000000
43010  -16.894  -35.792  47.156 0.0000000000
41266  -17.648  -37.529  47.257 0.0000000000
42119  -18.254  -36.988  46.933 0.0000000000
41268  -19.746  -37.629  47.626 0.0000000000
46662  -32.612  -30.979  43.082 0.0000000000
47593  -33.054  -30.695  44.354 0.0000000000
46648  -30.231  -31.712  43.821 0.0000000000
46676  -30.895  -31.329  41.823 0.0000000000
46661  -32.055  -31.310  43.105 0.0000000000
58230  -33.079  -18.305  31.980 0.0000000000
58232  -34.739  -18.397  31.355 0.0000000000
59977  -33.425  -16.777  31.430 0.0000000000
60802  -33.966  -16.110  31.110 0.0000000000
126040  -34.425  -14.566  30.717 0.0000000000
65943  -35.503  -9.378  29.899 0.0000000000
65956  -36.367  -8.730  28.873 0.0000000000
65078  -36.998  -10.436  27.543 0.0000000000
64265  -38.240  -11.773  26.974 0.0000000000
64266  -39.238  -12.137  26.893 0.0000000000
64277  -38.975  -11.365  26.495 0.0000000000
65098  -40.391  -10.724  25.982 0.0000000000
65099  -41.318  -10.865  26.003 0.0000000000
65983  -40.870  -9.225  25.294 0.0000000000
67626  -40.357  -7.277  25.397 0.0000000000
122063  -12.527  -43.624  52.994 0.0000000000
35311  -11.931  -44.187  53.373 0.0000000000
36049  -13.148  -44.092  54.721 0.0000000000
49331  -31.528  -28.246  44.392 0.0000000000
49338  -31.844  -28.266  43.661 0.0000000000
113516  -30.858  -27.981  43.711 0.0000000000
50109  -30.297  -27.720  43.360 0.0000000000
50940  -29.370  -26.686  42.605 0.0000000000
53568  -28.751  -23.213  39.930 0.0000000000
54424  -29.205  -22.828  38.353 0.0000000000
53599  -29.405  -23.663  37.566 0.0000000000
51908  -30.473  -25.328  37.143 0.0000000000
119520  -32.040  -25.798  36.582 0.0000000000
52747  -31.714  -24.815  36.125 0.0000000000
52757  -32.136  -24.289  35.492 0.0000000000
53632  -32.416  -23.205  34.470 0.0000000000
54493  -32.555  -22.603  33.887 0.0000000000
54480  -32.054  -22.317  34.507 0.0000000000
44874  -24.450  -33.290  44.273 0.0000000000
44864  -24.803  -34.020  45.673 0.0000000000
43987  -25.376  -34.428  45.153 0.0000000000
40349  -12.277  -38.768  50.881 0.0000000000
38606  -13.155  -40.441  49.999 0.0000000000
33697  -9.370  -46.446  55.610 0.0000000000
35288  -8.812  -45.117  56.055 0.0000000000
32949  -8.942  -46.754  56.047 0.0000000000
33687  -8.100  -47.217  57.411 0.0000000000
32935  -7.170  -47.706  57.880 0.0000000000
51813  -35.753  -25.760  44.029 0.0000000000
44007  -29.318  -34.653  43.167 0.0000000000
43060  -28.847  -35.299  44.894 0.0000000000
42948  -14.413  -34.455  50.453 0.0000000000
42082  -14.311  -35.565  50.025 0.0000000000
41249  -14.308  -37.635  49.050 0.0000000000
41250  -14.800  -36.895  48.745 0.0000000000
40377  -15.599  -38.379  48.148 0.0000000000
40366  -17.566  -39.010  49.209 0.0000000000
41259  -17.601  -38.353  47.706 0.0000000000
40367  -18.370  -38.771  49.651 0.0000000000
40341  -18.503  -38.621  51.480 0.0000000000
69315  -44.356  -5.499  22.220 0.0000000000
46664  -36.085  -31.904  43.585 0.0000000000
47602  -36.080  -30.499  43.425 0.0000000000
47613  -35.180  -30.509  42.164 0.0000000000
48493  -34.308  -29.781  42.513 0.0000000000
48473  -32.826  -28.844  43.408 0.0000000000
48474  -33.068  -29.823  43.684 0.0000000000
48462  -32.684  -29.161  44.332 0.0000000000
49332  -32.136  -28.521  44.086 0.0000000000
50095  -31.182  -28.031  45.375 0.0000000000
44846  -19.309  -33.504  45.775 0.0000000000
43971  -20.450  -34.237  45.457 0.0000000000
131618  -20.284  -32.633  44.927 0.0000000000
45760  -21.457  -32.140  44.347 0.0000000000
46643  -21.931  -31.478  43.852 0.0000000000
48470  -22.248  -29.015  44.223 0.0000000000
46655  -22.473  -30.803  43.390 0.0000000000
45770  -23.657  -32.048  43.086 0.0000000000
45764  -24.915  -32.741  43.321 0.0000000000
44882  -25.690  -33.186  43.158 0.0000000000
44884  -27.107  -33.717  42.826 0.0000000000
48484  -26.723  -30.215  43.368 0.0000000000
46672  -26.588  -31.621  42.519 0.0000000000
44893  -27.385  -33.051  42.172 0.0000000000
44022  -27.907  -33.834  42.603 0.0000000000
44024  -29.668  -34.299  42.391 0.0000000000
44025  -30.443  -34.388  42.394 0.0000000000
117590  -32.056  -34.270  42.130 0.0000000000
45788  -31.448  -32.247  40.879 0.0000000000
44896  -32.781  -33.961  41.540 0.0000000000
44885  -33.728  -33.940  42.832 0.0000000000
44886  -34.460  -33.619  43.163 0.0000000000
45772  -35.590  -32.568  43.326 0.0000000000
46612  -18.518  -31.537  47.225 0.0000000000
118356  -36.462  -19.252  31.629 0.0000000000
63337  -33.400  -12.402  31.674 0.0000000000
63351  -34.236  -12.637  30.416 0.0000000000
62535  -34.852  -13.143  30.035 0.0000000000
64239  -35.414  -11.285  29.421 0.0000000000
63365  -35.935  -12.828  29.168 0.0000000000
61671  -36.400  -14.223  29.654 0.0000000000
61672  -37.587  -14.404  29.573 0.0000000000
66005  -43.886  -9.190  23.691 0.0000000000
67642  -43.489  -7.451  22.913 0.0000000000
69310  -43.559  -5.624  23.422 0.0000000000
36785  -9.414  -42.848  55.315 0.0000000000
35302  -9.493  -44.703  54.544 0.0000000000
34548  -11.008  -44.747  53.752 0.0000000000
131465  -10.795  -45.248  54.297 0.0000000000
33705  -9.809  -46.093  55.090 0.0000000000
32951  -10.048  -47.149  55.886 0.0000000000
127141  -35.973  -29.740  43.913 0.0000000000
48475  -35.307  -28.862  43.722 0.0000000000
49323  -35.143  -27.934  44.250 0.0000000000
50111  -32.555  -27.986  42.899 0.0000000000
50112  -33.602  -27.591  42.767 0.0000000000
50104  -34.932  -26.875  44.373 0.0000000000
50918  -35.072  -26.307  43.813 0.0000000000
51827  -35.480  -25.983  43.179 0.0000000000
52685  -35.872  -25.832  42.645 0.0000000000
128806  -28.510  -25.572  42.386 0.0000000000
50959  -29.560  -26.640  41.008 0.0000000000
52725  -28.669  -25.019  39.614 0.0000000000
50977  -29.183  -26.131  40.289 0.0000000000
50979  -31.152  -26.790  40.244 0.0000000000
50980  -32.288  -26.733  40.378 0.0000000000
51853  -34.937  -26.492  41.014 0.0000000000
51910  -33.823  -26.208  37.160 0.0000000000
51912  -35.351  -25.740  37.178 0.0000000000
53648  -36.753  -23.350  33.425 0.0000000000
54512  -35.422  -22.361  32.411 0.0000000000
113645  -34.261  -21.080  32.078 0.0000000000
55329  -32.783  -21.979  33.067 0.0000000000
56254  -32.735  -20.596  32.599 0.0000000000
129661  -33.656  -19.784  31.842 0.0000000000
128775  -32.433  -17.682  32.635 0.0000000000
60787  -32.242  -15.771  33.338 0.0000000000
43957  -21.786  -34.540  46.101 0.0000000000
113301  -22.765  -34.350  47.571 0.0000000000
129757  -24.929  -34.037  47.217 0.0000000000
37701  -10.893  -41.478  52.436 0.0000000000
120245  -11.601  -39.636  52.299 0.0000000000
38567  -11.382  -41.113  51.695 0.0000000000
132076  -11.669  -42.343  51.981 0.0000000000
36066  -12.979  -43.084  52.725 0.0000000000
131194  -14.143  -38.541  49.055 0.0000000000
38620  -14.439  -40.037  49.472 0.0000000000
38586  -14.521  -41.029  50.524 0.0000000000
31465  -8.355  -50.039  58.191 0.0000000000
31473  -6.978  -49.591  57.804 0.0000000000
32216  -6.350  -47.850  57.930 0.0000000000
46636  -36.911  -31.119  45.031 0.0000000000
43027  -20.504  -35.481  46.129 0.0000000000
45752  -37.049  -32.249  45.048 0.0000000000
43970  -19.680  -34.247  45.699 0.0000000000
124831  -18.863  -34.116  46.195 0.0000000000
43026  -19.657  -35.594  46.019 0.0000000000
62493  -32.800  -13.924  33.439 0.0000000000
61641  -32.498  -14.286  32.841 0.0000000000
62503  -32.824  -13.436  32.915 0.0000000000
66806  -38.369  -8.010  26.807 0.0000000000
67620  -38.887  -7.265  26.914 0.0000000000
44005  -27.582  -34.380  43.440 0.0000000000
43989  -27.200  -34.831  44.283 0.0000000000
42066  -13.176  -35.750  51.237 0.0000000000
41229  -13.289  -36.666  50.812 0.0000000000
68467  -43.666  -6.524  22.731 0.0000000000
67643  -44.094  -7.283  22.369 0.0000000000
50098  -36.077  -27.053  45.657 0.0000000000
50097  -35.543  -27.353  45.082 0.0000000000
44010  -32.335  -34.589  43.270 0.0000000000
43064  -32.186  -35.071  44.177 0.0000000000
133844  -32.840  -34.757  43.998 0.0000000000
42994  -16.483  -34.838  47.791 0.0000000000
42993  -15.842  -34.791  48.517 0.0000000000
42108  -15.847  -36.492  47.775 0.0000000000
47619  -33.901  -30.822  41.715 0.0000000000
116899  -20.073  -29.851  45.806 0.0000000000
49319  -25.234  -28.750  44.589 0.0000000000
48471  -24.633  -28.860  43.849 0.0000000000
127004  -25.250  -29.224  43.485 0.0000000000
47609  -25.107  -30.035  42.742 0.0000000000
48483  -25.951  -29.768  43.209 0.0000000000
46647  -29.437  -31.525  43.969 0.0000000000
112979  -29.148  -31.284  42.034 0.0000000000
119133  -28.216  -31.514  41.991 0.0000000000
46688  -29.168  -31.817  41.173 0.0000000000
46675  -29.689  -31.542  41.413 0.0000000000
46692  -33.323  -31.395  41.609 0.0000000000
56256  -35.298  -20.844  31.869 0.0000000000
131646  -36.202  -21.017  31.887 0.0000000000
56271  -35.311  -20.021  31.660 0.0000000000
59987  -36.299  -15.996  30.629 0.0000000000
60814  -36.674  -15.500  30.388 0.0000000000
65926  -35.319  -9.160  31.944 0.0000000000
65936  -34.906  -9.680  31.238 0.0000000000
63396  -38.002  -12.449  27.651 0.0000000000
62549  -38.558  -13.687  28.755 0.0000000000
68462  -41.637  -6.437  24.698 0.0000000000
37700  -10.615  -42.274  52.728 0.0000000000
134272  -10.268  -42.567  53.145 0.0000000000
36813  -10.572  -43.001  52.760 0.0000000000
134160  -33.332  -28.821  43.124 0.0000000000
50942  -31.929  -27.431  41.777 0.0000000000
50961  -31.572  -27.059  41.019 0.0000000000
114397  -30.635  -25.893  37.641 0.0000000000
51895  -30.366  -26.095  38.223 0.0000000000
112117  -32.111  -26.825  38.946 0.0000000000
51897  -32.342  -26.704  38.342 0.0000000000
112748  -33.892  -26.503  38.957 0.0000000000
52772  -33.505  -24.370  34.665 0.0000000000
52758  -33.823  -24.984  35.192 0.0000000000
52773  -34.394  -24.579  34.651 0.0000000000
52774  -35.276  -24.676  34.824 0.0000000000
53646  -34.570  -23.658  33.479 0.0000000000
53645  -33.632  -23.404  33.643 0.0000000000
45747  -22.827  -33.174  44.655 0.0000000000
37730  -13.013  -41.187  50.619 0.0000000000
37702  -13.736  -42.126  51.887 0.0000000000
133895  -14.421  -41.799  51.822 0.0000000000
39487  -17.029  -39.324  49.688 0.0000000000
39474  -16.522  -39.739  50.178 0.0000000000
35296  -9.151  -44.458  55.486 0.0000000000
35289  -9.019  -44.247  56.518 0.0000000000
48453  -36.790  -29.126  46.270 0.0000000000
42109  -20.957  -36.988  48.684 0.0000000000
43013  -21.641  -35.432  47.263 0.0000000000
42995  -21.919  -35.710  48.027 0.0000000000
42996  -22.448  -35.201  48.515 0.0000000000
43931  -22.908  -34.605  48.525 0.0000000000
44877  -34.790  -33.875  43.991 0.0000000000
43993  -35.141  -34.197  44.746 0.0000000000
128150  -17.898  -31.942  48.423 0.0000000000
43944  -17.343  -34.758  47.103 0.0000000000
118325  -19.931  -36.975  46.947 0.0000000000
42120  -19.133  -37.258  47.023 0.0000000000
41262  -20.314  -37.660  48.542 0.0000000000
46650  -32.270  -31.285  44.138 0.0000000000
46651  -32.842  -31.024  43.988 0.0000000000
133915  -30.864  -31.733  43.678 0.0000000000
112153  -31.876  -31.703  45.053 0.0000000000
118166  -33.093  -17.530  31.816 0.0000000000
59101  -33.699  -17.470  31.392 0.0000000000
59976  -32.744  -16.673  31.880 0.0000000000
61650  -33.066  -14.872  31.477 0.0000000000
60811  -33.767  -15.206  31.053 0.0000000000
60812  -34.774  -15.499  30.807 0.0000000000
62521  -33.645  -14.314  31.066 0.0000000000
66788  -36.561  -8.228  30.061 0.0000000000
66789  -37.211  -7.747  29.483 0.0000000000
65957  -36.849  -9.278  27.896 0.0000000000
65088  -37.636  -10.911  27.133 0.0000000000
65089  -38.230  -10.754  26.697 0.0000000000
123409  -39.664  -10.071  25.829 0.0000000000
65097  -39.685  -11.003  26.191 0.0000000000
65110  -40.671  -10.052  25.634 0.0000000000
65982  -40.036  -9.266  25.549 0.0000000000
67625  -39.697  -7.395  25.925 0.0000000000
50102  -30.934  -27.937  44.504 0.0000000000
50108  -29.730  -27.159  43.429 0.0000000000
50120  -30.113  -27.420  42.598 0.0000000000
53600  -29.771  -22.971  36.998 0.0000000000
126357  -29.835  -23.846  36.930 0.0000000000
52739  -29.791  -24.657  37.243 0.0000000000
52740  -30.395  -24.497  36.724 0.0000000000
51919  -31.113  -25.173  36.633 0.0000000000
52746  -30.987  -24.209  36.294 0.0000000000
53621  -31.548  -23.377  35.503 0.0000000000
125432  -31.440  -23.993  35.877 0.0000000000
53622  -32.087  -23.548  35.079 0.0000000000
44875  -25.189  -33.523  43.971 0.0000000000
120833  -24.873  -33.874  44.794 0.0000000000
43046  -27.502  -35.503  45.797 0.0000000000
43045  -26.608  -35.401  46.068 0.0000000000
40350  -12.941  -38.660  50.175 0.0000000000
40339  -12.680  -38.008  51.115 0.0000000000
39472  -13.114  -39.562  49.772 0.0000000000
32950  -9.326  -47.152  56.065 0.0000000000
117006  -8.481  -48.228  57.141 0.0000000000
32941  -8.693  -47.453  56.684 0.0000000000
32936  -7.905  -48.117  57.457 0.0000000000
50911  -36.232  -26.374  45.455 0.0000000000
51800  -36.239  -25.751  44.828 0.0000000000
43074  -29.881  -34.967  43.895 0.0000000000
42962  -14.828  -34.865  49.666 0.0000000000
42963  -15.210  -33.889  50.347 0.0000000000
42095  -14.347  -36.584  49.653 0.0000000000
40365  -16.559  -39.096  48.567 0.0000000000
40378  -17.322  -38.946  48.208 0.0000000000
133152  -18.116  -38.093  47.595 0.0000000000
117769  -19.118  -38.476  50.094 0.0000000000
40352  -18.475  -38.698  50.599 0.0000000000
121444  -35.463  -31.827  42.976 0.0000000000
46663  -35.751  -30.992  42.895 0.0000000000
47601  -32.987  -30.469  43.062 0.0000000000
48463  -33.110  -29.967  44.867 0.0000000000
49321  -32.362  -28.744  45.118 0.0000000000
49320  -31.818  -28.431  44.923 0.0000000000
45744  -19.730  -33.018  45.273 0.0000000000
46627  -19.631  -31.990  45.396 0.0000000000
46641  -20.619  -30.944  44.768 0.0000000000
46642  -21.213  -31.202  44.364 0.0000000000
48481  -23.705  -29.505  43.096 0.0000000000
47599  -23.050  -30.061  43.109 0.0000000000
46656  -23.436  -31.029  42.828 0.0000000000
46644  -22.785  -31.774  43.437 0.0000000000
45771  -24.406  -32.208  42.972 0.0000000000
46670  -24.351  -31.470  42.651 0.0000000000
46671  -25.847  -31.589  42.499 0.0000000000
45777  -25.662  -32.391  42.679 0.0000000000
44892  -26.263  -32.818  42.613 0.0000000000
44883  -26.397  -33.521  43.022 0.0000000000
131409  -26.780  -33.128  42.496 0.0000000000
46657  -27.917  -31.072  43.562 0.0000000000
46645  -28.017  -30.948  44.612 0.0000000000
47591  -27.050  -29.948  44.420 0.0000000000
47600  -27.136  -31.025  42.920 0.0000000000
44023  -28.782  -34.059  42.427 0.0000000000
44895  -29.293  -33.500  41.728 0.0000000000
44909  -30.671  -33.410  41.306 0.0000000000
44041  -30.108  -33.840  41.762 0.0000000000
44042  -30.731  -34.045  41.853 0.0000000000
44026  -31.167  -34.347  42.312 0.0000000000
46689  -30.608  -31.743  41.242 0.0000000000
46690  -31.605  -31.649  41.312 0.0000000000
44911  -32.928  -33.169  40.929 0.0000000000
44897  -33.438  -33.676  41.864 0.0000000000
44898  -34.138  -33.347  42.295 0.0000000000
45782  -35.015  -32.329  42.554 0.0000000000
130454  -35.113  -32.800  43.050 0.0000000000
134180  -36.063  -32.540  43.769 0.0000000000
46613  -18.992  -30.834  46.850 0.0000000000
115642  -18.941  -31.722  46.308 0.0000000000
45731  -19.075  -32.651  45.922 0.0000000000
54498  -37.579  -22.932  33.487 0.0000000000
56259  -37.646  -20.315  32.134 0.0000000000
56241  -38.067  -20.818  32.686 0.0000000000
58233  -35.724  -18.769  31.462 0.0000000000
59103  -35.777  -17.751  31.210 0.0000000000
64205  -33.861  -11.090  32.816 0.0000000000
63329  -33.444  -12.006  32.571 0.0000000000
64217  -33.651  -11.426  31.815 0.0000000000
123618  -34.387  -11.799  30.345 0.0000000000
64230  -33.813  -12.004  30.979 0.0000000000
65065  -35.877  -9.608  29.021 0.0000000000
65064  -35.537  -10.422  29.374 0.0000000000
64249  -35.917  -11.365  28.895 0.0000000000
63366  -36.713  -13.014  28.800 0.0000000000
62537  -36.327  -13.462  29.227 0.0000000000
61662  -39.483  -14.607  30.269 0.0000000000
64267  -40.182  -12.175  26.968 0.0000000000
65985  -42.352  -9.416  25.070 0.0000000000
66004  -43.280  -8.913  23.906 0.0000000000
68463  -42.345  -6.754  23.991 0.0000000000
67637  -42.877  -7.582  23.487 0.0000000000
68465  -43.072  -6.613  23.365 0.0000000000
36056  -9.969  -43.284  53.351 0.0000000000
36795  -9.838  -42.228  54.810 0.0000000000
36794  -9.580  -43.061  54.292 0.0000000000
36048  -9.360  -43.762  54.876 0.0000000000
36055  -9.648  -43.928  53.963 0.0000000000
35304  -12.356  -44.469  54.246 0.0000000000
133500  -11.386  -44.426  53.524 0.0000000000
35303  -11.595  -44.649  53.981 0.0000000000
34533  -11.564  -45.888  55.636 0.0000000000
119551  -10.880  -45.772  54.726 0.0000000000
34540  -10.292  -45.578  54.606 0.0000000000
33706  -10.388  -46.217  55.108 0.0000000000
129269  -10.404  -46.653  55.527 0.0000000000
32938  -10.853  -47.402  57.422 0.0000000000
49342  -34.634  -28.484  43.300 0.0000000000
50925  -33.304  -27.371  42.431 0.0000000000
50113  -34.436  -27.038  43.316 0.0000000000
50963  -33.745  -26.754  41.248 0.0000000000
50945  -34.636  -26.625  42.260 0.0000000000
114846  -35.241  -26.288  42.351 0.0000000000
52702  -28.225  -24.822  41.191 0.0000000000
121268  -28.327  -24.890  42.132 0.0000000000
51851  -28.419  -25.590  41.623 0.0000000000
50939  -28.737  -26.184  42.099 0.0000000000
50958  -28.834  -26.199  41.236 0.0000000000
53577  -28.778  -23.529  38.999 0.0000000000
53567  -28.513  -24.213  39.688 0.0000000000
50993  -29.738  -26.348  39.594 0.0000000000
50978  -30.056  -26.677  40.220 0.0000000000
51865  -31.909  -26.728  39.592 0.0000000000
51867  -33.678  -26.630  40.114 0.0000000000
51868  -34.521  -26.533  40.445 0.0000000000
51854  -35.264  -26.229  40.942 0.0000000000
123043  -32.854  -25.812  36.258 0.0000000000
124407  -32.901  -26.284  36.898 0.0000000000
51921  -33.574  -25.885  36.367 0.0000000000
51923  -35.357  -25.332  36.326 0.0000000000
51922  -34.540  -25.790  36.538 0.0000000000
52762  -36.847  -24.517  35.871 0.0000000000
53623  -37.018  -24.072  34.952 0.0000000000
53637  -37.403  -23.573  34.135 0.0000000000
53636  -36.589  -23.978  34.117 0.0000000000
54496  -35.051  -23.076  32.875 0.0000000000
55344  -34.898  -21.707  32.152 0.0000000000
132988  -34.108  -21.763  32.374 0.0000000000
55328  -32.236  -21.843  33.736 0.0000000000
130892  -32.655  -22.288  33.485 0.0000000000
55342  -32.343  -21.244  33.014 0.0000000000
57263  -32.149  -19.338  33.028 0.0000000000
114842  -32.325  -19.940  32.754 0.0000000000
56270  -33.017  -19.880  32.284 0.0000000000
57275  -32.639  -19.294  32.539 0.0000000000
115259  -32.735  -18.618  32.415 0.0000000000
58213  -32.344  -18.178  32.843 0.0000000000
59964  -32.406  -16.239  33.968 0.0000000000
43972  -21.327  -34.158  45.412 0.0000000000
44847  -22.230  -34.088  45.713 0.0000000000
44835  -23.022  -33.992  47.209 0.0000000000
44824  -23.169  -34.074  48.070 0.0000000000
44825  -23.748  -34.036  48.270 0.0000000000
44851  -24.841  -34.052  46.555 0.0000000000
132971  -29.094  -35.559  45.506 0.0000000000
37689  -10.723  -40.460  53.348 0.0000000000
114744  -11.172  -40.443  52.348 0.0000000000
39449  -11.876  -38.897  52.448 0.0000000000
37729  -12.359  -41.362  51.104 0.0000000000
127674  -11.824  -41.508  51.434 0.0000000000
37715  -11.474  -41.890  51.812 0.0000000000
36815  -12.538  -42.692  52.154 0.0000000000
38621  -14.973  -39.837  49.366 0.0000000000
38608  -15.038  -40.430  49.976 0.0000000000
38587  -15.408  -40.873  50.892 0.0000000000
30568  -6.996  -50.516  57.748 0.0000000000
112791  -6.886  -48.606  57.928 0.0000000000
32225  -6.351  -48.687  57.637 0.0000000000
129120  -20.568  -36.506  47.035 0.0000000000
43012  -20.907  -35.885  46.748 0.0000000000
44888  -35.962  -33.044  43.895 0.0000000000
45730  -18.550  -32.428  46.758 0.0000000000
44834  -18.194  -33.183  47.154 0.0000000000
132032  -18.463  -33.687  46.625 0.0000000000
43025  -18.526  -35.130  46.334 0.0000000000
116118  -32.766  -31.080  45.907 0.0000000000
60793  -32.252  -15.738  32.626 0.0000000000
118357  -32.485  -16.039  32.009 0.0000000000
114106  -32.359  -14.965  32.519 0.0000000000
61649  -32.647  -14.517  32.059 0.0000000000
124320  -33.101  -14.039  31.572 0.0000000000
126911  -36.995  -8.323  28.456 0.0000000000
66796  -37.573  -7.660  28.545 0.0000000000
65966  -37.897  -8.871  26.850 0.0000000000
126134  -38.215  -9.895  26.537 0.0000000000
67624  -39.244  -7.574  26.299 0.0000000000
50917  -29.796  -26.691  45.089 0.0000000000
51811  -29.097  -25.797  44.834 0.0000000000
54449  -30.295  -22.402  36.618 0.0000000000
54462  -31.234  -22.391  35.614 0.0000000000
54479  -31.584  -21.913  35.194 0.0000000000
55300  -31.353  -21.356  35.878 0.0000000000
44876  -25.916  -33.901  43.752 0.0000000000
43988  -26.137  -34.660  44.506 0.0000000000
41238  -13.221  -37.589  50.538 0.0000000000
41248  -13.669  -38.083  49.665 0.0000000000
66835  -44.901  -8.538  22.515 0.0000000000
32234  -9.298  -48.421  57.067 0.0000000000
31483  -8.631  -48.706  57.262 0.0000000000
43063  -31.381  -35.341  44.382 0.0000000000
126682  -32.590  -35.095  45.631 0.0000000000
130831  -16.532  -33.301  49.109 0.0000000000
43898  -15.926  -33.457  50.294 0.0000000000
42977  -15.228  -35.277  48.872 0.0000000000
42107  -15.218  -36.240  48.414 0.0000000000
41261  -19.379  -38.134  48.383 0.0000000000
41241  -19.830  -38.108  50.536 0.0000000000
46680  -34.604  -31.007  41.768 0.0000000000
47578  -19.844  -30.455  45.678 0.0000000000
47588  -20.400  -30.231  45.133 0.0000000000
48468  -21.016  -29.611  44.845 0.0000000000
49336  -23.040  -28.665  44.111 0.0000000000
48492  -24.280  -29.894  42.758 0.0000000000
47608  -24.348  -30.606  42.570 0.0000000000
46646  -28.667  -31.265  44.229 0.0000000000
46673  -27.794  -31.400  42.786 0.0000000000
45780  -28.535  -32.033  41.460 0.0000000000
44907  -29.120  -32.512  41.222 0.0000000000
45787  -30.632  -32.516  40.933 0.0000000000
46691  -32.483  -31.567  41.446 0.0000000000
45790  -33.146  -32.215  41.210 0.0000000000
123320  -34.561  -31.824  41.876 0.0000000000
54513  -36.208  -22.232  32.416 0.0000000000
55331  -37.675  -21.731  32.817 0.0000000000
55346  -36.762  -21.582  32.229 0.0000000000
56258  -36.903  -20.682  31.945 0.0000000000
57276  -37.084  -19.823  31.808 0.0000000000
59979  -35.267  -16.926  31.056 0.0000000000
59980  -36.326  -16.770  30.892 0.0000000000
65035  -34.618  -9.942  32.516 0.0000000000
65045  -34.069  -10.538  32.112 0.0000000000
65046  -34.477  -10.109  31.589 0.0000000000
65055  -34.671  -10.426  30.705 0.0000000000
64238  -34.978  -11.621  29.826 0.0000000000
122968  -36.652  -10.849  27.949 0.0000000000
64250  -36.545  -11.536  28.224 0.0000000000
63378  -37.180  -12.475  28.217 0.0000000000
62548  -37.538  -13.352  28.642 0.0000000000
62539  -37.806  -13.910  29.065 0.0000000000
66815  -40.943  -8.344  25.008 0.0000000000
66821  -41.651  -8.278  24.693 0.0000000000
66822  -42.244  -8.327  24.310 0.0000000000
66827  -42.815  -8.362  23.861 0.0000000000
120548  -11.285  -46.418  55.961 0.0000000000
127847  -34.679  -29.314  42.810 0.0000000000
52734  -29.333  -24.721  37.937 0.0000000000
51894  -29.517  -25.572  38.419 0.0000000000
115792  -34.867  -26.226  40.353 0.0000000000
51899  -34.197  -26.272  38.033 0.0000000000
51932  -33.299  -25.432  35.738 0.0000000000
51934  -34.820  -25.331  35.893 0.0000000000
52760  -35.398  -24.977  35.580 0.0000000000
52748  -36.051  -24.882  36.074 0.0000000000
117131  -35.875  -24.310  34.366 0.0000000000
125253  -31.881  -19.924  33.394 0.0000000000
132127  -32.029  -19.264  33.712 0.0000000000
58214  -32.190  -18.723  33.364 0.0000000000
122886  -32.280  -17.958  33.615 0.0000000000
44861  -22.534  -33.686  45.251 0.0000000000
44849  -23.543  -33.971  46.706 0.0000000000
39471  -12.413  -39.685  50.407 0.0000000000
38585  -12.035  -40.228  50.988 0.0000000000
36825  -12.907  -42.276  51.811 0.0000000000
40364  -15.694  -38.983  48.633 0.0000000000
39485  -15.307  -39.353  49.021 0.0000000000
111909  -36.276  -28.643  45.498 0.0000000000
49324  -35.747  -28.115  45.045 0.0000000000
42083  -21.088  -37.290  50.463 0.0000000000
42084  -21.738  -36.759  50.025 0.0000000000
42964  -22.337  -36.000  49.647 0.0000000000
42110  -21.438  -36.420  48.328 0.0000000000
42979  -22.117  -35.840  48.831 0.0000000000
43991  -33.513  -34.600  44.267 0.0000000000
44809  -17.029  -32.898  48.558 0.0000000000
43929  -16.731  -33.869  48.027 0.0000000000
42117  -16.686  -36.762  47.296 0.0000000000
42118  -17.417  -36.650  47.005 0.0000000000
128323  -20.477  -37.799  50.182 0.0000000000
119561  -30.030  -31.249  42.001 0.0000000000
46660  -30.528  -31.581  42.938 0.0000000000
122189  -31.313  -31.527  42.990 0.0000000000
46649  -31.446  -31.617  44.106 0.0000000000
57287  -34.087  -19.202  31.531 0.0000000000
57288  -34.978  -19.357  31.518 0.0000000000
58231  -33.691  -18.275  31.527 0.0000000000
59102  -34.218  -17.753  31.261 0.0000000000
59978  -34.283  -16.996  31.162 0.0000000000
60801  -33.044  -15.861  31.468 0.0000000000
59985  -34.764  -16.330  31.011 0.0000000000
61657  -35.179  -14.798  30.497 0.0000000000
65944  -35.929  -8.850  29.629 0.0000000000
65077  -36.422  -9.918  28.248 0.0000000000
63397  -38.785  -12.476  27.396 0.0000000000
64278  -39.708  -11.653  26.545 0.0000000000
65096  -38.897  -10.461  26.245 0.0000000000
64279  -40.542  -11.471  26.413 0.0000000000
65111  -41.713  -9.901  25.499 0.0000000000
66814  -40.164  -8.375  25.367 0.0000000000
36065  -11.764  -43.583  52.736 0.0000000000
36064  -11.150  -43.340  52.633 0.0000000000
130236  -31.334  -28.190  43.938 0.0000000000
50101  -30.153  -27.493  44.269 0.0000000000
113658  -29.954  -26.890  41.782 0.0000000000
129081  -29.005  -23.910  38.263 0.0000000000
51909  -31.249  -25.935  37.208 0.0000000000
125222  -32.136  -26.456  37.466 0.0000000000
52771  -32.696  -24.004  34.838 0.0000000000
53633  -33.173  -23.730  34.226 0.0000000000
53644  -32.954  -23.150  33.885 0.0000000000
55315  -31.782  -21.416  34.613 0.0000000000
121366  -32.410  -18.919  35.364 0.0000000000
44863  -24.179  -33.727  45.190 0.0000000000
43973  -25.288  -34.555  46.040 0.0000000000
43974  -25.959  -34.969  45.542 0.0000000000
40338  -12.085  -38.414  51.681 0.0000000000
37731  -13.713  -41.009  50.332 0.0000000000
117334  -18.002  -38.982  51.803 0.0000000000
33704  -9.364  -45.911  55.255 0.0000000000
34532  -8.884  -46.029  55.805 0.0000000000
34526  -8.564  -45.778  56.681 0.0000000000
33692  -8.581  -46.665  56.491 0.0000000000
122813  -8.339  -46.354  57.318 0.0000000000
33686  -7.446  -46.922  57.916 0.0000000000
65023  -34.981  -10.098  33.443 0.0000000000
65917  -35.242  -9.442  32.860 0.0000000000
116526  -35.843  -8.825  32.703 0.0000000000
65927  -36.030  -8.537  31.743 0.0000000000
51828  -36.111  -25.532  43.437 0.0000000000
44006  -28.457  -34.502  43.298 0.0000000000
43073  -29.045  -34.927  44.009 0.0000000000
43061  -29.586  -35.277  44.546 0.0000000000
42067  -13.801  -35.142  50.748 0.0000000000
40376  -14.938  -37.750  48.402 0.0000000000
128921  -16.932  -37.678  47.453 0.0000000000
41260  -18.515  -38.427  48.111 0.0000000000
40379  -18.111  -38.718  48.665 0.0000000000
40351  -17.772  -39.016  50.179 0.0000000000
40340  -17.897  -38.966  51.073 0.0000000000
68468  -44.295  -6.400  22.070 0.0000000000
115648  -36.245  -31.138  43.659 0.0000000000
48494  -34.989  -29.817  42.360 0.0000000000
49322  -33.053  -29.064  45.611 0.0000000000
50087  -31.190  -27.938  46.534 0.0000000000
44858  -19.935  -33.719  45.367 0.0000000000
44859  -20.633  -33.476  45.051 0.0000000000
45745  -21.078  -32.784  44.719 0.0000000000
124916  -20.564  -31.825  44.779 0.0000000000
45761  -22.302  -32.423  44.053 0.0000000000
45762  -23.192  -32.622  43.872 0.0000000000
49315  -21.526  -28.538  45.877 0.0000000000
48469  -21.564  -29.166  44.688 0.0000000000
125362  -21.602  -29.730  44.253 0.0000000000
47598  -22.264  -29.832  43.636 0.0000000000
47590  -21.715  -30.559  43.944 0.0000000000
45763  -24.052  -32.704  43.677 0.0000000000
45776  -25.084  -31.880  42.672 0.0000000000
131709  -26.429  -29.565  44.055 0.0000000000
123876  -27.337  -31.710  42.336 0.0000000000
45778  -26.892  -32.400  42.320 0.0000000000
44008  -30.148  -34.745  43.086 0.0000000000
44009  -30.918  -34.672  43.029 0.0000000000
112529  -31.584  -34.518  42.909 0.0000000000
132909  -30.297  -31.385  41.560 0.0000000000
44910  -31.380  -33.095  41.015 0.0000000000
115228  -32.069  -32.867  40.801 0.0000000000
44044  -32.107  -33.641  41.209 0.0000000000
44027  -32.948  -34.203  42.492 0.0000000000
44887  -35.218  -33.261  43.465 0.0000000000
44899  -34.767  -33.039  42.704 0.0000000000
46584  -18.292  -31.415  48.143 0.0000000000
57289  -35.716  -19.522  31.608 0.0000000000
58234  -36.762  -18.314  31.362 0.0000000000
62504  -33.249  -12.680  33.170 0.0000000000
63336  -33.079  -12.899  32.322 0.0000000000
123105  -33.215  -13.258  31.624 0.0000000000
63350  -33.663  -12.911  31.024 0.0000000000
62522  -34.176  -13.604  30.628 0.0000000000
62523  -35.092  -14.034  30.233 0.0000000000
61658  -35.758  -14.579  30.144 0.0000000000
65063  -35.057  -10.829  29.940 0.0000000000
63364  -35.508  -12.060  29.304 0.0000000000
119204  -35.332  -12.770  29.592 0.0000000000
62536  -35.629  -13.506  29.658 0.0000000000
131574  -35.706  -14.085  29.923 0.0000000000
113385  -36.347  -14.918  30.150 0.0000000000
61660  -37.802  -15.016  30.142 0.0000000000
66829  -44.311  -8.844  23.084 0.0000000000
66828  -43.513  -8.383  23.331 0.0000000000
35310  -11.159  -44.131  53.107 0.0000000000
35309  -10.565  -44.376  53.505 0.0000000000
118245  -11.223  -45.199  54.359 0.0000000000
35308  -10.030  -44.537  53.911 0.0000000000
34546  -9.968  -45.092  54.311 0.0000000000
34539  -9.661  -45.505  54.769 0.0000000000
33698  -9.871  -46.654  55.508 0.0000000000
32952  -10.736  -46.813  55.941 0.0000000000
32944  -10.457  -47.380  56.537 0.0000000000
32937  -10.142  -48.082  57.256 0.0000000000
47594  -36.475  -30.728  44.152 0.0000000000
50103  -34.480  -27.468  43.699 0.0000000000
50927  -34.860  -26.505  42.886 0.0000000000
51826  -28.898  -25.295  43.899 0.0000000000
52694  -28.626  -24.137  42.781 0.0000000000
51825  -28.612  -25.039  43.020 0.0000000000
50923  -28.855  -25.941  43.076 0.0000000000
125050  -29.224  -26.532  41.743 0.0000000000
50960  -30.493  -26.950  40.977 0.0000000000
52713  -28.385  -24.846  40.296 0.0000000000
51879  -29.177  -25.696  39.346 0.0000000000
51878  -28.751  -25.461  40.043 0.0000000000
50962  -33.322  -26.649  40.539 0.0000000000
51866  -32.879  -26.513  39.993 0.0000000000
51852  -34.233  -26.644  40.728 0.0000000000
52695  -35.529  -26.174  41.709 0.0000000000
52696  -36.245  -25.713  42.188 0.0000000000
134512  -35.337  -25.974  40.472 0.0000000000
51911  -34.599  -26.052  37.324 0.0000000000
54497  -36.033  -22.930  32.849 0.0000000000
54494  -33.130  -22.687  33.343 0.0000000000
54510  -33.607  -22.212  32.766 0.0000000000
55343  -33.313  -21.367  32.535 0.0000000000
56255  -33.562  -20.496  32.132 0.0000000000
57286  -33.252  -19.073  31.964 0.0000000000
59094  -32.530  -17.290  32.323 0.0000000000
59087  -32.216  -17.334  32.929 0.0000000000
61633  -32.587  -14.569  33.708 0.0000000000
43956  -20.911  -34.762  45.833 0.0000000000
43946  -22.083  -34.696  46.994 0.0000000000
43958  -22.527  -34.269  46.653 0.0000000000
44850  -24.173  -33.961  46.171 0.0000000000
118636  -24.323  -33.942  47.156 0.0000000000
43947  -25.212  -34.380  47.640 0.0000000000
44827  -24.764  -33.973  47.793 0.0000000000
44837  -24.193  -33.896  47.863 0.0000000000
44813  -23.977  -34.408  48.836 0.0000000000
43047  -28.463  -35.567  45.727 0.0000000000
128757  -11.627  -40.321  51.584 0.0000000000
114115  -11.793  -42.835  52.237 0.0000000000
36816  -13.370  -42.636  52.346 0.0000000000
39484  -14.421  -39.332  49.135 0.0000000000
38619  -13.774  -39.861  49.498 0.0000000000
38607  -14.096  -40.554  49.837 0.0000000000
39451  -17.162  -39.884  52.185 0.0000000000
37719  -14.845  -41.385  51.388 0.0000000000
31474  -8.063  -49.512  57.678 0.0000000000
31464  -7.637  -50.304  58.016 0.0000000000
32224  -5.868  -48.230  57.371 0.0000000000
32215  -6.091  -47.692  57.771 0.0000000000
31471  -5.926  -49.191  57.273 0.0000000000
34547  -10.478  -44.921  54.071 0.0000000000
44826  -24.444  -34.046  48.365 0.0000000000
44879  -36.360  -33.363  44.503 0.0000000000
48458  -21.170  -28.947  45.263 0.0000000000
48480  -22.975  -29.193  43.549 0.0000000000
49329  -23.590  -28.467  44.655 0.0000000000
50924  -29.309  -26.512  43.441 0.0000000000
58223  -32.689  -17.944  32.324 0.0000000000
59963  -32.158  -16.474  33.137 0.0000000000
123968  -12.283  -43.191  52.504 0.0000000000
134342  -34.656  -11.175  30.337 0.0000000000
134445  -20.820  -28.791  45.913 0.0000000000
