#!ascii label  , from subject bert vox2ras=TkReg
1088
39392  -10.191  -38.862  57.622 0.0000000000
45723  -32.519  -31.837  47.515 0.0000000000
121815  -29.472  -24.584  46.217 0.0000000000
47506  -26.022  -27.879  50.749 0.0000000000
62494  -33.239  -13.369  33.693 0.0000000000
55285  -31.257  -20.564  36.639 0.0000000000
116680  -32.796  -29.494  52.851 0.0000000000
45694  -28.005  -32.473  50.051 0.0000000000
65887  -38.486  -9.302  36.081 0.0000000000
69254  -41.596  -5.139  32.827 0.0000000000
69265  -43.855  -4.712  30.667 0.0000000000
57145  -32.704  -19.245  44.962 0.0000000000
54394  -29.154  -22.321  41.095 0.0000000000
116014  -35.012  -18.573  41.041 0.0000000000
127447  -36.195  -17.405  38.506 0.0000000000
46564  -18.691  -30.637  50.932 0.0000000000
37586  -8.569  -40.408  60.774 0.0000000000
50081  -31.912  -28.093  48.035 0.0000000000
55174  -31.659  -21.302  49.424 0.0000000000
48436  -20.462  -28.757  47.333 0.0000000000
48472  -25.826  -29.218  43.955 0.0000000000
68460  -40.960  -6.144  25.600 0.0000000000
125760  -46.705  -4.385  27.656 0.0000000000
58190  -32.717  -18.073  35.572 0.0000000000
62469  -37.804  -12.908  36.980 0.0000000000
41211  -11.454  -37.558  54.046 0.0000000000
33674  -6.873  -46.109  58.507 0.0000000000
67581  -39.675  -6.798  34.499 0.0000000000
57178  -33.573  -18.704  42.965 0.0000000000
44809  -17.029  -32.898  48.558 0.0000000000
38464  -9.262  -39.898  59.595 0.0000000000
48463  -33.110  -29.967  44.867 0.0000000000
48442  -32.963  -29.508  47.500 0.0000000000
48414  -23.945  -26.970  49.285 0.0000000000
49317  -23.358  -28.288  45.563 0.0000000000
47556  -25.983  -28.552  47.852 0.0000000000
45709  -30.404  -32.841  48.346 0.0000000000
46630  -28.717  -31.396  45.386 0.0000000000
46633  -31.046  -32.054  44.984 0.0000000000
48367  -24.510  -27.307  53.103 0.0000000000
48399  -22.016  -27.105  50.522 0.0000000000
66789  -37.211  -7.747  29.483 0.0000000000
68457  -40.258  -6.009  27.377 0.0000000000
69277  -45.052  -4.564  29.632 0.0000000000
55267  -30.111  -20.751  38.784 0.0000000000
56199  -32.066  -19.993  35.921 0.0000000000
60759  -36.941  -15.553  37.417 0.0000000000
42921  -14.742  -32.958  52.468 0.0000000000
42907  -13.803  -33.313  53.965 0.0000000000
42887  -12.509  -34.481  55.473 0.0000000000
42042  -12.266  -35.852  52.912 0.0000000000
34518  -8.338  -45.469  57.787 0.0000000000
117137  -33.630  -31.579  50.612 0.0000000000
48402  -32.714  -29.039  50.290 0.0000000000
49260  -33.271  -27.847  52.914 0.0000000000
46517  -28.219  -29.324  53.396 0.0000000000
125904  -27.473  -29.764  49.876 0.0000000000
130113  -29.486  -30.725  52.263 0.0000000000
44785  -31.236  -32.888  52.353 0.0000000000
65015  -35.913  -10.814  34.745 0.0000000000
65906  -37.393  -8.843  33.901 0.0000000000
67586  -38.895  -7.241  32.280 0.0000000000
67600  -40.246  -6.401  30.914 0.0000000000
133869  -41.633  -5.713  30.043 0.0000000000
69259  -43.012  -4.724  31.463 0.0000000000
54361  -30.485  -21.634  45.972 0.0000000000
53532  -28.955  -23.367  43.424 0.0000000000
123281  -30.442  -20.336  43.193 0.0000000000
56150  -31.406  -19.586  40.652 0.0000000000
56175  -32.521  -19.309  38.637 0.0000000000
56201  -34.127  -18.567  37.729 0.0000000000
126511  -35.835  -18.236  39.556 0.0000000000
44771  -17.860  -31.590  52.619 0.0000000000
43899  -16.320  -32.666  51.035 0.0000000000
70132  -45.568  -4.186  24.188 0.0000000000
37584  -6.855  -41.781  61.719 0.0000000000
50096  -31.885  -28.462  45.818 0.0000000000
51779  -30.725  -25.966  47.961 0.0000000000
50884  -32.345  -27.116  50.225 0.0000000000
52640  -31.319  -24.715  49.568 0.0000000000
117337  -30.257  -22.701  47.601 0.0000000000
56070  -32.083  -20.036  47.579 0.0000000000
47569  -27.405  -29.681  46.506 0.0000000000
48374  -20.255  -28.016  52.984 0.0000000000
47538  -19.556  -29.230  48.881 0.0000000000
130024  -43.011  -5.166  28.666 0.0000000000
70109  -44.102  -4.508  26.993 0.0000000000
70118  -45.295  -4.393  25.581 0.0000000000
70121  -47.448  -3.772  25.798 0.0000000000
121916  -10.320  -40.351  55.129 0.0000000000
36779  -9.159  -41.631  56.655 0.0000000000
60773  -32.789  -15.863  34.929 0.0000000000
58177  -34.750  -17.734  36.963 0.0000000000
60776  -35.245  -15.691  36.523 0.0000000000
62477  -35.662  -13.133  35.965 0.0000000000
64165  -38.802  -11.384  37.078 0.0000000000
40297  -10.829  -37.639  56.456 0.0000000000
36026  -8.379  -42.862  58.425 0.0000000000
35259  -7.340  -43.559  58.301 0.0000000000
36019  -6.424  -43.787  58.487 0.0000000000
133230  -9.897  -39.391  58.957 0.0000000000
46617  -32.703  -31.266  46.771 0.0000000000
46618  -33.060  -30.633  46.380 0.0000000000
47559  -33.193  -30.411  47.739 0.0000000000
48401  -25.243  -27.459  49.896 0.0000000000
48429  -25.198  -28.021  48.259 0.0000000000
47526  -25.985  -28.057  49.309 0.0000000000
117851  -32.194  -32.271  48.143 0.0000000000
45734  -30.652  -32.382  46.532 0.0000000000
45736  -32.094  -32.031  46.703 0.0000000000
112153  -31.876  -31.703  45.053 0.0000000000
47486  -26.610  -28.234  52.961 0.0000000000
48369  -25.675  -27.571  53.559 0.0000000000
133023  -25.410  -27.610  52.151 0.0000000000
48386  -24.198  -26.972  51.301 0.0000000000
127814  -39.778  -6.141  27.833 0.0000000000
51812  -29.619  -25.787  45.863 0.0000000000
51811  -29.097  -25.797  44.834 0.0000000000
54426  -30.246  -20.953  37.875 0.0000000000
54449  -30.295  -22.402  36.618 0.0000000000
125711  -31.782  -20.361  36.162 0.0000000000
128173  -13.948  -34.188  51.099 0.0000000000
42920  -13.820  -33.311  52.954 0.0000000000
128117  -13.133  -34.047  52.425 0.0000000000
42043  -12.515  -34.743  53.469 0.0000000000
42065  -12.912  -36.407  51.323 0.0000000000
46557  -33.088  -30.540  51.714 0.0000000000
47509  -32.835  -29.698  51.277 0.0000000000
48370  -33.201  -28.825  52.911 0.0000000000
46503  -29.677  -29.520  54.384 0.0000000000
46544  -28.631  -29.912  52.191 0.0000000000
45626  -29.946  -30.405  53.396 0.0000000000
45630  -32.141  -29.715  53.677 0.0000000000
45654  -31.255  -31.000  53.081 0.0000000000
44786  -32.192  -32.293  52.581 0.0000000000
44799  -32.088  -32.709  51.323 0.0000000000
112085  -37.826  -10.404  35.851 0.0000000000
65024  -36.580  -9.670  34.212 0.0000000000
65896  -37.827  -9.015  34.975 0.0000000000
68419  -40.376  -6.069  33.905 0.0000000000
67583  -39.298  -7.167  33.051 0.0000000000
67588  -39.960  -6.614  32.406 0.0000000000
129454  -39.556  -6.669  31.315 0.0000000000
68426  -41.525  -5.847  31.600 0.0000000000
68433  -41.685  -5.842  31.136 0.0000000000
69255  -42.220  -4.947  32.259 0.0000000000
56094  -31.791  -20.269  45.655 0.0000000000
55217  -30.355  -21.028  44.556 0.0000000000
56109  -31.264  -19.897  44.317 0.0000000000
57179  -33.918  -18.837  42.258 0.0000000000
128694  -32.292  -18.968  41.772 0.0000000000
56152  -33.226  -18.964  40.658 0.0000000000
56151  -32.343  -19.196  40.069 0.0000000000
114388  -33.400  -18.985  39.835 0.0000000000
56165  -34.539  -18.757  39.200 0.0000000000
56153  -34.809  -18.634  40.013 0.0000000000
46542  -19.426  -29.826  52.769 0.0000000000
46529  -19.299  -30.317  53.578 0.0000000000
45678  -18.379  -31.045  51.613 0.0000000000
43916  -16.393  -32.935  50.137 0.0000000000
71010  -47.016  -3.354  24.983 0.0000000000
71897  -46.942  -2.684  24.233 0.0000000000
36740  -7.625  -41.257  61.321 0.0000000000
112623  -32.925  -28.805  46.491 0.0000000000
49322  -33.053  -29.064  45.611 0.0000000000
50088  -31.870  -28.448  46.798 0.0000000000
50087  -31.190  -27.938  46.534 0.0000000000
50895  -31.099  -26.886  48.182 0.0000000000
126576  -32.656  -27.600  51.688 0.0000000000
49290  -32.561  -28.423  49.815 0.0000000000
51757  -32.587  -26.259  51.562 0.0000000000
53466  -31.595  -22.953  50.494 0.0000000000
52634  -31.666  -24.221  50.659 0.0000000000
120772  -31.337  -22.895  49.875 0.0000000000
52649  -30.765  -24.173  48.848 0.0000000000
54337  -31.069  -22.151  49.235 0.0000000000
55189  -31.096  -21.193  47.329 0.0000000000
55181  -31.761  -20.577  48.541 0.0000000000
49330  -24.318  -28.592  44.429 0.0000000000
45693  -27.439  -31.701  50.214 0.0000000000
46588  -27.603  -30.201  48.688 0.0000000000
46599  -27.819  -30.845  47.661 0.0000000000
46645  -28.017  -30.948  44.612 0.0000000000
49257  -21.059  -27.317  53.183 0.0000000000
131103  -20.872  -27.884  48.837 0.0000000000
132995  -20.671  -27.971  49.502 0.0000000000
47554  -19.836  -29.166  47.988 0.0000000000
47553  -19.313  -30.043  47.485 0.0000000000
69274  -43.117  -5.282  30.297 0.0000000000
69284  -42.168  -5.547  29.705 0.0000000000
111908  -43.299  -5.257  29.745 0.0000000000
70095  -46.002  -4.421  28.421 0.0000000000
69287  -44.357  -4.707  28.474 0.0000000000
70101  -44.660  -4.537  27.438 0.0000000000
70117  -44.327  -4.530  26.019 0.0000000000
114442  -45.747  -4.367  26.158 0.0000000000
70119  -46.235  -4.184  25.647 0.0000000000
70104  -47.217  -4.236  26.915 0.0000000000
54385  -29.260  -22.409  41.966 0.0000000000
52694  -28.626  -24.137  42.781 0.0000000000
59088  -32.295  -17.098  33.791 0.0000000000
59950  -33.121  -16.652  35.488 0.0000000000
56189  -35.237  -17.966  38.509 0.0000000000
57227  -34.043  -18.445  37.252 0.0000000000
58179  -35.745  -17.326  37.669 0.0000000000
61601  -37.470  -14.613  37.575 0.0000000000
115714  -36.508  -15.561  37.100 0.0000000000
113035  -36.325  -14.733  36.805 0.0000000000
61612  -35.637  -14.830  36.489 0.0000000000
62467  -36.998  -13.291  36.728 0.0000000000
63308  -37.722  -11.861  36.379 0.0000000000
63298  -38.298  -12.086  36.808 0.0000000000
127923  -12.051  -35.571  54.826 0.0000000000
42008  -11.582  -36.096  56.019 0.0000000000
41178  -11.194  -36.880  56.726 0.0000000000
40312  -11.184  -38.088  54.634 0.0000000000
39425  -10.835  -39.037  54.242 0.0000000000
133439  -11.343  -38.275  54.046 0.0000000000
36043  -9.222  -43.563  55.916 0.0000000000
36773  -8.733  -41.680  57.377 0.0000000000
36037  -9.012  -43.361  56.914 0.0000000000
33681  -8.064  -46.304  58.190 0.0000000000
116406  -7.741  -44.202  58.080 0.0000000000
35267  -7.245  -44.507  58.425 0.0000000000
35258  -6.767  -43.803  58.491 0.0000000000
34501  -6.449  -45.225  58.342 0.0000000000
120453  -30.879  -29.580  54.545 0.0000000000
67569  -40.104  -7.660  36.720 0.0000000000
67568  -39.408  -7.803  36.008 0.0000000000
68415  -41.033  -6.349  36.565 0.0000000000
57163  -32.685  -19.103  44.268 0.0000000000
45705  -18.256  -31.426  49.043 0.0000000000
44811  -17.573  -31.629  50.340 0.0000000000
39355  -9.129  -38.826  60.949 0.0000000000
37587  -8.845  -40.027  60.385 0.0000000000
47582  -33.053  -30.668  45.430 0.0000000000
48452  -33.140  -29.312  46.637 0.0000000000
49301  -32.380  -28.658  47.975 0.0000000000
117463  -32.492  -19.888  49.497 0.0000000000
120613  -22.282  -27.835  47.586 0.0000000000
49308  -22.035  -28.317  46.619 0.0000000000
48438  -23.398  -27.691  47.532 0.0000000000
48450  -24.691  -28.363  46.265 0.0000000000
48451  -25.716  -28.734  46.300 0.0000000000
45708  -29.463  -32.771  48.553 0.0000000000
45719  -28.510  -32.002  47.085 0.0000000000
120120  -29.289  -32.365  47.023 0.0000000000
45749  -29.503  -32.014  45.547 0.0000000000
133915  -30.864  -31.733  43.678 0.0000000000
114591  -23.915  -27.519  53.955 0.0000000000
49258  -22.242  -26.977  52.761 0.0000000000
49273  -23.551  -26.893  51.832 0.0000000000
48413  -22.535  -27.022  49.672 0.0000000000
66788  -36.561  -8.228  30.061 0.0000000000
68458  -40.922  -5.687  26.868 0.0000000000
70976  -45.533  -3.816  30.963 0.0000000000
69271  -44.719  -4.533  30.203 0.0000000000
54407  -29.659  -21.632  39.975 0.0000000000
56213  -31.753  -20.387  35.034 0.0000000000
57239  -32.401  -19.393  35.825 0.0000000000
124301  -37.162  -16.680  38.696 0.0000000000
59036  -36.796  -16.819  37.996 0.0000000000
60746  -37.832  -15.455  38.641 0.0000000000
43853  -16.516  -32.087  53.559 0.0000000000
128517  -15.819  -32.189  53.838 0.0000000000
127309  -14.241  -32.659  55.975 0.0000000000
42888  -12.930  -33.994  55.007 0.0000000000
42905  -12.473  -34.774  54.485 0.0000000000
41212  -11.777  -36.623  53.492 0.0000000000
40327  -11.841  -37.987  52.492 0.0000000000
40328  -12.325  -37.661  51.816 0.0000000000
45699  -33.379  -31.546  49.074 0.0000000000
46591  -33.315  -30.335  48.987 0.0000000000
47516  -32.963  -29.688  50.417 0.0000000000
49274  -32.828  -28.076  52.115 0.0000000000
47499  -27.213  -28.862  52.439 0.0000000000
46554  -27.192  -29.268  50.524 0.0000000000
116572  -28.053  -29.748  51.608 0.0000000000
46556  -28.261  -30.217  51.087 0.0000000000
45681  -27.781  -31.946  51.240 0.0000000000
45639  -30.544  -30.974  53.111 0.0000000000
44772  -29.496  -32.309  52.864 0.0000000000
44814  -29.585  -33.113  50.308 0.0000000000
44815  -30.688  -33.109  50.038 0.0000000000
121266  -32.250  -32.570  49.647 0.0000000000
47476  -27.582  -28.624  53.802 0.0000000000
64189  -34.626  -11.514  34.354 0.0000000000
64198  -33.819  -11.823  33.645 0.0000000000
111369  -35.184  -10.759  34.211 0.0000000000
65904  -36.014  -9.324  33.498 0.0000000000
117548  -36.462  -8.385  32.529 0.0000000000
66773  -38.679  -7.734  33.803 0.0000000000
66775  -37.771  -7.954  32.798 0.0000000000
66779  -36.926  -8.003  32.034 0.0000000000
67598  -38.166  -7.220  30.999 0.0000000000
67604  -38.721  -6.906  30.370 0.0000000000
67614  -39.427  -6.548  29.952 0.0000000000
68454  -39.836  -6.088  28.649 0.0000000000
115414  -41.408  -5.875  30.468 0.0000000000
68434  -42.356  -5.519  30.939 0.0000000000
69264  -43.375  -4.837  30.948 0.0000000000
70064  -42.875  -3.883  32.973 0.0000000000
70966  -44.723  -3.355  31.817 0.0000000000
53508  -29.925  -22.614  46.434 0.0000000000
52673  -29.142  -23.943  45.357 0.0000000000
54369  -29.849  -21.849  44.467 0.0000000000
54377  -29.784  -21.821  43.374 0.0000000000
55240  -29.864  -20.787  41.813 0.0000000000
56110  -31.512  -19.311  43.456 0.0000000000
55234  -30.480  -20.166  42.246 0.0000000000
55251  -29.840  -20.854  40.713 0.0000000000
55252  -30.733  -20.231  40.241 0.0000000000
55260  -30.899  -19.992  39.305 0.0000000000
55270  -32.193  -19.388  38.000 0.0000000000
55278  -32.726  -19.381  37.487 0.0000000000
56176  -33.235  -19.225  38.146 0.0000000000
56188  -34.848  -18.341  38.602 0.0000000000
56190  -35.771  -17.867  39.033 0.0000000000
56168  -36.879  -18.297  39.592 0.0000000000
58158  -36.882  -17.140  38.940 0.0000000000
121405  -18.054  -31.487  53.403 0.0000000000
44794  -17.332  -31.821  51.054 0.0000000000
44780  -17.333  -31.895  51.827 0.0000000000
43869  -16.979  -32.083  52.533 0.0000000000
43884  -15.677  -32.977  51.114 0.0000000000
50909  -30.570  -27.260  46.190 0.0000000000
51787  -29.830  -24.989  47.021 0.0000000000
123394  -32.757  -29.380  48.928 0.0000000000
50075  -32.499  -28.340  49.373 0.0000000000
123157  -32.239  -28.004  48.851 0.0000000000
51772  -31.791  -26.319  49.412 0.0000000000
50890  -31.531  -26.662  48.803 0.0000000000
51780  -31.207  -25.939  48.601 0.0000000000
52655  -30.256  -24.979  47.710 0.0000000000
53495  -29.933  -23.112  47.219 0.0000000000
54352  -30.429  -22.189  46.854 0.0000000000
55209  -31.523  -20.604  46.235 0.0000000000
57109  -32.562  -19.601  46.287 0.0000000000
57076  -33.082  -19.193  48.835 0.0000000000
130643  -32.918  -19.130  47.718 0.0000000000
47541  -26.966  -29.084  48.379 0.0000000000
47568  -26.672  -29.086  46.777 0.0000000000
48461  -26.603  -29.358  44.998 0.0000000000
46629  -28.021  -30.866  45.659 0.0000000000
47581  -27.601  -30.394  44.952 0.0000000000
47485  -19.905  -28.910  53.675 0.0000000000
46553  -19.396  -29.074  51.997 0.0000000000
49271  -21.129  -27.225  52.346 0.0000000000
128003  -19.797  -28.502  51.192 0.0000000000
46576  -18.990  -30.151  50.173 0.0000000000
46585  -18.733  -30.763  48.762 0.0000000000
68455  -40.440  -5.825  28.366 0.0000000000
69294  -41.130  -5.637  28.008 0.0000000000
69295  -41.885  -5.306  27.549 0.0000000000
69286  -43.511  -5.068  28.991 0.0000000000
69291  -42.803  -5.026  27.952 0.0000000000
69300  -42.597  -4.992  25.865 0.0000000000
69301  -43.481  -4.773  25.439 0.0000000000
69306  -43.486  -5.083  24.434 0.0000000000
69307  -44.195  -4.816  24.030 0.0000000000
111511  -45.052  -4.412  24.615 0.0000000000
70127  -46.718  -3.821  25.271 0.0000000000
38499  -10.153  -39.643  56.415 0.0000000000
38481  -9.844  -39.710  57.252 0.0000000000
37664  -9.979  -41.264  55.202 0.0000000000
52684  -28.857  -24.338  43.721 0.0000000000
61634  -33.182  -14.077  34.184 0.0000000000
56200  -33.520  -18.935  37.179 0.0000000000
57240  -33.319  -18.830  36.685 0.0000000000
58191  -33.479  -17.973  36.315 0.0000000000
59051  -36.021  -16.921  37.329 0.0000000000
59953  -35.096  -16.505  36.653 0.0000000000
59951  -33.870  -16.501  36.000 0.0000000000
60774  -34.046  -15.756  35.935 0.0000000000
61627  -34.436  -14.076  35.565 0.0000000000
62485  -34.798  -12.990  35.392 0.0000000000
63316  -35.583  -12.187  35.429 0.0000000000
64179  -37.682  -11.101  36.084 0.0000000000
65874  -38.543  -10.166  36.562 0.0000000000
114927  -10.706  -37.368  58.557 0.0000000000
126634  -10.791  -37.334  58.092 0.0000000000
39393  -10.575  -38.184  57.059 0.0000000000
115125  -10.545  -39.465  55.064 0.0000000000
38532  -10.612  -39.905  54.330 0.0000000000
37628  -9.040  -40.558  57.769 0.0000000000
36763  -8.541  -41.090  58.739 0.0000000000
36757  -8.359  -41.247  59.327 0.0000000000
126183  -8.289  -44.531  57.718 0.0000000000
36020  -8.143  -42.738  58.179 0.0000000000
36756  -8.250  -41.638  59.300 0.0000000000
36006  -7.319  -42.022  59.457 0.0000000000
36755  -6.694  -42.027  59.528 0.0000000000
32925  -6.160  -46.387  57.932 0.0000000000
34500  -6.042  -45.360  58.261 0.0000000000
39376  -10.224  -38.804  58.475 0.0000000000
46601  -33.171  -31.047  47.787 0.0000000000
47514  -26.433  -28.162  49.879 0.0000000000
45722  -31.758  -32.316  47.452 0.0000000000
47498  -26.525  -28.416  52.176 0.0000000000
48377  -25.814  -27.697  52.931 0.0000000000
47497  -26.005  -28.011  51.678 0.0000000000
124907  -24.938  -27.286  50.753 0.0000000000
117777  -39.193  -6.494  27.810 0.0000000000
131747  -29.729  -25.408  46.500 0.0000000000
116245  -29.188  -24.966  45.474 0.0000000000
55276  -30.877  -20.240  37.497 0.0000000000
54436  -30.554  -21.319  37.031 0.0000000000
55300  -31.353  -21.356  35.878 0.0000000000
42067  -13.801  -35.142  50.748 0.0000000000
42936  -13.400  -34.637  51.578 0.0000000000
42057  -12.796  -35.104  52.311 0.0000000000
46545  -32.553  -29.997  52.326 0.0000000000
46546  -32.621  -29.949  52.110 0.0000000000
128702  -32.915  -29.378  52.679 0.0000000000
46519  -29.553  -29.753  53.697 0.0000000000
46504  -30.190  -29.727  54.482 0.0000000000
128072  -32.626  -29.605  53.152 0.0000000000
45642  -32.148  -30.015  52.983 0.0000000000
45656  -32.444  -30.939  52.261 0.0000000000
46490  -29.797  -29.296  55.127 0.0000000000
65011  -38.283  -10.368  36.306 0.0000000000
65018  -37.848  -9.721  35.417 0.0000000000
65886  -38.150  -9.420  35.666 0.0000000000
68420  -41.012  -5.726  33.060 0.0000000000
68422  -40.531  -6.173  32.715 0.0000000000
68425  -40.751  -6.210  31.916 0.0000000000
68423  -41.292  -5.782  32.275 0.0000000000
69257  -41.969  -5.416  31.936 0.0000000000
56102  -32.032  -19.723  44.865 0.0000000000
56101  -31.357  -20.407  45.100 0.0000000000
111112  -34.061  -18.914  41.312 0.0000000000
56135  -33.116  -18.829  41.520 0.0000000000
122078  -34.118  -18.862  40.392 0.0000000000
119899  -34.127  -18.873  39.684 0.0000000000
46552  -19.094  -30.007  51.980 0.0000000000
45665  -18.821  -30.745  52.273 0.0000000000
45679  -18.823  -30.515  51.607 0.0000000000
71016  -47.318  -2.965  24.777 0.0000000000
71891  -47.650  -2.747  24.979 0.0000000000
37570  -8.485  -40.371  61.459 0.0000000000
37569  -8.147  -40.608  61.774 0.0000000000
36741  -8.326  -40.745  61.014 0.0000000000
50089  -32.375  -28.629  47.130 0.0000000000
50080  -31.789  -28.227  47.557 0.0000000000
50903  -31.325  -27.771  47.491 0.0000000000
50896  -31.539  -27.542  48.186 0.0000000000
50064  -32.418  -27.184  51.071 0.0000000000
54330  -31.863  -21.761  50.276 0.0000000000
54329  -31.542  -22.203  49.878 0.0000000000
121009  -31.331  -21.229  48.653 0.0000000000
48446  -20.267  -29.206  46.406 0.0000000000
134445  -20.820  -28.791  45.913 0.0000000000
45706  -27.525  -31.996  49.111 0.0000000000
46589  -27.629  -31.140  48.493 0.0000000000
47555  -20.683  -28.485  47.888 0.0000000000
47539  -20.316  -28.486  48.507 0.0000000000
48435  -19.812  -29.420  47.158 0.0000000000
68462  -41.637  -6.437  24.698 0.0000000000
69269  -43.492  -5.001  30.536 0.0000000000
69275  -43.689  -5.085  30.101 0.0000000000
70102  -45.134  -4.533  27.736 0.0000000000
70103  -45.862  -4.450  27.622 0.0000000000
115791  -45.634  -4.476  26.903 0.0000000000
115557  -46.494  -4.381  26.879 0.0000000000
70111  -46.381  -4.288  26.220 0.0000000000
53555  -28.781  -23.108  41.435 0.0000000000
122081  -28.783  -22.943  40.684 0.0000000000
121366  -32.410  -18.919  35.364 0.0000000000
58202  -32.196  -18.625  34.403 0.0000000000
59079  -32.417  -17.663  34.596 0.0000000000
59064  -32.767  -17.309  35.359 0.0000000000
123819  -35.887  -17.609  38.651 0.0000000000
57229  -35.431  -17.618  38.072 0.0000000000
57230  -36.040  -17.386  38.155 0.0000000000
62468  -37.266  -13.875  37.186 0.0000000000
61613  -36.853  -14.794  37.192 0.0000000000
121819  -36.750  -14.150  36.950 0.0000000000
118800  -36.453  -13.894  36.691 0.0000000000
132103  -37.576  -12.508  36.612 0.0000000000
41202  -11.646  -36.449  54.444 0.0000000000
41190  -11.554  -36.260  55.262 0.0000000000
41189  -11.243  -37.029  55.845 0.0000000000
41201  -11.226  -37.205  54.954 0.0000000000
33680  -7.264  -46.294  58.125 0.0000000000
34510  -7.789  -45.779  58.733 0.0000000000
34502  -7.164  -45.280  58.441 0.0000000000
33673  -6.480  -45.796  58.087 0.0000000000
57147  -34.315  -18.745  44.193 0.0000000000
128150  -17.898  -31.942  48.423 0.0000000000
38457  -9.660  -39.499  59.614 0.0000000000
39356  -9.438  -38.744  60.732 0.0000000000
38456  -9.287  -39.760  60.058 0.0000000000
38448  -9.063  -39.463  60.562 0.0000000000
37600  -8.929  -40.124  59.822 0.0000000000
46635  -32.635  -31.193  45.007 0.0000000000
47571  -33.218  -30.039  47.046 0.0000000000
48441  -32.754  -29.006  47.232 0.0000000000
49302  -32.653  -29.110  48.074 0.0000000000
48427  -22.621  -27.440  48.116 0.0000000000
48439  -24.796  -28.025  47.464 0.0000000000
116981  -25.023  -28.390  46.795 0.0000000000
48440  -25.901  -28.591  47.042 0.0000000000
45720  -29.807  -32.651  47.705 0.0000000000
45750  -30.423  -32.209  45.691 0.0000000000
45733  -29.788  -32.282  46.346 0.0000000000
46632  -30.084  -31.978  44.748 0.0000000000
131397  -30.736  -31.881  44.307 0.0000000000
48368  -25.097  -27.694  53.659 0.0000000000
48357  -24.774  -27.944  54.043 0.0000000000
134381  -25.032  -28.319  54.352 0.0000000000
49239  -24.794  -28.013  54.336 0.0000000000
49248  -24.616  -27.719  53.769 0.0000000000
49259  -23.532  -26.926  52.533 0.0000000000
48400  -23.719  -26.874  50.360 0.0000000000
114617  -22.759  -27.055  48.796 0.0000000000
131081  -21.834  -27.497  48.589 0.0000000000
116529  -37.375  -7.620  30.627 0.0000000000
54417  -29.637  -21.507  39.132 0.0000000000
54416  -29.177  -22.403  39.322 0.0000000000
133121  -29.401  -22.075  38.746 0.0000000000
117841  -37.892  -16.603  39.350 0.0000000000
59920  -37.488  -16.070  38.762 0.0000000000
61602  -38.134  -13.941  37.832 0.0000000000
111246  -15.710  -32.441  53.048 0.0000000000
43839  -14.500  -32.851  54.511 0.0000000000
43823  -13.674  -33.228  55.355 0.0000000000
42906  -12.927  -33.879  54.243 0.0000000000
42031  -12.131  -35.662  53.971 0.0000000000
41222  -12.113  -36.960  52.419 0.0000000000
46579  -33.782  -31.300  49.752 0.0000000000
129576  -34.041  -30.801  50.436 0.0000000000
113924  -32.924  -28.841  51.897 0.0000000000
47487  -27.490  -28.960  53.071 0.0000000000
47508  -27.337  -29.147  51.804 0.0000000000
46543  -27.840  -29.423  52.311 0.0000000000
45650  -29.297  -30.299  52.517 0.0000000000
119763  -28.630  -30.210  51.537 0.0000000000
45666  -29.069  -30.497  51.852 0.0000000000
112129  -28.580  -30.816  51.338 0.0000000000
45667  -29.033  -31.067  51.877 0.0000000000
111426  -30.963  -29.766  54.138 0.0000000000
112468  -30.562  -30.280  53.626 0.0000000000
44774  -31.451  -32.122  53.318 0.0000000000
44773  -30.459  -32.433  53.180 0.0000000000
44784  -30.173  -33.063  52.138 0.0000000000
127728  -28.983  -32.871  51.485 0.0000000000
44797  -29.980  -33.157  51.111 0.0000000000
44798  -30.949  -33.114  51.144 0.0000000000
111865  -33.036  -32.267  50.947 0.0000000000
124193  -32.432  -32.533  50.362 0.0000000000
45683  -33.129  -32.139  49.890 0.0000000000
45698  -32.754  -32.231  49.050 0.0000000000
47477  -28.309  -28.974  54.025 0.0000000000
64190  -35.368  -11.454  34.799 0.0000000000
65025  -37.120  -9.348  34.259 0.0000000000
65905  -36.850  -9.109  33.698 0.0000000000
116526  -35.843  -8.825  32.703 0.0000000000
65918  -36.550  -8.681  33.125 0.0000000000
67577  -39.192  -7.578  35.132 0.0000000000
66766  -38.611  -8.024  34.808 0.0000000000
67580  -39.193  -7.381  34.040 0.0000000000
66777  -38.800  -7.460  32.925 0.0000000000
66776  -38.321  -7.722  32.853 0.0000000000
66781  -38.344  -7.481  32.267 0.0000000000
66786  -37.562  -7.600  31.504 0.0000000000
67591  -38.315  -7.328  31.682 0.0000000000
67601  -40.228  -6.439  31.347 0.0000000000
67605  -39.526  -6.611  30.738 0.0000000000
68442  -40.181  -6.300  30.351 0.0000000000
119537  -40.787  -6.139  30.582 0.0000000000
68427  -42.181  -5.504  31.374 0.0000000000
69263  -42.747  -5.171  31.168 0.0000000000
69268  -42.939  -5.216  30.733 0.0000000000
70965  -44.000  -3.623  32.052 0.0000000000
54360  -29.880  -22.247  45.519 0.0000000000
126608  -30.229  -21.508  45.161 0.0000000000
55225  -30.563  -20.403  44.045 0.0000000000
55224  -30.040  -21.013  43.756 0.0000000000
54386  -29.691  -21.718  42.408 0.0000000000
55233  -29.981  -20.949  42.815 0.0000000000
57164  -33.504  -18.876  43.769 0.0000000000
57177  -32.551  -18.819  43.346 0.0000000000
56133  -31.385  -19.484  41.697 0.0000000000
55241  -30.491  -20.083  41.184 0.0000000000
55261  -31.897  -19.361  39.290 0.0000000000
55269  -31.531  -19.487  38.581 0.0000000000
119342  -33.308  -19.231  38.704 0.0000000000
56178  -35.115  -18.401  39.077 0.0000000000
56177  -34.442  -18.676  38.604 0.0000000000
56179  -35.485  -18.119  39.060 0.0000000000
57213  -37.569  -18.276  39.462 0.0000000000
113407  -36.823  -17.754  39.303 0.0000000000
59021  -38.057  -17.317  39.367 0.0000000000
45649  -18.931  -30.956  52.992 0.0000000000
45648  -18.482  -31.326  53.158 0.0000000000
128292  -18.440  -31.275  53.719 0.0000000000
44810  -16.970  -32.373  49.924 0.0000000000
43900  -16.835  -32.301  50.995 0.0000000000
43886  -16.886  -32.237  51.804 0.0000000000
43885  -16.373  -32.478  51.889 0.0000000000
48462  -32.684  -29.161  44.332 0.0000000000
115859  -30.675  -26.923  47.279 0.0000000000
51799  -30.076  -26.183  46.647 0.0000000000
51788  -30.307  -25.829  47.365 0.0000000000
119039  -32.888  -29.651  49.479 0.0000000000
47543  -33.004  -30.059  48.579 0.0000000000
48416  -32.708  -28.942  49.581 0.0000000000
122472  -32.442  -27.836  50.159 0.0000000000
50070  -32.328  -27.718  49.646 0.0000000000
50891  -32.001  -27.094  49.475 0.0000000000
128914  -31.620  -24.756  50.136 0.0000000000
51763  -31.735  -25.533  49.824 0.0000000000
51771  -31.540  -25.745  49.196 0.0000000000
128563  -31.144  -25.172  48.947 0.0000000000
53484  -30.583  -22.797  48.446 0.0000000000
53483  -30.276  -23.841  47.962 0.0000000000
129012  -29.918  -24.111  47.378 0.0000000000
55190  -31.479  -20.759  47.724 0.0000000000
55199  -31.558  -20.590  46.851 0.0000000000
118804  -32.034  -20.183  46.227 0.0000000000
56084  -32.118  -20.088  46.794 0.0000000000
57061  -33.254  -19.343  49.782 0.0000000000
57110  -33.311  -18.856  46.581 0.0000000000
49316  -22.438  -28.391  45.752 0.0000000000
49327  -21.918  -28.687  45.068 0.0000000000
49328  -22.740  -28.492  44.851 0.0000000000
47515  -26.980  -28.993  49.846 0.0000000000
46587  -27.339  -29.484  49.195 0.0000000000
46598  -27.655  -30.265  47.991 0.0000000000
47542  -27.380  -29.639  47.987 0.0000000000
47558  -27.355  -29.568  47.370 0.0000000000
47579  -26.586  -29.225  45.950 0.0000000000
46600  -28.162  -31.250  47.204 0.0000000000
46616  -28.442  -31.284  46.439 0.0000000000
47496  -19.667  -28.896  52.839 0.0000000000
48384  -21.443  -27.188  51.401 0.0000000000
47525  -19.970  -28.620  49.382 0.0000000000
47513  -20.073  -28.456  50.286 0.0000000000
47524  -19.418  -29.480  49.618 0.0000000000
47512  -19.469  -29.360  50.274 0.0000000000
46586  -19.091  -30.059  49.281 0.0000000000
68451  -40.630  -5.792  29.226 0.0000000000
68452  -41.452  -5.630  29.498 0.0000000000
69290  -42.095  -5.422  28.763 0.0000000000
69276  -44.294  -4.812  29.890 0.0000000000
112017  -43.923  -4.960  29.447 0.0000000000
113051  -44.635  -4.711  29.174 0.0000000000
69292  -43.690  -4.767  28.021 0.0000000000
126702  -43.342  -4.656  27.331 0.0000000000
69296  -42.595  -4.805  26.971 0.0000000000
69297  -43.438  -4.628  26.470 0.0000000000
70125  -44.334  -4.591  25.035 0.0000000000
70120  -46.920  -3.994  25.711 0.0000000000
70128  -47.290  -3.562  25.393 0.0000000000
71007  -47.727  -3.403  25.502 0.0000000000
38517  -10.319  -39.958  55.828 0.0000000000
37665  -10.032  -40.600  55.774 0.0000000000
53519  -29.074  -23.594  44.390 0.0000000000
59964  -32.406  -16.239  33.968 0.0000000000
119124  -32.466  -15.375  33.971 0.0000000000
61625  -32.879  -14.864  34.662 0.0000000000
56186  -33.584  -19.016  37.699 0.0000000000
55287  -32.949  -19.350  37.031 0.0000000000
129367  -34.526  -18.039  37.235 0.0000000000
57241  -33.929  -18.189  36.795 0.0000000000
59066  -34.217  -17.583  36.552 0.0000000000
59934  -36.877  -16.223  37.629 0.0000000000
59943  -36.505  -16.602  37.480 0.0000000000
128817  -36.607  -16.083  37.333 0.0000000000
60769  -35.980  -15.591  36.796 0.0000000000
59941  -35.662  -16.193  36.811 0.0000000000
123412  -34.417  -16.913  36.386 0.0000000000
59952  -34.572  -16.170  36.331 0.0000000000
60775  -34.617  -15.503  36.203 0.0000000000
62476  -35.207  -13.955  36.093 0.0000000000
64164  -38.480  -11.493  36.778 0.0000000000
64178  -37.045  -11.607  35.978 0.0000000000
64180  -38.459  -11.040  36.672 0.0000000000
64999  -38.708  -11.074  36.992 0.0000000000
41163  -11.031  -36.765  57.600 0.0000000000
40287  -10.799  -37.560  57.480 0.0000000000
39410  -10.530  -38.332  56.064 0.0000000000
113656  -11.479  -39.076  53.624 0.0000000000
112209  -10.946  -39.446  53.700 0.0000000000
116165  -9.342  -40.809  56.682 0.0000000000
37641  -9.404  -40.379  57.221 0.0000000000
37640  -8.924  -40.950  57.214 0.0000000000
36767  -8.499  -42.218  57.849 0.0000000000
36768  -8.654  -41.245  57.996 0.0000000000
126028  -8.423  -41.915  58.440 0.0000000000
36758  -8.536  -40.798  59.329 0.0000000000
114237  -8.337  -41.903  58.793 0.0000000000
34526  -8.564  -45.778  56.681 0.0000000000
35281  -8.635  -44.865  57.068 0.0000000000
35268  -7.697  -44.094  58.019 0.0000000000
35260  -8.031  -43.134  58.013 0.0000000000
36014  -8.228  -42.245  58.679 0.0000000000
36013  -7.774  -42.478  58.739 0.0000000000
133219  -7.885  -41.932  59.448 0.0000000000
36012  -7.081  -42.759  58.744 0.0000000000
36011  -6.725  -43.010  58.844 0.0000000000
36010  -6.435  -42.819  58.681 0.0000000000
33679  -5.908  -46.116  57.820 0.0000000000
33672  -6.192  -45.781  58.119 0.0000000000
127353  -9.373  -39.884  58.856 0.0000000000
116118  -32.766  -31.080  45.907 0.0000000000
112834  -33.134  -30.664  47.136 0.0000000000
47560  -33.375  -29.928  47.925 0.0000000000
48428  -24.015  -27.248  48.245 0.0000000000
48415  -25.101  -27.692  48.959 0.0000000000
47540  -26.053  -28.351  48.637 0.0000000000
124531  -31.336  -32.595  48.203 0.0000000000
45721  -30.774  -32.557  47.437 0.0000000000
45735  -31.378  -32.321  46.801 0.0000000000
45751  -31.453  -32.128  45.942 0.0000000000
46634  -32.243  -31.556  45.911 0.0000000000
48359  -26.994  -27.805  54.030 0.0000000000
48376  -25.217  -27.550  52.863 0.0000000000
48375  -24.575  -27.237  52.199 0.0000000000
48387  -25.243  -27.474  51.480 0.0000000000
67612  -38.105  -7.194  29.507 0.0000000000
67621  -39.493  -6.660  26.881 0.0000000000
117417  -30.037  -26.743  45.866 0.0000000000
54425  -29.684  -21.767  38.262 0.0000000000
54435  -29.969  -21.974  37.360 0.0000000000
133651  -32.362  -19.666  36.469 0.0000000000
42937  -13.854  -33.633  51.899 0.0000000000
42919  -12.981  -33.799  53.328 0.0000000000
134182  -12.755  -34.399  52.859 0.0000000000
42056  -12.646  -36.185  51.915 0.0000000000
41228  -12.765  -37.089  51.424 0.0000000000
46568  -33.905  -30.789  51.288 0.0000000000
46558  -33.037  -30.273  51.547 0.0000000000
47500  -32.813  -29.555  52.071 0.0000000000
48378  -33.258  -28.275  52.868 0.0000000000
46518  -28.975  -29.414  53.537 0.0000000000
46532  -28.960  -29.737  52.935 0.0000000000
126843  -29.323  -29.764  53.294 0.0000000000
45637  -29.588  -30.158  53.164 0.0000000000
45651  -29.811  -30.630  52.790 0.0000000000
45640  -31.165  -30.518  53.323 0.0000000000
45641  -31.643  -30.297  53.197 0.0000000000
45655  -31.723  -31.022  52.760 0.0000000000
133369  -32.864  -32.207  51.910 0.0000000000
45669  -33.345  -31.419  51.648 0.0000000000
47464  -29.151  -28.979  54.892 0.0000000000
64192  -37.201  -10.496  35.421 0.0000000000
65016  -36.556  -10.303  34.797 0.0000000000
65017  -37.251  -9.866  34.925 0.0000000000
65895  -37.514  -9.194  34.629 0.0000000000
65907  -37.804  -8.604  34.202 0.0000000000
67584  -39.797  -6.703  33.348 0.0000000000
67587  -39.398  -6.935  32.301 0.0000000000
67592  -38.939  -7.064  31.757 0.0000000000
67594  -40.110  -6.512  31.785 0.0000000000
68432  -40.921  -6.196  31.400 0.0000000000
112375  -41.062  -6.157  30.943 0.0000000000
69258  -42.515  -5.102  31.681 0.0000000000
55208  -31.151  -20.827  45.828 0.0000000000
55218  -30.721  -20.956  45.231 0.0000000000
120343  -30.865  -20.541  44.665 0.0000000000
125786  -30.843  -19.838  43.576 0.0000000000
57189  -32.860  -18.681  42.364 0.0000000000
56134  -32.260  -19.064  41.017 0.0000000000
56163  -32.877  -19.215  39.253 0.0000000000
56164  -33.746  -19.120  39.184 0.0000000000
56166  -35.380  -18.425  39.680 0.0000000000
46541  -19.173  -30.453  52.737 0.0000000000
45664  -18.414  -31.230  52.461 0.0000000000
43898  -15.926  -33.457  50.294 0.0000000000
70133  -46.404  -3.781  24.682 0.0000000000
71014  -45.864  -3.714  23.848 0.0000000000
71015  -46.688  -3.245  24.439 0.0000000000
71896  -46.140  -3.088  23.553 0.0000000000
37585  -6.999  -41.993  61.573 0.0000000000
49311  -32.622  -28.665  46.136 0.0000000000
49285  -32.440  -28.020  50.766 0.0000000000
120984  -32.583  -28.549  50.279 0.0000000000
129389  -32.276  -26.558  50.844 0.0000000000
52633  -31.411  -23.846  50.087 0.0000000000
53473  -30.989  -23.415  49.451 0.0000000000
54345  -30.695  -21.927  47.457 0.0000000000
54346  -30.926  -21.614  48.155 0.0000000000
57077  -33.884  -18.750  49.082 0.0000000000
49329  -23.590  -28.467  44.655 0.0000000000
45692  -27.569  -30.663  49.980 0.0000000000
46577  -27.509  -30.307  49.399 0.0000000000
46578  -27.537  -31.136  49.334 0.0000000000
46614  -27.816  -30.050  47.329 0.0000000000
46631  -29.288  -31.687  44.797 0.0000000000
48398  -21.199  -27.615  49.973 0.0000000000
47537  -19.191  -30.002  48.418 0.0000000000
47567  -19.584  -30.088  46.466 0.0000000000
68444  -42.074  -5.636  30.272 0.0000000000
126614  -42.696  -5.468  30.011 0.0000000000
69285  -42.818  -5.342  29.362 0.0000000000
70094  -45.201  -4.565  28.394 0.0000000000
70110  -44.999  -4.468  26.511 0.0000000000
70112  -47.043  -4.155  26.248 0.0000000000
70113  -47.611  -3.942  26.366 0.0000000000
37676  -10.291  -40.866  54.303 0.0000000000
128398  -10.103  -41.721  54.327 0.0000000000
54376  -29.304  -22.499  42.962 0.0000000000
53544  -28.876  -23.238  42.421 0.0000000000
53543  -28.454  -24.010  41.772 0.0000000000
122886  -32.280  -17.958  33.615 0.0000000000
120920  -32.570  -16.809  34.727 0.0000000000
126683  -34.603  -18.291  38.185 0.0000000000
57228  -34.694  -18.050  37.807 0.0000000000
112190  -35.082  -17.651  37.502 0.0000000000
61619  -35.935  -13.971  36.450 0.0000000000
62478  -36.336  -13.211  36.355 0.0000000000
63307  -36.149  -12.539  35.944 0.0000000000
63297  -36.873  -12.394  36.250 0.0000000000
42020  -12.045  -35.419  55.454 0.0000000000
42009  -12.082  -35.087  56.090 0.0000000000
40304  -10.918  -37.842  55.495 0.0000000000
39418  -10.751  -38.622  55.024 0.0000000000
39426  -11.214  -38.633  54.089 0.0000000000
36778  -9.227  -42.636  56.322 0.0000000000
36772  -8.847  -42.446  57.191 0.0000000000
36031  -8.492  -43.119  57.685 0.0000000000
35274  -7.987  -44.751  58.237 0.0000000000
34511  -8.065  -45.534  58.626 0.0000000000
34503  -7.777  -45.144  58.561 0.0000000000
35266  -6.722  -44.573  58.417 0.0000000000
35265  -6.255  -44.672  58.432 0.0000000000
46505  -30.645  -29.522  54.791 0.0000000000
46508  -32.473  -29.340  54.339 0.0000000000
66746  -39.435  -8.414  36.550 0.0000000000
66758  -38.806  -8.463  35.851 0.0000000000
67578  -39.883  -7.009  35.683 0.0000000000
68414  -40.452  -6.214  35.847 0.0000000000
69252  -41.123  -5.459  33.895 0.0000000000
70060  -41.592  -4.790  33.919 0.0000000000
70063  -42.109  -4.377  33.055 0.0000000000
57146  -33.421  -18.915  44.594 0.0000000000
57165  -34.387  -18.778  43.405 0.0000000000
131478  -34.169  -18.814  42.838 0.0000000000
46575  -18.491  -30.766  50.277 0.0000000000
113591  -18.161  -31.132  50.723 0.0000000000
45691  -18.051  -31.246  49.885 0.0000000000
45690  -17.604  -32.029  49.213 0.0000000000
37571  -8.651  -40.004  61.003 0.0000000000
128361  -33.157  -29.955  45.994 0.0000000000
55175  -32.145  -20.769  49.948 0.0000000000
48437  -21.498  -28.206  47.379 0.0000000000
48447  -21.025  -28.494  46.616 0.0000000000
48448  -22.680  -28.097  47.145 0.0000000000
49309  -23.056  -28.225  46.443 0.0000000000
48449  -23.913  -28.180  46.889 0.0000000000
49310  -23.894  -28.163  46.145 0.0000000000
49318  -24.336  -28.378  45.356 0.0000000000
48459  -25.177  -28.655  45.646 0.0000000000
48460  -25.947  -28.863  45.389 0.0000000000
45707  -28.475  -32.478  48.798 0.0000000000
112693  -28.880  -32.394  47.823 0.0000000000
45732  -28.994  -31.968  46.304 0.0000000000
123919  -30.044  -32.538  46.996 0.0000000000
46649  -31.446  -31.617  44.106 0.0000000000
49237  -22.540  -27.346  54.027 0.0000000000
49247  -23.430  -27.127  53.344 0.0000000000
49272  -22.437  -26.900  51.972 0.0000000000
48385  -22.885  -26.848  51.192 0.0000000000
48412  -21.610  -27.451  49.205 0.0000000000
48426  -21.383  -27.888  48.093 0.0000000000
65938  -35.956  -8.651  30.568 0.0000000000
70074  -44.957  -4.181  30.741 0.0000000000
69270  -44.035  -4.781  30.366 0.0000000000
70079  -44.437  -4.489  30.565 0.0000000000
114750  -45.238  -4.248  30.401 0.0000000000
70105  -47.556  -4.303  27.672 0.0000000000
130553  -29.515  -21.728  40.714 0.0000000000
54406  -29.167  -22.348  40.290 0.0000000000
59019  -36.867  -17.045  38.618 0.0000000000
58167  -36.492  -17.225  38.379 0.0000000000
59935  -37.125  -16.342  38.108 0.0000000000
60760  -37.365  -15.638  37.950 0.0000000000
62458  -37.985  -13.423  37.402 0.0000000000
63299  -38.538  -12.353  37.180 0.0000000000
43852  -14.850  -32.721  53.646 0.0000000000
43840  -15.471  -32.180  54.632 0.0000000000
131069  -12.427  -34.868  55.076 0.0000000000
41221  -11.598  -37.525  53.161 0.0000000000
32927  -6.634  -46.891  57.956 0.0000000000
45711  -32.933  -31.769  48.358 0.0000000000
45712  -33.718  -31.110  48.541 0.0000000000
46590  -34.027  -30.858  49.061 0.0000000000
46580  -33.448  -30.333  49.818 0.0000000000
127887  -32.706  -29.128  50.988 0.0000000000
48388  -32.583  -28.507  51.108 0.0000000000
133800  -32.540  -28.061  51.421 0.0000000000
49261  -33.432  -27.891  53.591 0.0000000000
134344  -26.714  -28.593  50.439 0.0000000000
47507  -26.776  -28.716  51.211 0.0000000000
46555  -27.496  -29.483  51.166 0.0000000000
134303  -27.919  -29.853  51.136 0.0000000000
45680  -28.004  -30.804  50.677 0.0000000000
45627  -30.257  -30.200  53.811 0.0000000000
123354  -30.327  -30.535  53.372 0.0000000000
45638  -30.173  -30.857  53.067 0.0000000000
111147  -30.876  -30.636  53.288 0.0000000000
45653  -30.088  -31.466  53.251 0.0000000000
45652  -29.585  -31.155  52.644 0.0000000000
44782  -28.345  -32.071  51.842 0.0000000000
44796  -28.556  -32.715  50.812 0.0000000000
45695  -29.006  -32.996  49.566 0.0000000000
45696  -30.044  -33.046  49.235 0.0000000000
111148  -30.992  -32.946  49.001 0.0000000000
45682  -31.668  -32.902  50.286 0.0000000000
45697  -31.503  -32.903  49.529 0.0000000000
45710  -31.937  -32.605  48.861 0.0000000000
129698  -32.486  -32.264  48.585 0.0000000000
47475  -26.700  -27.991  53.608 0.0000000000
63315  -34.198  -12.373  34.566 0.0000000000
62504  -33.249  -12.680  33.170 0.0000000000
64199  -34.455  -10.893  33.617 0.0000000000
121018  -35.810  -10.078  34.069 0.0000000000
131864  -35.494  -9.720  33.489 0.0000000000
65035  -34.618  -9.942  32.516 0.0000000000
66757  -38.327  -8.735  35.426 0.0000000000
66765  -38.146  -8.451  34.665 0.0000000000
66772  -38.268  -8.038  33.599 0.0000000000
66771  -37.808  -8.276  33.417 0.0000000000
66774  -37.115  -8.175  32.705 0.0000000000
66785  -36.718  -8.054  31.133 0.0000000000
67603  -37.929  -7.256  30.260 0.0000000000
67599  -38.892  -6.927  31.191 0.0000000000
67613  -38.765  -6.804  29.515 0.0000000000
67617  -39.125  -6.500  28.869 0.0000000000
68450  -40.031  -6.167  29.567 0.0000000000
68443  -40.886  -5.890  30.027 0.0000000000
68437  -41.872  -5.755  30.722 0.0000000000
68438  -42.522  -5.481  30.508 0.0000000000
70066  -42.657  -4.532  32.143 0.0000000000
70072  -43.559  -4.490  31.296 0.0000000000
70068  -44.063  -4.070  31.473 0.0000000000
70073  -44.121  -4.431  30.944 0.0000000000
70975  -44.825  -3.893  31.176 0.0000000000
53507  -29.513  -23.278  45.945 0.0000000000
53520  -29.404  -22.856  44.973 0.0000000000
53533  -29.450  -22.657  43.930 0.0000000000
54395  -29.563  -21.608  41.461 0.0000000000
120561  -32.003  -19.332  44.082 0.0000000000
56121  -30.988  -19.614  42.757 0.0000000000
56122  -31.878  -19.035  42.516 0.0000000000
55259  -30.142  -20.822  39.710 0.0000000000
55253  -31.453  -19.679  39.925 0.0000000000
55268  -30.690  -20.018  38.331 0.0000000000
124487  -31.329  -19.607  37.930 0.0000000000
55277  -31.746  -19.704  37.366 0.0000000000
128020  -33.919  -18.925  38.201 0.0000000000
124685  -33.914  -19.038  38.606 0.0000000000
56187  -34.257  -18.636  38.169 0.0000000000
56154  -35.516  -18.476  40.369 0.0000000000
56155  -36.194  -18.406  40.263 0.0000000000
56169  -37.296  -18.706  40.240 0.0000000000
56167  -36.566  -18.435  39.903 0.0000000000
56180  -36.001  -18.186  39.523 0.0000000000
114393  -36.270  -17.806  39.207 0.0000000000
111884  -36.371  -17.454  38.880 0.0000000000
59020  -37.285  -17.085  39.115 0.0000000000
44795  -17.817  -31.411  51.151 0.0000000000
44781  -17.825  -31.484  51.837 0.0000000000
116166  -17.318  -31.895  52.388 0.0000000000
44770  -17.526  -31.748  53.028 0.0000000000
43868  -16.456  -32.283  52.737 0.0000000000
43867  -15.657  -32.705  52.084 0.0000000000
42963  -15.210  -33.889  50.347 0.0000000000
42949  -14.745  -33.431  51.291 0.0000000000
71898  -47.445  -2.428  24.567 0.0000000000
72740  -47.250  -2.099  23.967 0.0000000000
46602  -33.727  -30.556  48.386 0.0000000000
48430  -32.762  -29.556  48.281 0.0000000000
49296  -32.703  -28.953  48.977 0.0000000000
131445  -32.527  -28.678  48.657 0.0000000000
50897  -31.759  -27.369  48.749 0.0000000000
51764  -32.045  -26.250  50.190 0.0000000000
132045  -31.709  -26.829  49.111 0.0000000000
52648  -30.719  -25.041  48.364 0.0000000000
53494  -29.670  -23.732  46.771 0.0000000000
55198  -30.974  -21.245  46.647 0.0000000000
57126  -32.376  -19.679  45.614 0.0000000000
55182  -32.015  -20.475  49.208 0.0000000000
56058  -32.302  -19.809  48.576 0.0000000000
57089  -33.828  -18.601  48.153 0.0000000000
57088  -32.579  -19.592  46.922 0.0000000000
57127  -33.179  -18.973  45.533 0.0000000000
47527  -26.755  -28.617  49.168 0.0000000000
47557  -26.764  -29.077  47.544 0.0000000000
45718  -27.907  -31.931  47.931 0.0000000000
46615  -28.048  -30.488  46.718 0.0000000000
47570  -27.736  -30.173  45.847 0.0000000000
47580  -27.166  -29.789  45.447 0.0000000000
47591  -27.050  -29.948  44.420 0.0000000000
124794  -20.062  -28.924  54.437 0.0000000000
123106  -19.609  -29.543  53.443 0.0000000000
46565  -19.073  -30.015  51.041 0.0000000000
49246  -22.042  -27.210  53.400 0.0000000000
47505  -20.146  -28.005  51.926 0.0000000000
120122  -20.636  -27.731  50.818 0.0000000000
46566  -19.412  -29.282  51.125 0.0000000000
116427  -18.608  -30.730  49.603 0.0000000000
46597  -18.805  -30.766  47.834 0.0000000000
69289  -41.151  -5.593  28.845 0.0000000000
69299  -41.719  -5.293  26.341 0.0000000000
69304  -41.818  -5.529  25.202 0.0000000000
125131  -42.654  -5.273  24.840 0.0000000000
69309  -42.806  -5.799  23.997 0.0000000000
70131  -44.748  -4.548  23.636 0.0000000000
70126  -45.968  -4.190  25.013 0.0000000000
71011  -47.543  -3.189  25.155 0.0000000000
71012  -47.937  -3.048  25.292 0.0000000000
39409  -10.279  -38.958  56.709 0.0000000000
37653  -9.826  -40.333  56.475 0.0000000000
37652  -9.633  -41.080  56.087 0.0000000000
36795  -9.838  -42.228  54.810 0.0000000000
36786  -9.677  -41.987  55.778 0.0000000000
52672  -28.905  -24.650  44.692 0.0000000000
53568  -28.751  -23.213  39.930 0.0000000000
55286  -32.152  -19.730  36.819 0.0000000000
128382  -32.789  -19.322  36.543 0.0000000000
112362  -33.048  -18.613  36.181 0.0000000000
59052  -36.328  -17.095  37.779 0.0000000000
58178  -35.397  -17.285  37.178 0.0000000000
59942  -36.174  -16.278  37.107 0.0000000000
59050  -35.595  -16.756  36.956 0.0000000000
59067  -34.936  -17.159  36.784 0.0000000000
59065  -33.498  -17.305  36.030 0.0000000000
127676  -33.448  -16.024  35.600 0.0000000000
60782  -33.439  -15.283  35.417 0.0000000000
61618  -34.897  -14.840  36.181 0.0000000000
61617  -34.193  -14.970  35.776 0.0000000000
61626  -33.605  -14.394  35.123 0.0000000000
62484  -33.807  -13.373  34.694 0.0000000000
130148  -34.863  -12.056  34.983 0.0000000000
131285  -35.977  -11.451  35.195 0.0000000000
64177  -36.367  -11.845  35.693 0.0000000000
64191  -36.655  -11.033  35.431 0.0000000000
63300  -38.815  -11.631  37.118 0.0000000000
39377  -10.576  -38.151  57.954 0.0000000000
40276  -10.697  -37.726  58.206 0.0000000000
39417  -10.366  -39.130  55.833 0.0000000000
40320  -11.645  -38.512  53.419 0.0000000000
39438  -11.772  -39.210  53.047 0.0000000000
38471  -9.758  -39.560  58.258 0.0000000000
134529  -9.474  -39.923  58.408 0.0000000000
123316  -8.921  -40.462  58.439 0.0000000000
37614  -8.862  -40.281  59.175 0.0000000000
37599  -8.604  -40.495  60.002 0.0000000000
35289  -9.019  -44.247  56.518 0.0000000000
35282  -8.668  -43.998  57.381 0.0000000000
35275  -8.063  -43.784  58.020 0.0000000000
36750  -8.373  -40.838  60.115 0.0000000000
36749  -7.865  -41.333  60.100 0.0000000000
36748  -7.124  -41.660  60.467 0.0000000000
36005  -6.613  -42.071  59.578 0.0000000000
36747  -6.991  -41.630  60.831 0.0000000000
36746  -6.808  -41.465  60.669 0.0000000000
32930  -6.175  -47.074  57.891 0.0000000000
32926  -6.313  -46.405  57.924 0.0000000000
35269  -8.300  -43.556  58.324 0.0000000000
38449  -9.524  -39.220  60.214 0.0000000000
44765  -30.753  -31.315  53.299 0.0000000000
44783  -29.353  -32.899  52.053 0.0000000000
45616  -30.530  -29.859  54.193 0.0000000000
45617  -31.318  -29.400  54.724 0.0000000000
45668  -28.791  -32.072  52.422 0.0000000000
46502  -29.081  -29.164  54.162 0.0000000000
46520  -29.914  -29.964  53.990 0.0000000000
46531  -28.217  -29.552  52.791 0.0000000000
46567  -27.807  -29.954  50.571 0.0000000000
46569  -33.390  -30.208  50.803 0.0000000000
47462  -27.654  -28.305  54.365 0.0000000000
47488  -33.147  -29.135  53.324 0.0000000000
63322  -33.644  -12.708  33.953 0.0000000000
65919  -37.253  -8.502  33.286 0.0000000000
66780  -37.691  -7.699  32.208 0.0000000000
67593  -39.502  -6.768  31.775 0.0000000000
119983  -40.509  -6.846  36.442 0.0000000000
123437  -26.062  -29.071  44.606 0.0000000000
124130  -9.414  -40.096  58.044 0.0000000000
125751  -41.270  -5.214  34.679 0.0000000000
129017  -31.809  -20.359  47.177 0.0000000000
130041  -25.812  -27.827  52.377 0.0000000000
130978  -32.792  -30.674  51.949 0.0000000000
134727  -29.832  -30.191  53.577 0.0000000000
134753  -28.569  -31.196  51.566 0.0000000000
