#!ascii label  , from subject bert vox2ras=TkReg
1355
54451  -38.953  -22.849  35.850 0.0000000000
64243  -48.217  -11.402  29.972 0.0000000000
60796  -41.120  -14.789  33.110 0.0000000000
36775  -14.299  -41.988  57.217 0.0000000000
52686  -36.454  -25.412  42.979 0.0000000000
42890  -27.473  -35.815  55.600 0.0000000000
42944  -36.344  -35.317  52.904 0.0000000000
47528  -39.664  -30.557  49.314 0.0000000000
50885  -38.926  -26.444  48.885 0.0000000000
42068  -21.224  -37.252  51.257 0.0000000000
114718  -24.499  -35.788  56.548 0.0000000000
43918  -23.780  -35.066  49.809 0.0000000000
43002  -32.154  -35.345  48.420 0.0000000000
113052  -36.743  -34.145  48.783 0.0000000000
54387  -41.412  -22.611  42.938 0.0000000000
56171  -42.965  -19.954  40.098 0.0000000000
63340  -44.053  -12.592  31.412 0.0000000000
128669  -40.372  -18.810  34.209 0.0000000000
65124  -45.584  -10.286  24.707 0.0000000000
34505  -12.420  -45.240  59.179 0.0000000000
53498  -39.261  -23.651  46.492 0.0000000000
52727  -37.191  -25.134  39.684 0.0000000000
129810  -27.860  -35.942  48.653 0.0000000000
42052  -32.068  -36.811  53.995 0.0000000000
60748  -44.496  -15.985  38.207 0.0000000000
67658  -52.911  -6.892  21.310 0.0000000000
46603  -38.249  -31.285  47.120 0.0000000000
49312  -37.295  -29.089  47.021 0.0000000000
42950  -22.468  -36.225  50.585 0.0000000000
43963  -35.372  -34.392  46.118 0.0000000000
44853  -37.461  -33.234  46.341 0.0000000000
115561  -39.218  -32.618  49.295 0.0000000000
54418  -40.542  -22.639  39.545 0.0000000000
112813  -43.366  -21.696  42.423 0.0000000000
55271  -41.335  -21.564  38.456 0.0000000000
63356  -46.189  -12.247  30.445 0.0000000000
65028  -46.344  -10.548  33.895 0.0000000000
112393  -50.132  -10.607  28.685 0.0000000000
36050  -13.647  -43.512  54.337 0.0000000000
36033  -13.584  -43.329  57.989 0.0000000000
51789  -37.314  -25.782  46.099 0.0000000000
52641  -38.745  -24.995  48.160 0.0000000000
52676  -37.246  -24.409  44.501 0.0000000000
53535  -38.077  -24.000  43.189 0.0000000000
111445  -37.074  -25.121  42.105 0.0000000000
43819  -25.520  -35.120  56.713 0.0000000000
129894  -26.136  -35.196  59.098 0.0000000000
43808  -27.556  -34.985  57.897 0.0000000000
127973  -29.647  -35.619  57.730 0.0000000000
43959  -25.252  -34.524  46.879 0.0000000000
131308  -27.980  -35.662  46.329 0.0000000000
42956  -34.567  -35.255  51.210 0.0000000000
42090  -31.875  -36.195  50.736 0.0000000000
129404  -34.125  -35.971  53.722 0.0000000000
111233  -33.782  -36.494  55.669 0.0000000000
40321  -17.293  -39.226  54.247 0.0000000000
41150  -18.645  -37.803  58.240 0.0000000000
134639  -18.015  -37.790  60.808 0.0000000000
59097  -40.193  -16.985  33.020 0.0000000000
59069  -42.330  -17.484  35.890 0.0000000000
60777  -42.749  -15.357  35.006 0.0000000000
116714  -53.719  -6.106  20.607 0.0000000000
36752  -13.523  -42.141  61.242 0.0000000000
48389  -39.573  -29.535  51.703 0.0000000000
50061  -39.298  -27.414  51.364 0.0000000000
49291  -38.741  -28.247  49.100 0.0000000000
50082  -37.549  -27.765  46.899 0.0000000000
111984  -20.566  -37.477  54.414 0.0000000000
41171  -23.506  -37.294  57.718 0.0000000000
42032  -22.770  -36.760  53.927 0.0000000000
43855  -24.028  -35.675  53.569 0.0000000000
114162  -25.085  -35.359  53.261 0.0000000000
111768  -30.185  -35.758  46.051 0.0000000000
126682  -32.590  -35.095  45.631 0.0000000000
43936  -34.191  -34.729  48.473 0.0000000000
114199  -36.503  -34.870  50.854 0.0000000000
44802  -38.431  -33.532  51.094 0.0000000000
46559  -40.070  -31.645  51.520 0.0000000000
41240  -19.104  -38.296  51.035 0.0000000000
120167  -42.727  -22.063  46.462 0.0000000000
56060  -44.563  -19.755  49.263 0.0000000000
55210  -43.971  -21.517  45.281 0.0000000000
128259  -45.478  -20.489  44.247 0.0000000000
63330  -41.965  -13.127  32.262 0.0000000000
62487  -43.104  -13.128  34.291 0.0000000000
64193  -44.519  -11.545  34.274 0.0000000000
30542  -10.149  -50.653  61.191 0.0000000000
55318  -39.407  -21.372  34.412 0.0000000000
58236  -38.346  -17.768  31.518 0.0000000000
62524  -39.937  -14.152  29.865 0.0000000000
62553  -41.859  -13.462  28.996 0.0000000000
111835  -43.706  -12.836  28.723 0.0000000000
64254  -45.672  -11.680  28.000 0.0000000000
116093  -47.380  -10.663  27.227 0.0000000000
65114  -44.426  -10.703  25.389 0.0000000000
36007  -12.237  -44.133  62.524 0.0000000000
33661  -11.393  -46.262  62.436 0.0000000000
32195  -10.156  -48.263  61.460 0.0000000000
53455  -41.943  -23.197  51.869 0.0000000000
51752  -39.466  -25.830  50.879 0.0000000000
132093  -39.799  -24.254  49.692 0.0000000000
53477  -41.115  -23.257  48.352 0.0000000000
114780  -40.525  -23.175  44.925 0.0000000000
53547  -39.588  -23.418  42.189 0.0000000000
52736  -38.138  -24.365  38.328 0.0000000000
42838  -24.394  -35.690  60.322 0.0000000000
128956  -25.261  -34.884  49.722 0.0000000000
42953  -27.240  -36.148  51.778 0.0000000000
42113  -30.097  -36.020  48.469 0.0000000000
133157  -29.766  -36.865  51.768 0.0000000000
42036  -29.645  -36.829  54.440 0.0000000000
42877  -31.668  -36.493  56.921 0.0000000000
37677  -15.007  -41.736  54.209 0.0000000000
38534  -15.937  -41.034  54.235 0.0000000000
38483  -15.375  -40.494  57.364 0.0000000000
57231  -41.897  -19.628  36.799 0.0000000000
58154  -44.090  -17.982  39.792 0.0000000000
59898  -46.717  -16.333  41.794 0.0000000000
126466  -45.128  -13.983  37.478 0.0000000000
65107  -49.050  -10.073  26.673 0.0000000000
118098  -50.894  -9.716  26.075 0.0000000000
66013  -52.592  -9.035  24.255 0.0000000000
66839  -50.937  -9.007  22.019 0.0000000000
67633  -54.196  -7.323  24.266 0.0000000000
46637  -37.490  -31.652  45.575 0.0000000000
47584  -37.503  -30.851  45.762 0.0000000000
46636  -36.911  -31.119  45.031 0.0000000000
44866  -36.636  -33.571  45.211 0.0000000000
45753  -37.547  -32.461  45.885 0.0000000000
45737  -37.756  -32.587  46.620 0.0000000000
54437  -40.024  -22.868  37.945 0.0000000000
54428  -40.878  -22.183  38.864 0.0000000000
54438  -40.563  -22.274  37.467 0.0000000000
64232  -47.535  -11.776  30.453 0.0000000000
64212  -48.137  -11.469  32.422 0.0000000000
64224  -48.645  -11.512  31.683 0.0000000000
65057  -50.069  -10.945  30.550 0.0000000000
132749  -49.444  -11.039  29.810 0.0000000000
36780  -14.220  -42.839  55.795 0.0000000000
36039  -13.799  -43.514  56.212 0.0000000000
36774  -13.918  -42.709  57.560 0.0000000000
52664  -36.845  -25.283  44.972 0.0000000000
52656  -37.297  -25.303  45.786 0.0000000000
52675  -36.931  -24.868  44.357 0.0000000000
53534  -37.401  -24.563  43.361 0.0000000000
52697  -36.757  -25.327  42.564 0.0000000000
41133  -20.592  -37.637  59.490 0.0000000000
43830  -25.988  -35.404  56.086 0.0000000000
43820  -26.430  -34.919  56.992 0.0000000000
123587  -27.331  -34.923  57.130 0.0000000000
43809  -28.486  -35.066  57.910 0.0000000000
42874  -28.786  -35.569  56.610 0.0000000000
42957  -35.193  -35.264  51.740 0.0000000000
42941  -33.866  -35.825  52.186 0.0000000000
42927  -34.835  -35.725  53.366 0.0000000000
42913  -34.648  -35.833  54.318 0.0000000000
41193  -19.800  -37.745  55.967 0.0000000000
41167  -19.480  -37.732  57.746 0.0000000000
41132  -19.648  -37.703  59.520 0.0000000000
55159  -43.579  -21.878  51.497 0.0000000000
60788  -40.968  -15.608  33.244 0.0000000000
60783  -41.829  -15.935  34.190 0.0000000000
60789  -41.613  -15.122  33.692 0.0000000000
48404  -39.637  -29.726  50.643 0.0000000000
128581  -39.242  -28.729  50.997 0.0000000000
48418  -39.186  -29.556  49.070 0.0000000000
49304  -37.738  -28.523  47.290 0.0000000000
50090  -36.816  -27.553  46.219 0.0000000000
125980  -36.700  -26.793  45.978 0.0000000000
130852  -20.634  -37.428  52.811 0.0000000000
41208  -22.194  -37.241  54.599 0.0000000000
42044  -21.695  -37.096  52.932 0.0000000000
43901  -23.544  -35.387  50.228 0.0000000000
126891  -23.551  -35.995  51.634 0.0000000000
43888  -24.085  -35.708  51.329 0.0000000000
43872  -24.199  -35.633  52.631 0.0000000000
43889  -24.352  -35.531  51.672 0.0000000000
43063  -31.381  -35.341  44.382 0.0000000000
43951  -36.177  -34.280  47.462 0.0000000000
43949  -34.515  -34.632  47.614 0.0000000000
43938  -35.979  -34.357  48.455 0.0000000000
119199  -35.895  -34.728  49.862 0.0000000000
43908  -36.611  -34.583  50.190 0.0000000000
44801  -37.780  -34.049  51.017 0.0000000000
115400  -38.241  -33.788  50.369 0.0000000000
45714  -39.507  -31.571  48.975 0.0000000000
45684  -39.782  -32.298  50.797 0.0000000000
46570  -39.999  -31.456  50.552 0.0000000000
47501  -40.076  -30.936  52.264 0.0000000000
41231  -19.782  -37.901  51.436 0.0000000000
115930  -42.119  -22.532  44.969 0.0000000000
54354  -43.303  -21.680  46.432 0.0000000000
54372  -43.213  -21.963  44.323 0.0000000000
56141  -43.608  -20.884  41.430 0.0000000000
56116  -44.791  -20.955  43.211 0.0000000000
56142  -44.515  -20.102  41.958 0.0000000000
57184  -45.714  -19.535  43.001 0.0000000000
57193  -44.473  -19.332  41.336 0.0000000000
63339  -43.161  -12.692  31.817 0.0000000000
120472  -43.267  -12.733  33.332 0.0000000000
64208  -44.531  -12.289  33.101 0.0000000000
65899  -47.559  -9.368  34.865 0.0000000000
62541  -40.478  -13.819  29.399 0.0000000000
62551  -40.148  -13.511  28.548 0.0000000000
63400  -42.394  -12.809  27.545 0.0000000000
64269  -42.963  -12.121  26.804 0.0000000000
63384  -44.565  -12.414  28.623 0.0000000000
64282  -43.821  -11.726  26.455 0.0000000000
64284  -44.972  -11.320  26.535 0.0000000000
126210  -12.303  -45.363  56.709 0.0000000000
33682  -11.420  -46.643  58.964 0.0000000000
36737  -12.269  -42.357  63.857 0.0000000000
36751  -13.133  -43.084  61.302 0.0000000000
36736  -12.198  -43.178  63.681 0.0000000000
34484  -11.569  -45.580  63.144 0.0000000000
33657  -11.443  -46.451  63.164 0.0000000000
134765  -10.929  -47.337  61.663 0.0000000000
32916  -10.908  -47.863  62.797 0.0000000000
32189  -11.159  -48.833  62.814 0.0000000000
50065  -39.196  -27.096  50.529 0.0000000000
50874  -39.430  -26.595  51.149 0.0000000000
50886  -39.100  -26.004  49.559 0.0000000000
53474  -38.852  -24.115  48.047 0.0000000000
52643  -39.066  -24.364  48.713 0.0000000000
53475  -39.315  -23.943  48.378 0.0000000000
120431  -40.497  -23.716  48.979 0.0000000000
53476  -40.105  -23.695  48.293 0.0000000000
53500  -41.136  -23.021  46.533 0.0000000000
53512  -39.927  -23.419  45.695 0.0000000000
53556  -38.257  -24.286  41.621 0.0000000000
53546  -38.872  -23.736  42.635 0.0000000000
133359  -38.466  -24.038  40.419 0.0000000000
119843  -38.753  -23.828  39.938 0.0000000000
52728  -37.678  -24.749  38.991 0.0000000000
42002  -24.025  -36.597  57.137 0.0000000000
41981  -23.864  -36.344  59.286 0.0000000000
42860  -24.873  -35.120  58.227 0.0000000000
43014  -26.430  -35.401  47.816 0.0000000000
43934  -25.678  -34.832  48.160 0.0000000000
42981  -26.394  -35.571  49.675 0.0000000000
42966  -26.352  -35.746  50.565 0.0000000000
112369  -27.209  -35.993  50.003 0.0000000000
43019  -31.132  -35.554  47.497 0.0000000000
43018  -30.218  -35.818  47.575 0.0000000000
43001  -30.854  -35.759  48.272 0.0000000000
112069  -31.668  -36.727  52.191 0.0000000000
111992  -31.034  -36.576  50.997 0.0000000000
42061  -30.830  -36.897  52.815 0.0000000000
119915  -29.819  -36.952  52.929 0.0000000000
42037  -30.553  -36.843  54.567 0.0000000000
42025  -30.869  -36.676  55.457 0.0000000000
42026  -31.739  -36.721  55.585 0.0000000000
43879  -39.444  -34.040  53.158 0.0000000000
39440  -16.846  -39.858  53.910 0.0000000000
119847  -16.604  -40.226  55.336 0.0000000000
129411  -16.218  -40.527  55.818 0.0000000000
112217  -18.108  -37.628  63.165 0.0000000000
56229  -39.884  -20.128  34.478 0.0000000000
56202  -40.965  -20.750  35.939 0.0000000000
57242  -40.960  -19.594  35.113 0.0000000000
59936  -43.734  -16.779  37.523 0.0000000000
59022  -43.347  -17.754  38.187 0.0000000000
59010  -44.429  -17.218  39.539 0.0000000000
59002  -45.373  -17.292  40.698 0.0000000000
59911  -45.348  -15.940  39.858 0.0000000000
63301  -44.666  -12.296  36.023 0.0000000000
110976  -44.227  -13.947  36.170 0.0000000000
126377  -45.160  -12.506  37.093 0.0000000000
111593  -46.753  -10.415  25.982 0.0000000000
65106  -48.023  -10.258  26.600 0.0000000000
111983  -47.559  -10.171  25.898 0.0000000000
65128  -49.125  -10.014  24.512 0.0000000000
65129  -49.761  -10.005  23.968 0.0000000000
65989  -51.778  -9.635  25.446 0.0000000000
132065  -51.256  -9.604  23.871 0.0000000000
67665  -50.298  -6.969  20.482 0.0000000000
67655  -49.619  -7.646  20.926 0.0000000000
66853  -52.337  -7.751  21.804 0.0000000000
66841  -52.721  -8.127  22.534 0.0000000000
67644  -53.371  -7.241  22.115 0.0000000000
67645  -54.187  -6.565  22.638 0.0000000000
68480  -55.337  -6.545  21.447 0.0000000000
47562  -38.715  -30.933  47.654 0.0000000000
48432  -38.739  -29.571  48.289 0.0000000000
47561  -38.252  -30.472  47.275 0.0000000000
48454  -37.328  -29.621  46.650 0.0000000000
119447  -21.727  -36.862  50.755 0.0000000000
112685  -35.435  -34.267  45.386 0.0000000000
43964  -36.177  -34.167  46.551 0.0000000000
113189  -37.524  -33.729  47.719 0.0000000000
122103  -37.601  -33.860  48.567 0.0000000000
44840  -38.053  -33.432  47.965 0.0000000000
46592  -38.662  -31.915  47.681 0.0000000000
53559  -41.231  -22.530  41.957 0.0000000000
54389  -42.774  -22.015  42.831 0.0000000000
54410  -42.078  -21.960  40.889 0.0000000000
55254  -42.426  -21.515  40.518 0.0000000000
56170  -42.488  -20.407  39.376 0.0000000000
63341  -45.028  -12.504  31.332 0.0000000000
64209  -45.301  -11.981  32.962 0.0000000000
64210  -46.123  -11.797  32.762 0.0000000000
65039  -47.708  -11.109  33.284 0.0000000000
65958  -51.089  -10.141  28.405 0.0000000000
36038  -13.286  -44.177  56.648 0.0000000000
35276  -12.939  -44.448  58.479 0.0000000000
50899  -38.339  -26.470  46.967 0.0000000000
51773  -38.837  -25.657  48.425 0.0000000000
51790  -37.916  -25.466  46.479 0.0000000000
53485  -38.314  -24.442  46.722 0.0000000000
53497  -38.473  -23.875  46.257 0.0000000000
53524  -38.831  -23.641  44.761 0.0000000000
53522  -37.550  -24.025  44.119 0.0000000000
53545  -37.702  -24.615  42.469 0.0000000000
112391  -36.896  -25.228  41.261 0.0000000000
43817  -25.008  -35.248  56.279 0.0000000000
43806  -25.411  -34.862  57.554 0.0000000000
44742  -25.787  -34.891  57.363 0.0000000000
44729  -26.780  -34.899  58.048 0.0000000000
43786  -29.365  -35.696  58.264 0.0000000000
43029  -26.486  -35.464  46.931 0.0000000000
113963  -28.077  -35.901  47.887 0.0000000000
42986  -33.107  -35.339  49.478 0.0000000000
42968  -31.733  -35.868  49.811 0.0000000000
42954  -32.832  -35.907  50.976 0.0000000000
42077  -33.082  -36.066  51.869 0.0000000000
42053  -32.699  -36.636  53.328 0.0000000000
42027  -33.150  -36.554  55.130 0.0000000000
127342  -34.243  -36.178  55.083 0.0000000000
40331  -18.347  -38.580  52.408 0.0000000000
40322  -17.773  -38.714  53.782 0.0000000000
40290  -17.505  -38.669  57.139 0.0000000000
41148  -17.222  -38.609  58.899 0.0000000000
41131  -18.312  -37.816  59.662 0.0000000000
58203  -40.417  -18.045  33.898 0.0000000000
117587  -41.350  -18.262  34.937 0.0000000000
59080  -41.156  -17.428  34.242 0.0000000000
59944  -42.890  -16.814  35.993 0.0000000000
60770  -43.764  -15.796  36.435 0.0000000000
65132  -45.045  -9.971  24.069 0.0000000000
65125  -46.414  -10.275  24.589 0.0000000000
66007  -45.390  -9.662  23.349 0.0000000000
68492  -50.913  -6.346  19.974 0.0000000000
68477  -53.332  -6.253  20.793 0.0000000000
122780  -52.713  -6.140  20.213 0.0000000000
134290  -52.981  -6.015  20.006 0.0000000000
37616  -14.382  -41.155  59.271 0.0000000000
37615  -14.008  -41.845  59.708 0.0000000000
118930  -39.535  -28.238  53.284 0.0000000000
48380  -39.171  -28.754  52.146 0.0000000000
49286  -39.139  -27.876  50.742 0.0000000000
50071  -38.839  -27.413  49.117 0.0000000000
49297  -38.309  -28.625  48.129 0.0000000000
115036  -38.313  -27.920  47.680 0.0000000000
50083  -38.327  -27.162  47.251 0.0000000000
50898  -37.465  -26.868  46.499 0.0000000000
51801  -36.799  -25.797  45.561 0.0000000000
41194  -20.714  -37.604  56.143 0.0000000000
41153  -21.905  -37.761  58.298 0.0000000000
41183  -22.457  -37.559  56.430 0.0000000000
41197  -23.169  -37.239  55.706 0.0000000000
128976  -23.815  -36.656  55.327 0.0000000000
42058  -22.496  -36.691  52.248 0.0000000000
42923  -23.709  -35.833  53.301 0.0000000000
42889  -24.347  -35.906  54.875 0.0000000000
43844  -24.665  -35.602  54.732 0.0000000000
43845  -25.226  -35.438  54.601 0.0000000000
42909  -26.444  -35.858  54.319 0.0000000000
43034  -31.013  -35.662  46.011 0.0000000000
118052  -32.271  -35.170  46.651 0.0000000000
127581  -33.812  -34.688  46.094 0.0000000000
43961  -33.674  -34.704  46.982 0.0000000000
43004  -33.615  -34.904  48.950 0.0000000000
43922  -34.478  -34.820  49.317 0.0000000000
43892  -35.152  -34.989  50.880 0.0000000000
43875  -36.187  -35.269  51.982 0.0000000000
43859  -37.258  -35.232  53.161 0.0000000000
43877  -37.860  -34.780  52.369 0.0000000000
44775  -38.384  -34.155  51.987 0.0000000000
44789  -39.369  -33.084  52.419 0.0000000000
129982  -38.784  -33.276  50.506 0.0000000000
45670  -39.152  -32.950  51.037 0.0000000000
45657  -39.760  -32.527  52.869 0.0000000000
128505  -39.916  -31.162  53.038 0.0000000000
41223  -18.967  -37.947  52.797 0.0000000000
54339  -42.651  -22.072  48.057 0.0000000000
55191  -43.692  -21.214  47.631 0.0000000000
55192  -44.234  -20.729  47.501 0.0000000000
56086  -45.034  -20.177  46.607 0.0000000000
55226  -43.668  -21.777  43.693 0.0000000000
55221  -45.125  -20.810  44.742 0.0000000000
62506  -41.555  -13.497  32.380 0.0000000000
62486  -42.507  -13.636  34.168 0.0000000000
63323  -42.594  -12.967  33.172 0.0000000000
63317  -43.971  -11.883  34.267 0.0000000000
126920  -44.722  -11.373  35.586 0.0000000000
65027  -45.643  -10.782  34.013 0.0000000000
65012  -45.430  -10.134  35.256 0.0000000000
54481  -38.101  -22.961  34.235 0.0000000000
54466  -39.307  -22.300  35.474 0.0000000000
55317  -38.868  -21.792  33.952 0.0000000000
56242  -38.779  -20.499  33.117 0.0000000000
57264  -39.037  -19.670  32.952 0.0000000000
58225  -39.037  -18.243  32.149 0.0000000000
59096  -39.581  -17.425  32.488 0.0000000000
60794  -39.835  -15.836  32.091 0.0000000000
60806  -40.099  -14.965  31.875 0.0000000000
61652  -40.355  -14.413  31.465 0.0000000000
62513  -40.853  -13.875  31.205 0.0000000000
62527  -41.990  -13.321  30.698 0.0000000000
121856  -42.720  -13.205  30.338 0.0000000000
63382  -41.532  -13.187  28.021 0.0000000000
63367  -42.762  -13.266  29.196 0.0000000000
63354  -44.109  -12.718  30.406 0.0000000000
115014  -44.742  -12.548  30.034 0.0000000000
63371  -46.023  -12.110  29.684 0.0000000000
64241  -46.615  -11.645  29.183 0.0000000000
64257  -48.112  -10.970  29.089 0.0000000000
64273  -46.162  -11.114  27.487 0.0000000000
65090  -45.673  -10.997  26.731 0.0000000000
65115  -45.348  -10.589  25.370 0.0000000000
65996  -44.239  -9.803  24.187 0.0000000000
36759  -13.582  -42.591  60.303 0.0000000000
36021  -12.996  -44.145  59.989 0.0000000000
120165  -12.751  -44.929  59.862 0.0000000000
35252  -12.150  -44.482  63.704 0.0000000000
116551  -12.018  -45.075  62.369 0.0000000000
34495  -11.799  -46.180  60.464 0.0000000000
33669  -11.297  -46.730  60.860 0.0000000000
32922  -10.443  -47.688  60.641 0.0000000000
32201  -9.883  -48.244  60.864 0.0000000000
123974  -10.086  -49.045  61.605 0.0000000000
130462  -42.052  -22.496  50.895 0.0000000000
52622  -40.242  -25.154  51.702 0.0000000000
51766  -39.055  -25.302  49.349 0.0000000000
122266  -39.553  -24.751  50.215 0.0000000000
53461  -40.832  -23.924  50.681 0.0000000000
118397  -41.212  -23.528  50.208 0.0000000000
54331  -41.801  -22.825  49.033 0.0000000000
53489  -41.510  -22.833  47.343 0.0000000000
54362  -41.644  -22.699  45.714 0.0000000000
53526  -41.057  -22.896  44.224 0.0000000000
112396  -39.413  -23.548  43.915 0.0000000000
53537  -40.112  -23.176  43.314 0.0000000000
53549  -40.660  -22.845  42.706 0.0000000000
53571  -40.179  -22.932  40.296 0.0000000000
53590  -39.581  -23.334  38.572 0.0000000000
134750  -38.685  -23.560  37.189 0.0000000000
51854  -35.264  -26.229  40.942 0.0000000000
51869  -35.539  -25.955  40.845 0.0000000000
51870  -35.863  -25.796  40.463 0.0000000000
51885  -36.308  -25.669  39.577 0.0000000000
128347  -36.871  -25.248  38.080 0.0000000000
52741  -37.098  -24.894  37.429 0.0000000000
52750  -37.375  -24.435  36.675 0.0000000000
54464  -37.904  -23.504  34.988 0.0000000000
43771  -25.005  -34.935  59.818 0.0000000000
44812  -23.416  -34.469  48.738 0.0000000000
43932  -24.644  -34.354  48.967 0.0000000000
43903  -24.249  -35.061  50.190 0.0000000000
128032  -25.060  -34.901  50.882 0.0000000000
42939  -26.443  -35.776  52.388 0.0000000000
42910  -27.419  -36.286  54.151 0.0000000000
113630  -29.319  -35.713  46.097 0.0000000000
116718  -28.801  -35.858  47.361 0.0000000000
42999  -28.647  -36.065  48.569 0.0000000000
42102  -31.065  -36.023  49.561 0.0000000000
42100  -29.549  -36.351  49.577 0.0000000000
42099  -28.842  -36.380  49.995 0.0000000000
42072  -28.620  -36.738  51.720 0.0000000000
42048  -28.572  -36.830  53.500 0.0000000000
42911  -28.055  -36.313  54.819 0.0000000000
42892  -29.401  -36.035  55.905 0.0000000000
42876  -30.460  -36.127  57.305 0.0000000000
36796  -14.073  -42.951  53.968 0.0000000000
36788  -14.596  -42.247  55.401 0.0000000000
38568  -15.702  -40.955  52.006 0.0000000000
37691  -15.044  -41.504  52.402 0.0000000000
38533  -15.378  -41.396  54.025 0.0000000000
120488  -15.299  -41.258  54.866 0.0000000000
112441  -14.723  -41.133  57.457 0.0000000000
39367  -15.030  -39.908  59.432 0.0000000000
117629  -17.106  -38.125  60.594 0.0000000000
55289  -40.633  -21.512  36.233 0.0000000000
133149  -41.491  -21.002  37.384 0.0000000000
57215  -42.581  -19.740  38.778 0.0000000000
58180  -41.914  -18.917  36.287 0.0000000000
58160  -42.611  -19.088  38.175 0.0000000000
57208  -43.813  -18.692  40.161 0.0000000000
58145  -44.989  -18.030  40.896 0.0000000000
113684  -43.276  -14.697  35.218 0.0000000000
61614  -43.822  -14.817  36.096 0.0000000000
60761  -44.677  -15.353  37.636 0.0000000000
65081  -48.545  -10.772  28.368 0.0000000000
65092  -49.361  -10.397  27.404 0.0000000000
65968  -50.819  -10.075  27.463 0.0000000000
65118  -47.881  -10.159  25.109 0.0000000000
65976  -49.924  -9.914  26.342 0.0000000000
127081  -51.507  -9.848  26.964 0.0000000000
65978  -52.166  -9.605  26.366 0.0000000000
66816  -53.445  -8.433  26.074 0.0000000000
66022  -50.365  -9.557  22.692 0.0000000000
66012  -51.861  -9.293  23.511 0.0000000000
66824  -53.830  -7.806  24.734 0.0000000000
68470  -55.233  -6.420  22.108 0.0000000000
127804  -36.876  -33.043  44.841 0.0000000000
45752  -37.049  -32.249  45.048 0.0000000000
53615  -38.930  -23.167  36.664 0.0000000000
116743  -39.760  -22.754  37.085 0.0000000000
64233  -48.441  -11.654  30.847 0.0000000000
64234  -49.339  -11.348  31.163 0.0000000000
64244  -49.065  -11.329  30.320 0.0000000000
129555  -48.780  -11.102  29.638 0.0000000000
36781  -14.440  -42.113  56.261 0.0000000000
121552  -14.075  -42.748  56.697 0.0000000000
37642  -14.090  -42.163  57.959 0.0000000000
52674  -36.409  -25.323  44.191 0.0000000000
115526  -36.682  -25.095  43.653 0.0000000000
52687  -36.945  -25.002  43.241 0.0000000000
120991  -21.053  -37.427  60.227 0.0000000000
113525  -20.916  -37.744  58.677 0.0000000000
43847  -26.542  -35.751  55.415 0.0000000000
43831  -26.911  -35.297  56.306 0.0000000000
42873  -27.869  -35.381  56.434 0.0000000000
42943  -35.496  -35.445  52.661 0.0000000000
42928  -35.640  -35.490  53.559 0.0000000000
42929  -36.379  -35.464  53.874 0.0000000000
41152  -20.171  -37.739  58.895 0.0000000000
60795  -40.575  -15.113  32.549 0.0000000000
48419  -39.610  -29.892  49.814 0.0000000000
133867  -36.624  -28.317  46.089 0.0000000000
41233  -21.448  -37.174  52.078 0.0000000000
43887  -23.777  -35.762  51.034 0.0000000000
43902  -23.948  -35.444  50.535 0.0000000000
114380  -24.233  -35.446  50.870 0.0000000000
44828  -36.877  -34.066  47.984 0.0000000000
43924  -36.280  -34.413  49.342 0.0000000000
44816  -37.091  -34.159  49.461 0.0000000000
44800  -37.493  -34.210  50.275 0.0000000000
46581  -39.892  -31.307  49.757 0.0000000000
47517  -39.902  -30.602  50.197 0.0000000000
41242  -20.517  -37.721  50.959 0.0000000000
41232  -20.550  -37.555  51.824 0.0000000000
54370  -41.785  -22.606  44.244 0.0000000000
115932  -42.814  -22.140  44.983 0.0000000000
54371  -42.507  -22.279  44.258 0.0000000000
56159  -43.340  -20.425  40.771 0.0000000000
132675  -44.053  -20.614  41.861 0.0000000000
56160  -43.933  -20.134  41.337 0.0000000000
116841  -43.142  -12.735  32.456 0.0000000000
64219  -43.805  -12.547  32.370 0.0000000000
66767  -47.811  -8.998  35.178 0.0000000000
64270  -43.977  -12.175  27.232 0.0000000000
34520  -12.334  -45.368  57.529 0.0000000000
130797  -12.028  -45.660  57.018 0.0000000000
34519  -11.781  -46.041  57.346 0.0000000000
34512  -11.891  -45.795  58.385 0.0000000000
36733  -12.155  -42.707  64.527 0.0000000000
32912  -11.278  -47.345  63.181 0.0000000000
32184  -11.446  -48.329  63.296 0.0000000000
50072  -39.064  -26.828  49.709 0.0000000000
53486  -38.730  -23.971  47.169 0.0000000000
53487  -39.511  -23.730  47.505 0.0000000000
53499  -40.217  -23.410  46.563 0.0000000000
52716  -37.499  -24.832  40.502 0.0000000000
52706  -38.148  -24.367  40.816 0.0000000000
52717  -38.215  -24.283  40.060 0.0000000000
115653  -37.789  -24.626  39.703 0.0000000000
42859  -24.551  -35.581  57.606 0.0000000000
42998  -27.179  -35.753  48.279 0.0000000000
42997  -26.308  -35.293  48.789 0.0000000000
124056  -27.198  -35.765  49.136 0.0000000000
128448  -31.535  -35.512  48.131 0.0000000000
42062  -31.839  -36.854  53.094 0.0000000000
42051  -31.166  -36.937  53.816 0.0000000000
42038  -31.447  -36.824  54.706 0.0000000000
42039  -32.301  -36.722  54.865 0.0000000000
122917  -16.687  -39.083  58.396 0.0000000000
57251  -39.810  -19.380  34.069 0.0000000000
57252  -40.437  -19.550  34.603 0.0000000000
59937  -44.021  -16.507  38.023 0.0000000000
59038  -43.701  -17.116  38.167 0.0000000000
59922  -44.264  -16.695  38.775 0.0000000000
59910  -44.786  -16.540  39.441 0.0000000000
65116  -46.183  -10.419  25.340 0.0000000000
66010  -49.589  -9.905  23.199 0.0000000000
65998  -50.646  -9.808  24.151 0.0000000000
66011  -50.265  -9.847  23.470 0.0000000000
67657  -51.836  -7.314  21.120 0.0000000000
67659  -53.853  -6.522  21.686 0.0000000000
47583  -36.912  -30.360  45.385 0.0000000000
47572  -37.054  -30.004  46.051 0.0000000000
44878  -35.614  -33.655  44.235 0.0000000000
44852  -36.845  -33.707  46.026 0.0000000000
44838  -37.074  -33.864  47.002 0.0000000000
44839  -37.776  -33.193  47.234 0.0000000000
45724  -38.049  -32.266  47.193 0.0000000000
130074  -39.059  -31.457  48.179 0.0000000000
53558  -40.651  -22.729  41.108 0.0000000000
54396  -41.464  -22.318  40.995 0.0000000000
54408  -40.967  -22.485  40.288 0.0000000000
54439  -40.928  -22.025  38.100 0.0000000000
55262  -41.486  -21.675  39.313 0.0000000000
55263  -42.118  -21.224  39.751 0.0000000000
55272  -41.808  -20.977  38.926 0.0000000000
63342  -45.928  -12.370  31.166 0.0000000000
64221  -45.571  -12.274  32.042 0.0000000000
64222  -46.539  -12.172  31.850 0.0000000000
65040  -48.714  -10.878  33.033 0.0000000000
65030  -48.271  -10.216  33.749 0.0000000000
65031  -49.354  -10.100  33.617 0.0000000000
65068  -50.968  -10.291  29.303 0.0000000000
65069  -51.791  -9.693  29.874 0.0000000000
126036  -13.703  -43.451  57.130 0.0000000000
36044  -13.279  -44.188  55.680 0.0000000000
35283  -12.816  -44.807  57.073 0.0000000000
36032  -13.196  -44.098  57.651 0.0000000000
51781  -37.774  -26.074  46.509 0.0000000000
51782  -38.561  -25.722  47.322 0.0000000000
52665  -37.326  -24.690  45.238 0.0000000000
52657  -37.798  -24.861  46.222 0.0000000000
53496  -37.875  -24.232  45.838 0.0000000000
53509  -37.599  -24.018  44.998 0.0000000000
53510  -38.252  -23.790  45.403 0.0000000000
52688  -37.156  -24.960  42.815 0.0000000000
52705  -37.589  -24.781  41.471 0.0000000000
43828  -25.083  -35.352  55.821 0.0000000000
43818  -25.361  -34.952  57.097 0.0000000000
43807  -26.888  -34.784  57.703 0.0000000000
42861  -29.050  -35.315  57.520 0.0000000000
43797  -29.064  -35.334  58.023 0.0000000000
43798  -29.441  -35.519  58.014 0.0000000000
43030  -27.285  -35.631  46.585 0.0000000000
43015  -27.242  -35.714  47.415 0.0000000000
43016  -28.008  -35.799  47.018 0.0000000000
42970  -33.435  -35.565  50.276 0.0000000000
42955  -33.788  -35.597  51.242 0.0000000000
118758  -34.049  -35.995  52.992 0.0000000000
42063  -33.299  -36.297  52.724 0.0000000000
42926  -33.483  -36.332  53.550 0.0000000000
42912  -33.760  -36.272  54.419 0.0000000000
112221  -34.956  -35.860  55.241 0.0000000000
40323  -18.358  -38.328  53.313 0.0000000000
118434  -17.860  -38.816  53.051 0.0000000000
40315  -18.251  -38.094  54.147 0.0000000000
41166  -18.743  -37.848  57.254 0.0000000000
41165  -17.984  -38.126  57.626 0.0000000000
41149  -17.835  -38.101  58.493 0.0000000000
41125  -20.169  -37.547  60.312 0.0000000000
41124  -19.334  -37.661  60.397 0.0000000000
59090  -40.552  -17.384  33.553 0.0000000000
59959  -42.189  -15.994  34.927 0.0000000000
115939  -42.276  -16.769  35.374 0.0000000000
59954  -42.819  -16.139  35.467 0.0000000000
59955  -43.286  -16.213  36.045 0.0000000000
68493  -51.914  -6.247  20.050 0.0000000000
68507  -51.396  -6.106  19.630 0.0000000000
37602  -14.231  -41.112  60.136 0.0000000000
37552  -12.299  -41.277  64.972 0.0000000000
48381  -39.582  -29.403  52.887 0.0000000000
49263  -39.373  -28.670  52.903 0.0000000000
124744  -39.114  -28.313  49.971 0.0000000000
114006  -39.046  -27.604  49.840 0.0000000000
48431  -38.273  -29.310  47.963 0.0000000000
111512  -37.857  -29.054  47.559 0.0000000000
50911  -36.232  -26.374  45.455 0.0000000000
41182  -21.548  -37.585  56.269 0.0000000000
41207  -21.313  -37.411  54.974 0.0000000000
41217  -21.963  -37.159  53.729 0.0000000000
134743  -22.649  -37.230  55.144 0.0000000000
42021  -23.179  -36.837  54.740 0.0000000000
42069  -22.062  -36.751  51.383 0.0000000000
42070  -22.914  -36.270  51.431 0.0000000000
42938  -23.688  -35.911  52.478 0.0000000000
42908  -23.922  -35.807  53.952 0.0000000000
43827  -24.696  -35.636  55.286 0.0000000000
43843  -24.298  -35.739  54.308 0.0000000000
114194  -24.422  -35.524  53.160 0.0000000000
43857  -24.689  -35.457  53.909 0.0000000000
43858  -25.499  -35.455  54.049 0.0000000000
42924  -26.118  -35.610  53.285 0.0000000000
43051  -32.056  -35.368  44.992 0.0000000000
43050  -31.235  -35.579  45.208 0.0000000000
43035  -31.880  -35.387  45.904 0.0000000000
43976  -34.538  -34.530  45.504 0.0000000000
133883  -33.848  -34.666  45.561 0.0000000000
43962  -34.554  -34.595  46.553 0.0000000000
43935  -33.468  -34.837  47.997 0.0000000000
43907  -35.878  -34.886  50.513 0.0000000000
43906  -35.188  -34.879  50.035 0.0000000000
43893  -35.949  -35.040  51.223 0.0000000000
43894  -36.812  -35.053  51.392 0.0000000000
43876  -37.069  -35.167  52.171 0.0000000000
44787  -38.185  -33.976  51.455 0.0000000000
127050  -39.041  -33.703  52.479 0.0000000000
44788  -38.865  -33.410  51.748 0.0000000000
44829  -38.556  -33.311  48.709 0.0000000000
44818  -38.747  -33.348  49.752 0.0000000000
45671  -39.708  -32.574  51.828 0.0000000000
46547  -39.997  -31.786  52.495 0.0000000000
46534  -39.847  -31.771  53.483 0.0000000000
127959  -39.846  -30.193  52.244 0.0000000000
118388  -39.855  -30.408  53.087 0.0000000000
41230  -19.032  -38.103  51.918 0.0000000000
54340  -43.285  -21.463  48.261 0.0000000000
54348  -43.128  -21.758  47.247 0.0000000000
116137  -43.685  -21.472  46.024 0.0000000000
55200  -43.823  -21.274  46.770 0.0000000000
115927  -44.229  -21.123  45.985 0.0000000000
55201  -44.466  -20.719  46.667 0.0000000000
54398  -42.732  -21.940  42.013 0.0000000000
55235  -43.362  -21.798  43.092 0.0000000000
55228  -45.101  -21.041  43.993 0.0000000000
55212  -45.133  -20.580  45.366 0.0000000000
56104  -45.618  -20.105  45.026 0.0000000000
56105  -45.878  -19.689  44.090 0.0000000000
57172  -46.250  -18.921  43.594 0.0000000000
62507  -42.010  -13.177  32.807 0.0000000000
63331  -42.374  -12.974  32.611 0.0000000000
64200  -43.911  -12.275  33.819 0.0000000000
64181  -44.540  -11.284  34.731 0.0000000000
65037  -45.814  -11.201  33.448 0.0000000000
65036  -45.162  -11.557  33.657 0.0000000000
65897  -46.072  -9.843  35.121 0.0000000000
31445  -9.556  -49.827  61.041 0.0000000000
124987  -9.088  -50.322  60.282 0.0000000000
30551  -9.361  -50.737  60.631 0.0000000000
56259  -37.646  -20.315  32.134 0.0000000000
56260  -38.356  -19.974  32.528 0.0000000000
58224  -38.179  -18.644  31.815 0.0000000000
59089  -39.562  -18.199  32.830 0.0000000000
59095  -39.059  -17.417  31.835 0.0000000000
59983  -39.151  -16.119  31.479 0.0000000000
60805  -39.539  -15.330  31.413 0.0000000000
61651  -39.764  -14.739  31.021 0.0000000000
61663  -40.175  -14.257  30.717 0.0000000000
62542  -41.374  -13.637  29.871 0.0000000000
62543  -42.125  -13.438  29.842 0.0000000000
114261  -42.957  -13.080  28.245 0.0000000000
63383  -42.308  -13.222  28.361 0.0000000000
63368  -43.530  -13.014  29.858 0.0000000000
63369  -44.312  -12.635  29.491 0.0000000000
64253  -44.831  -12.086  27.728 0.0000000000
63385  -45.248  -12.122  28.489 0.0000000000
64240  -45.865  -11.849  28.843 0.0000000000
64255  -46.419  -11.407  28.344 0.0000000000
65102  -44.555  -11.164  26.004 0.0000000000
65103  -45.172  -10.988  26.001 0.0000000000
33688  -11.431  -46.705  57.858 0.0000000000
37601  -13.851  -41.696  60.575 0.0000000000
36764  -13.761  -42.596  59.253 0.0000000000
133647  -12.690  -43.794  61.743 0.0000000000
36016  -13.200  -43.410  60.424 0.0000000000
36015  -12.841  -43.959  60.964 0.0000000000
35256  -12.461  -44.529  61.686 0.0000000000
35250  -12.295  -44.334  64.186 0.0000000000
34488  -11.486  -45.833  62.787 0.0000000000
34489  -11.618  -45.528  62.735 0.0000000000
34492  -11.716  -45.890  61.985 0.0000000000
35261  -12.186  -45.792  61.077 0.0000000000
121122  -11.662  -46.329  61.262 0.0000000000
33665  -11.283  -46.711  61.680 0.0000000000
32919  -10.812  -47.635  61.978 0.0000000000
125960  -10.481  -47.774  61.332 0.0000000000
32194  -9.675  -48.967  60.962 0.0000000000
119868  -11.973  -49.298  63.197 0.0000000000
54310  -42.471  -22.875  52.416 0.0000000000
54318  -42.271  -22.698  51.570 0.0000000000
49262  -39.248  -28.186  52.481 0.0000000000
50057  -39.594  -27.481  52.783 0.0000000000
50056  -39.304  -27.673  52.069 0.0000000000
50875  -39.786  -26.163  51.846 0.0000000000
51747  -40.234  -25.623  52.185 0.0000000000
51753  -39.829  -25.449  51.340 0.0000000000
51774  -38.867  -25.171  48.878 0.0000000000
52642  -38.942  -24.771  48.990 0.0000000000
52636  -39.410  -24.531  49.524 0.0000000000
52629  -39.935  -24.791  50.972 0.0000000000
53460  -39.988  -24.388  50.292 0.0000000000
52630  -40.470  -24.314  51.031 0.0000000000
53469  -41.199  -23.443  49.402 0.0000000000
54324  -41.751  -22.775  50.090 0.0000000000
54338  -41.984  -22.635  48.100 0.0000000000
53513  -40.816  -23.126  45.723 0.0000000000
116138  -41.362  -22.867  44.956 0.0000000000
53523  -38.471  -23.778  44.011 0.0000000000
113131  -38.841  -23.682  43.342 0.0000000000
53536  -39.468  -23.427  42.994 0.0000000000
53548  -40.048  -23.133  42.620 0.0000000000
111361  -40.316  -22.943  41.956 0.0000000000
53557  -39.723  -23.309  41.192 0.0000000000
53578  -39.131  -23.673  39.225 0.0000000000
53589  -38.838  -23.838  38.443 0.0000000000
53602  -39.221  -23.401  37.634 0.0000000000
53601  -38.483  -23.913  37.643 0.0000000000
52703  -35.910  -25.875  41.418 0.0000000000
115792  -34.867  -26.226  40.353 0.0000000000
51884  -35.285  -25.970  39.829 0.0000000000
114802  -35.659  -25.866  38.995 0.0000000000
51913  -36.267  -25.366  37.522 0.0000000000
52749  -36.608  -24.882  36.714 0.0000000000
53624  -37.609  -23.942  35.848 0.0000000000
41170  -22.572  -37.659  57.421 0.0000000000
116229  -22.456  -37.615  58.970 0.0000000000
41154  -22.919  -37.587  58.342 0.0000000000
44726  -25.630  -34.901  58.151 0.0000000000
43780  -25.356  -34.953  58.993 0.0000000000
43781  -25.330  -34.860  59.052 0.0000000000
43920  -25.380  -34.685  49.013 0.0000000000
43933  -25.072  -34.231  48.363 0.0000000000
112714  -24.725  -34.665  49.625 0.0000000000
43904  -24.858  -34.887  50.280 0.0000000000
43905  -25.569  -35.222  50.246 0.0000000000
42952  -26.390  -35.764  51.457 0.0000000000
131865  -26.750  -35.947  52.931 0.0000000000
42940  -27.359  -36.307  52.652 0.0000000000
43017  -29.504  -35.841  47.300 0.0000000000
43000  -29.359  -35.962  48.005 0.0000000000
132861  -28.728  -35.939  47.957 0.0000000000
42112  -29.441  -36.173  48.831 0.0000000000
42089  -31.099  -36.279  50.236 0.0000000000
42074  -30.203  -36.777  51.283 0.0000000000
42088  -30.478  -36.551  50.545 0.0000000000
42087  -29.655  -36.604  50.468 0.0000000000
42073  -29.383  -36.805  51.362 0.0000000000
42086  -28.749  -36.621  50.842 0.0000000000
42049  -29.349  -36.918  53.645 0.0000000000
124835  -29.073  -36.949  52.990 0.0000000000
42035  -28.779  -36.771  54.276 0.0000000000
42034  -28.116  -36.631  54.040 0.0000000000
42023  -29.032  -36.543  55.097 0.0000000000
42024  -29.970  -36.581  55.275 0.0000000000
42011  -31.191  -36.545  56.415 0.0000000000
42893  -30.281  -36.279  56.207 0.0000000000
42894  -33.043  -36.670  56.119 0.0000000000
42879  -33.851  -36.708  56.574 0.0000000000
43860  -38.248  -35.009  53.124 0.0000000000
36797  -14.669  -42.387  54.520 0.0000000000
126936  -14.910  -41.770  54.979 0.0000000000
40329  -17.334  -39.338  53.320 0.0000000000
39451  -17.162  -39.884  52.185 0.0000000000
112597  -16.826  -40.065  52.971 0.0000000000
39439  -16.342  -40.503  53.610 0.0000000000
39450  -16.224  -40.620  52.795 0.0000000000
38552  -15.703  -41.157  53.220 0.0000000000
38501  -15.983  -40.417  56.598 0.0000000000
114559  -15.627  -40.994  55.815 0.0000000000
38500  -15.139  -40.939  56.600 0.0000000000
38482  -14.946  -40.481  58.085 0.0000000000
39378  -15.293  -40.052  58.617 0.0000000000
41122  -17.706  -37.902  60.251 0.0000000000
41121  -17.034  -38.408  59.876 0.0000000000
41115  -17.512  -37.894  61.163 0.0000000000
56059  -44.047  -20.230  49.831 0.0000000000
55302  -39.651  -21.615  35.142 0.0000000000
55288  -39.918  -21.869  35.878 0.0000000000
55303  -40.279  -21.176  35.521 0.0000000000
56203  -41.570  -20.294  36.371 0.0000000000
55290  -41.278  -21.092  36.771 0.0000000000
56191  -41.753  -20.417  37.249 0.0000000000
56182  -42.094  -20.315  38.538 0.0000000000
116507  -42.254  -19.788  38.205 0.0000000000
58192  -41.845  -18.234  35.703 0.0000000000
57243  -41.500  -19.117  35.456 0.0000000000
58181  -42.358  -18.162  36.446 0.0000000000
58162  -43.725  -17.620  38.950 0.0000000000
58169  -42.879  -18.225  37.791 0.0000000000
58161  -43.160  -18.362  38.597 0.0000000000
57216  -42.986  -19.080  39.028 0.0000000000
58153  -43.498  -18.481  39.393 0.0000000000
128577  -44.174  -18.866  40.735 0.0000000000
58144  -44.385  -18.287  40.480 0.0000000000
59003  -46.105  -16.938  41.190 0.0000000000
58996  -45.667  -17.763  41.379 0.0000000000
61620  -42.635  -14.508  34.576 0.0000000000
61628  -43.107  -13.863  34.794 0.0000000000
110794  -44.706  -13.986  36.823 0.0000000000
61603  -44.742  -14.656  37.213 0.0000000000
111031  -44.326  -15.264  36.847 0.0000000000
60762  -45.130  -14.635  37.944 0.0000000000
65080  -47.752  -10.829  28.122 0.0000000000
65091  -48.476  -10.528  27.487 0.0000000000
125135  -50.092  -10.411  27.816 0.0000000000
65967  -49.954  -10.200  27.040 0.0000000000
65126  -47.311  -10.268  24.306 0.0000000000
65997  -49.899  -9.853  24.777 0.0000000000
65119  -49.221  -9.902  25.288 0.0000000000
65987  -49.972  -9.801  25.601 0.0000000000
65977  -50.572  -9.939  26.754 0.0000000000
66000  -52.426  -9.311  24.984 0.0000000000
65990  -52.724  -9.154  25.770 0.0000000000
66823  -53.239  -8.617  25.105 0.0000000000
125504  -50.546  -8.523  21.588 0.0000000000
66851  -49.803  -8.375  21.422 0.0000000000
66838  -49.998  -9.045  21.979 0.0000000000
66023  -51.364  -9.243  22.716 0.0000000000
66832  -53.732  -7.614  23.917 0.0000000000
66831  -52.882  -8.457  23.424 0.0000000000
67627  -54.224  -7.610  24.970 0.0000000000
67634  -54.584  -7.483  24.591 0.0000000000
68478  -54.140  -6.303  21.425 0.0000000000
68479  -54.779  -6.289  21.549 0.0000000000
46619  -37.820  -31.656  46.404 0.0000000000
115026  -37.816  -30.494  46.614 0.0000000000
44879  -36.360  -33.363  44.503 0.0000000000
44867  -37.205  -33.125  45.497 0.0000000000
54427  -40.246  -22.792  38.761 0.0000000000
117734  -40.561  -22.458  38.212 0.0000000000
63343  -46.782  -12.169  30.913 0.0000000000
64223  -47.623  -11.895  31.538 0.0000000000
65047  -50.220  -10.686  31.675 0.0000000000
65048  -51.045  -9.787  31.859 0.0000000000
65058  -50.982  -10.159  31.085 0.0000000000
65067  -50.161  -10.795  29.581 0.0000000000
36787  -14.244  -42.939  54.887 0.0000000000
36045  -13.793  -43.539  55.273 0.0000000000
53521  -37.107  -24.599  43.862 0.0000000000
126852  -27.676  -34.917  57.760 0.0000000000
43821  -28.216  -35.108  57.299 0.0000000000
124732  -34.397  -35.483  51.771 0.0000000000
42942  -34.649  -35.638  52.454 0.0000000000
133220  -35.163  -35.611  53.942 0.0000000000
126798  -35.563  -35.618  54.492 0.0000000000
41180  -18.859  -37.879  56.350 0.0000000000
41151  -18.872  -37.729  59.125 0.0000000000
126893  -19.499  -37.715  58.606 0.0000000000
59972  -40.383  -16.123  32.808 0.0000000000
59966  -41.419  -16.533  34.046 0.0000000000
115209  -41.349  -15.966  33.721 0.0000000000
60784  -42.190  -15.192  34.384 0.0000000000
48403  -39.296  -29.113  49.955 0.0000000000
129236  -38.907  -28.745  49.320 0.0000000000
49303  -36.993  -28.403  46.753 0.0000000000
50098  -36.077  -27.053  45.657 0.0000000000
41216  -21.070  -37.295  53.629 0.0000000000
116098  -21.391  -37.310  54.272 0.0000000000
42045  -22.563  -36.704  53.165 0.0000000000
42951  -23.252  -35.815  50.786 0.0000000000
43870  -23.913  -35.834  51.915 0.0000000000
43871  -23.951  -35.714  52.826 0.0000000000
43856  -24.252  -35.635  53.539 0.0000000000
112735  -24.195  -35.689  52.079 0.0000000000
43873  -24.716  -35.290  52.448 0.0000000000
112711  -35.386  -34.485  47.014 0.0000000000
43950  -35.396  -34.483  47.805 0.0000000000
43937  -34.977  -34.581  48.484 0.0000000000
43923  -35.451  -34.601  49.252 0.0000000000
43909  -37.153  -34.587  50.904 0.0000000000
45701  -39.792  -32.089  49.886 0.0000000000
47510  -39.953  -30.579  51.289 0.0000000000
41224  -19.761  -37.740  52.335 0.0000000000
54363  -42.404  -22.278  45.707 0.0000000000
54364  -43.174  -21.835  45.686 0.0000000000
116316  -43.434  -21.862  44.948 0.0000000000
55243  -43.260  -21.518  41.668 0.0000000000
55236  -44.015  -21.438  42.953 0.0000000000
55244  -43.803  -21.187  42.124 0.0000000000
56129  -44.397  -20.784  42.448 0.0000000000
56130  -45.053  -20.257  42.677 0.0000000000
56143  -45.150  -19.471  42.127 0.0000000000
58129  -45.761  -18.830  42.345 0.0000000000
63338  -42.519  -12.873  32.170 0.0000000000
63332  -42.867  -12.828  32.776 0.0000000000
64207  -43.712  -12.584  33.113 0.0000000000
64201  -44.491  -11.965  33.803 0.0000000000
65909  -46.957  -9.921  34.381 0.0000000000
65908  -46.197  -10.213  34.512 0.0000000000
65898  -46.769  -9.601  34.965 0.0000000000
65970  -53.504  -8.272  27.737 0.0000000000
114533  -38.058  -17.178  31.174 0.0000000000
62525  -40.707  -13.880  30.345 0.0000000000
62552  -41.020  -13.569  28.778 0.0000000000
63401  -43.388  -12.636  27.710 0.0000000000
64252  -44.110  -12.441  28.009 0.0000000000
64271  -44.598  -11.750  26.865 0.0000000000
64272  -45.345  -11.484  27.205 0.0000000000
64283  -44.376  -11.464  26.307 0.0000000000
37572  -12.874  -42.023  63.168 0.0000000000
36742  -12.601  -42.814  63.055 0.0000000000
36003  -12.296  -43.479  62.999 0.0000000000
34479  -12.136  -45.043  63.973 0.0000000000
33656  -11.436  -46.074  62.920 0.0000000000
32911  -11.228  -46.922  62.621 0.0000000000
32188  -10.587  -48.426  62.160 0.0000000000
50879  -39.221  -26.302  50.306 0.0000000000
51758  -39.229  -25.569  50.043 0.0000000000
52651  -38.649  -24.521  47.627 0.0000000000
128938  -38.805  -24.498  48.392 0.0000000000
53467  -39.697  -24.032  49.087 0.0000000000
53468  -40.461  -23.990  49.773 0.0000000000
53488  -40.616  -23.377  47.424 0.0000000000
134232  -38.358  -24.084  42.347 0.0000000000
112108  -38.946  -23.802  41.794 0.0000000000
53569  -38.795  -23.828  40.856 0.0000000000
52729  -38.382  -24.188  39.297 0.0000000000
41155  -23.526  -37.087  58.515 0.0000000000
41993  -23.991  -36.482  58.142 0.0000000000
42850  -24.451  -35.619  58.633 0.0000000000
125792  -24.533  -35.424  59.472 0.0000000000
43782  -25.973  -35.137  58.817 0.0000000000
43772  -25.408  -35.132  59.385 0.0000000000
43948  -25.794  -34.974  47.310 0.0000000000
43947  -25.212  -34.380  47.640 0.0000000000
43921  -25.786  -35.116  49.461 0.0000000000
42967  -27.213  -36.085  50.910 0.0000000000
43033  -30.649  -35.639  46.768 0.0000000000
43032  -29.856  -35.779  46.760 0.0000000000
42983  -30.641  -35.980  49.032 0.0000000000
127486  -31.561  -36.562  51.456 0.0000000000
42075  -30.917  -36.766  51.802 0.0000000000
42060  -30.143  -36.887  52.144 0.0000000000
127338  -29.309  -36.894  52.231 0.0000000000
42050  -30.228  -36.937  53.709 0.0000000000
42012  -32.148  -36.690  56.388 0.0000000000
40313  -17.334  -39.212  55.119 0.0000000000
39428  -16.962  -39.800  54.791 0.0000000000
39427  -16.462  -40.349  54.480 0.0000000000
38518  -16.075  -40.817  55.094 0.0000000000
39395  -16.089  -39.907  57.442 0.0000000000
39394  -15.494  -40.137  57.961 0.0000000000
41106  -18.588  -37.581  62.429 0.0000000000
112340  -17.703  -37.754  62.213 0.0000000000
128934  -39.536  -20.694  34.230 0.0000000000
56215  -40.531  -20.302  35.162 0.0000000000
56216  -41.276  -19.971  35.666 0.0000000000
118531  -41.692  -19.620  36.079 0.0000000000
59053  -42.897  -17.451  36.576 0.0000000000
58168  -42.741  -18.019  37.081 0.0000000000
59037  -43.293  -17.454  37.409 0.0000000000
59001  -44.691  -17.598  40.254 0.0000000000
59011  -45.052  -16.858  40.040 0.0000000000
59903  -45.683  -16.446  40.565 0.0000000000
62480  -44.071  -13.033  35.545 0.0000000000
62479  -43.478  -13.281  34.982 0.0000000000
62470  -44.666  -13.225  36.434 0.0000000000
126432  -44.998  -13.388  37.115 0.0000000000
65104  -46.547  -10.712  26.764 0.0000000000
65105  -47.241  -10.409  26.490 0.0000000000
65988  -50.776  -9.717  25.105 0.0000000000
65999  -51.617  -9.556  24.462 0.0000000000
67664  -49.342  -6.942  20.542 0.0000000000
67656  -50.679  -7.713  21.063 0.0000000000
66852  -51.349  -8.212  21.597 0.0000000000
66840  -51.804  -8.596  22.219 0.0000000000
66842  -53.585  -7.421  23.025 0.0000000000
67638  -54.218  -6.914  23.527 0.0000000000
115390  -54.109  -6.059  20.345 0.0000000000
115017  -54.267  -6.172  20.922 0.0000000000
68495  -54.784  -6.323  20.715 0.0000000000
47545  -39.174  -30.482  48.371 0.0000000000
47544  -38.538  -30.028  47.748 0.0000000000
48443  -37.879  -29.698  47.287 0.0000000000
48453  -36.790  -29.126  46.270 0.0000000000
42964  -22.337  -36.000  49.647 0.0000000000
43917  -23.266  -34.915  49.416 0.0000000000
43992  -34.301  -34.401  44.553 0.0000000000
44865  -35.918  -33.887  44.942 0.0000000000
43977  -36.080  -34.009  45.706 0.0000000000
45725  -38.443  -32.827  47.821 0.0000000000
45713  -38.975  -32.323  48.411 0.0000000000
54379  -42.148  -22.381  43.419 0.0000000000
54388  -42.071  -22.288  42.448 0.0000000000
54397  -42.052  -22.148  41.581 0.0000000000
54419  -41.122  -22.194  39.643 0.0000000000
54409  -41.666  -21.906  40.201 0.0000000000
55242  -42.641  -21.760  41.245 0.0000000000
55255  -43.031  -21.178  40.961 0.0000000000
56158  -42.751  -20.809  40.236 0.0000000000
64220  -44.646  -12.388  32.223 0.0000000000
65038  -46.650  -11.131  33.379 0.0000000000
64211  -47.143  -11.751  32.615 0.0000000000
65029  -47.237  -10.373  33.845 0.0000000000
65910  -47.845  -9.695  34.335 0.0000000000
65900  -48.367  -9.133  34.903 0.0000000000
65059  -51.777  -9.464  30.758 0.0000000000
65082  -51.715  -9.820  29.144 0.0000000000
65959  -52.064  -9.576  28.678 0.0000000000
36049  -13.148  -44.092  54.721 0.0000000000
35297  -12.619  -44.729  55.098 0.0000000000
35290  -12.661  -44.881  56.092 0.0000000000
34513  -12.555  -45.097  58.368 0.0000000000
50892  -38.669  -26.420  47.869 0.0000000000
52650  -38.499  -25.035  47.040 0.0000000000
53511  -39.041  -23.600  45.601 0.0000000000
125028  -38.102  -23.783  44.692 0.0000000000
42872  -24.934  -35.002  56.944 0.0000000000
134704  -24.973  -35.046  57.749 0.0000000000
44734  -25.664  -34.890  57.581 0.0000000000
44735  -25.963  -34.802  57.936 0.0000000000
44743  -26.121  -34.822  57.529 0.0000000000
44736  -26.382  -34.786  57.909 0.0000000000
44728  -26.213  -34.946  58.326 0.0000000000
43794  -26.438  -35.024  58.390 0.0000000000
43960  -25.845  -35.051  46.461 0.0000000000
42985  -32.327  -35.503  49.239 0.0000000000
42969  -32.574  -35.764  50.077 0.0000000000
42076  -32.261  -36.366  51.604 0.0000000000
118878  -32.494  -36.559  52.459 0.0000000000
42040  -32.912  -36.579  54.204 0.0000000000
134228  -33.756  -36.431  55.051 0.0000000000
42895  -34.488  -36.290  55.897 0.0000000000
40330  -17.647  -39.239  52.450 0.0000000000
40314  -17.725  -38.627  54.619 0.0000000000
41164  -17.385  -38.716  58.013 0.0000000000
41130  -17.671  -37.998  59.330 0.0000000000
41123  -18.517  -37.746  60.477 0.0000000000
41116  -18.349  -37.710  61.401 0.0000000000
58215  -39.813  -18.621  33.533 0.0000000000
128507  -40.873  -18.315  34.385 0.0000000000
59068  -41.768  -17.470  35.153 0.0000000000
59958  -41.782  -16.688  34.667 0.0000000000
59945  -43.507  -16.706  36.717 0.0000000000
59946  -44.110  -16.076  37.319 0.0000000000
65133  -45.865  -10.080  23.939 0.0000000000
66008  -46.313  -9.794  23.168 0.0000000000
67666  -51.342  -6.829  20.499 0.0000000000
68476  -52.375  -6.522  20.604 0.0000000000
68494  -53.129  -6.064  20.242 0.0000000000
69333  -52.393  -6.114  19.927 0.0000000000
37643  -14.340  -41.649  57.945 0.0000000000
37629  -14.133  -41.879  58.701 0.0000000000
37559  -12.545  -41.582  64.018 0.0000000000
49275  -39.114  -28.149  51.665 0.0000000000
48417  -38.571  -28.976  48.683 0.0000000000
130390  -38.556  -27.933  48.505 0.0000000000
50076  -38.666  -27.230  48.239 0.0000000000
50904  -37.021  -26.278  46.018 0.0000000000
41168  -20.999  -37.768  57.829 0.0000000000
112410  -21.862  -37.681  56.912 0.0000000000
41196  -22.076  -37.444  55.536 0.0000000000
41184  -23.393  -37.334  56.745 0.0000000000
42010  -24.000  -36.734  56.136 0.0000000000
124443  -24.322  -36.103  55.515 0.0000000000
131764  -23.177  -36.303  52.106 0.0000000000
42922  -23.134  -36.300  52.842 0.0000000000
42046  -23.185  -36.298  53.425 0.0000000000
42022  -23.958  -36.161  54.675 0.0000000000
42871  -24.785  -35.382  56.157 0.0000000000
116514  -24.711  -35.547  55.613 0.0000000000
43829  -25.254  -35.401  55.528 0.0000000000
43846  -25.737  -35.559  55.013 0.0000000000
112983  -31.496  -35.439  46.725 0.0000000000
43020  -32.019  -35.283  47.523 0.0000000000
43052  -33.306  -34.814  45.588 0.0000000000
43036  -32.977  -34.890  46.341 0.0000000000
115961  -32.829  -34.923  47.253 0.0000000000
131735  -32.659  -35.058  47.984 0.0000000000
43003  -32.867  -35.092  48.694 0.0000000000
42987  -33.794  -35.168  49.668 0.0000000000
42971  -34.345  -35.178  50.380 0.0000000000
43895  -37.611  -34.554  51.577 0.0000000000
43878  -38.684  -34.411  52.689 0.0000000000
44776  -39.599  -33.221  53.099 0.0000000000
44817  -38.037  -33.895  49.511 0.0000000000
45700  -39.323  -32.768  50.183 0.0000000000
45643  -39.953  -32.550  53.796 0.0000000000
47490  -39.809  -30.935  53.935 0.0000000000
117334  -18.002  -38.982  51.803 0.0000000000
41213  -18.930  -37.850  53.661 0.0000000000
41214  -19.711  -37.680  53.217 0.0000000000
133443  -20.257  -37.694  56.659 0.0000000000
55183  -42.873  -21.864  48.952 0.0000000000
56085  -44.796  -20.178  47.356 0.0000000000
54380  -42.934  -22.009  43.604 0.0000000000
55219  -43.919  -21.707  44.443 0.0000000000
55227  -44.435  -21.467  43.802 0.0000000000
55211  -44.639  -21.017  45.306 0.0000000000
55202  -44.800  -20.641  45.949 0.0000000000
56095  -45.367  -20.131  45.901 0.0000000000
61643  -41.158  -14.156  32.596 0.0000000000
61635  -41.602  -14.159  33.294 0.0000000000
62495  -41.698  -13.595  32.890 0.0000000000
62496  -42.038  -13.401  33.480 0.0000000000
62497  -42.649  -13.062  33.711 0.0000000000
63324  -43.284  -12.594  33.821 0.0000000000
63309  -43.654  -12.562  34.611 0.0000000000
113725  -44.228  -12.000  35.078 0.0000000000
127280  -45.068  -11.495  36.586 0.0000000000
65026  -45.067  -11.178  34.224 0.0000000000
65020  -45.551  -10.474  34.606 0.0000000000
65019  -44.995  -10.817  34.637 0.0000000000
65001  -44.926  -10.677  35.262 0.0000000000
31458  -9.092  -49.914  59.734 0.0000000000
54465  -38.621  -22.778  35.068 0.0000000000
54482  -39.136  -22.098  34.689 0.0000000000
55332  -38.483  -21.374  33.273 0.0000000000
56228  -39.153  -21.012  33.727 0.0000000000
56243  -39.368  -20.085  33.734 0.0000000000
57265  -39.456  -19.317  33.448 0.0000000000
57278  -38.664  -19.154  32.339 0.0000000000
58226  -39.300  -18.884  32.831 0.0000000000
114616  -40.026  -17.789  33.209 0.0000000000
59982  -38.727  -16.882  31.368 0.0000000000
59971  -39.362  -16.705  31.960 0.0000000000
133680  -39.864  -16.613  32.473 0.0000000000
133952  -39.930  -14.847  31.461 0.0000000000
61642  -40.616  -14.473  32.081 0.0000000000
62505  -40.978  -13.897  31.924 0.0000000000
62514  -41.455  -13.471  31.757 0.0000000000
62526  -41.379  -13.529  30.953 0.0000000000
62515  -41.957  -13.176  31.580 0.0000000000
63352  -42.577  -12.989  31.326 0.0000000000
63353  -43.347  -12.859  30.896 0.0000000000
63381  -40.664  -13.247  28.068 0.0000000000
130689  -44.651  -12.576  30.704 0.0000000000
63355  -45.406  -12.440  30.369 0.0000000000
63370  -45.185  -12.334  29.337 0.0000000000
64231  -46.751  -11.880  30.041 0.0000000000
64242  -47.398  -11.478  29.559 0.0000000000
64256  -47.189  -11.155  28.714 0.0000000000
65079  -46.912  -10.977  27.885 0.0000000000
131665  -46.741  -10.874  27.336 0.0000000000
111752  -45.976  -10.757  26.026 0.0000000000
65123  -44.733  -10.255  24.782 0.0000000000
36769  -13.837  -42.655  58.377 0.0000000000
36028  -13.512  -43.266  58.791 0.0000000000
36022  -13.367  -43.308  59.635 0.0000000000
36027  -13.131  -43.898  59.083 0.0000000000
35270  -12.874  -44.600  59.235 0.0000000000
130510  -12.315  -43.576  64.482 0.0000000000
36002  -12.161  -44.002  63.380 0.0000000000
35254  -11.913  -44.795  62.897 0.0000000000
34478  -11.932  -45.094  63.534 0.0000000000
132562  -12.248  -45.288  61.620 0.0000000000
34496  -12.290  -45.515  60.119 0.0000000000
34504  -11.822  -45.950  59.508 0.0000000000
33676  -11.345  -46.643  59.976 0.0000000000
33668  -10.893  -47.292  61.168 0.0000000000
33675  -10.918  -47.119  60.479 0.0000000000
31446  -10.405  -49.923  61.747 0.0000000000
31436  -10.797  -49.309  62.239 0.0000000000
54319  -42.963  -22.448  52.004 0.0000000000
120738  -42.813  -22.297  51.213 0.0000000000
50049  -39.936  -27.634  53.730 0.0000000000
50870  -39.617  -27.007  51.953 0.0000000000
51765  -38.998  -25.645  49.051 0.0000000000
52635  -39.221  -24.972  49.757 0.0000000000
52628  -39.498  -25.182  50.531 0.0000000000
53454  -41.288  -23.890  51.617 0.0000000000
53462  -41.493  -23.034  51.018 0.0000000000
54325  -42.568  -22.254  50.432 0.0000000000
120712  -42.337  -22.350  48.719 0.0000000000
54347  -42.352  -22.332  47.261 0.0000000000
54353  -41.959  -22.495  46.486 0.0000000000
54378  -41.454  -22.670  43.657 0.0000000000
113192  -39.676  -23.441  44.843 0.0000000000
53525  -40.277  -23.212  44.121 0.0000000000
53538  -40.835  -22.882  43.488 0.0000000000
53570  -39.415  -23.398  40.232 0.0000000000
53579  -39.777  -23.172  39.470 0.0000000000
52685  -35.872  -25.832  42.645 0.0000000000
52696  -36.245  -25.713  42.188 0.0000000000
52704  -36.532  -25.520  41.784 0.0000000000
134512  -35.337  -25.974  40.472 0.0000000000
52714  -36.193  -25.611  41.084 0.0000000000
52715  -36.684  -25.431  40.479 0.0000000000
120256  -35.590  -25.866  38.132 0.0000000000
51900  -36.313  -25.599  38.515 0.0000000000
51886  -37.018  -25.285  38.832 0.0000000000
52735  -37.474  -24.869  38.174 0.0000000000
52742  -37.818  -24.421  37.490 0.0000000000
53614  -38.147  -23.784  36.777 0.0000000000
53625  -38.318  -23.285  35.900 0.0000000000
41135  -22.541  -37.368  59.733 0.0000000000
116026  -24.763  -34.964  58.018 0.0000000000
42851  -24.939  -34.984  58.968 0.0000000000
132258  -23.688  -34.734  49.250 0.0000000000
112737  -24.543  -35.199  50.889 0.0000000000
43890  -24.912  -34.983  51.553 0.0000000000
43891  -25.593  -35.303  51.130 0.0000000000
114376  -25.599  -35.276  51.968 0.0000000000
43874  -25.584  -35.369  52.672 0.0000000000
42925  -26.995  -36.086  53.445 0.0000000000
43031  -28.642  -35.734  46.557 0.0000000000
42984  -31.476  -35.689  48.931 0.0000000000
42101  -30.364  -36.323  49.786 0.0000000000
118939  -30.024  -36.215  49.131 0.0000000000
42111  -28.919  -36.261  49.272 0.0000000000
42982  -28.102  -36.152  49.420 0.0000000000
42098  -28.021  -36.318  50.391 0.0000000000
42085  -27.976  -36.431  51.261 0.0000000000
42071  -27.926  -36.522  52.013 0.0000000000
42059  -28.372  -36.766  52.645 0.0000000000
42047  -27.801  -36.545  53.404 0.0000000000
42891  -28.451  -35.929  55.722 0.0000000000
42875  -29.622  -35.819  56.897 0.0000000000
128638  -32.485  -36.678  55.624 0.0000000000
37690  -15.032  -41.647  53.333 0.0000000000
118262  -14.889  -41.488  55.788 0.0000000000
37654  -14.696  -41.530  56.666 0.0000000000
37630  -14.537  -41.122  58.392 0.0000000000
38472  -14.784  -40.503  58.915 0.0000000000
54452  -39.536  -22.547  36.237 0.0000000000
54453  -40.238  -22.152  36.611 0.0000000000
55280  -41.199  -21.555  37.562 0.0000000000
56181  -41.632  -20.854  38.014 0.0000000000
57232  -42.320  -18.800  37.190 0.0000000000
57207  -43.266  -19.212  39.804 0.0000000000
57199  -43.678  -19.501  40.624 0.0000000000
131797  -44.628  -18.611  41.019 0.0000000000
58137  -45.236  -18.622  41.565 0.0000000000
61636  -41.990  -14.255  34.031 0.0000000000
61621  -43.684  -13.956  35.463 0.0000000000
60778  -43.329  -15.518  35.672 0.0000000000
60749  -45.041  -15.292  38.463 0.0000000000
59923  -44.885  -15.951  39.011 0.0000000000
65066  -49.183  -10.846  29.045 0.0000000000
111471  -49.286  -10.623  28.119 0.0000000000
65969  -51.866  -9.742  27.886 0.0000000000
65117  -47.010  -10.263  25.234 0.0000000000
115457  -48.499  -9.954  25.826 0.0000000000
132289  -48.600  -10.026  25.007 0.0000000000
119423  -49.301  -9.850  25.973 0.0000000000
115629  -52.562  -9.276  27.362 0.0000000000
65979  -53.086  -8.775  26.723 0.0000000000
66808  -53.901  -7.759  26.936 0.0000000000
66021  -49.357  -9.552  22.484 0.0000000000
66830  -52.161  -8.850  22.809 0.0000000000
113202  -53.290  -8.351  24.270 0.0000000000
66817  -53.949  -7.772  25.752 0.0000000000
68469  -54.704  -6.348  22.317 0.0000000000
33664  -11.120  -46.988  62.088 0.0000000000
34485  -11.630  -45.680  63.359 0.0000000000
35251  -11.752  -45.152  63.116 0.0000000000
35262  -12.645  -44.930  60.776 0.0000000000
41195  -21.219  -37.505  55.657 0.0000000000
42033  -23.428  -36.269  54.021 0.0000000000
43810  -29.194  -35.321  57.921 0.0000000000
44727  -25.764  -35.039  58.619 0.0000000000
55220  -44.575  -21.323  44.588 0.0000000000
55279  -40.839  -21.761  36.895 0.0000000000
56117  -45.405  -20.402  43.502 0.0000000000
56192  -41.914  -20.182  37.935 0.0000000000
56214  -39.866  -20.871  34.841 0.0000000000
57206  -42.838  -19.667  39.423 0.0000000000
57221  -42.096  -19.635  37.607 0.0000000000
58204  -40.959  -18.965  34.749 0.0000000000
59965  -40.870  -16.586  33.509 0.0000000000
66759  -47.472  -9.281  35.448 0.0000000000
111646  -21.032  -37.660  56.951 0.0000000000
113783  -18.259  -37.855  58.956 0.0000000000
113950  -12.707  -43.290  62.301 0.0000000000
114271  -50.961  -9.635  23.381 0.0000000000
117476  -18.929  -37.732  59.836 0.0000000000
125912  -12.808  -44.787  57.816 0.0000000000
126163  -27.141  -36.102  54.887 0.0000000000
126246  -13.270  -43.798  58.398 0.0000000000
127021  -39.278  -23.498  39.710 0.0000000000
127232  -29.232  -35.780  46.813 0.0000000000
128628  -44.398  -14.573  36.609 0.0000000000
131577  -32.427  -35.130  46.135 0.0000000000
133262  -12.736  -44.859  58.819 0.0000000000
133705  -38.445  -24.088  39.757 0.0000000000
133841  -12.219  -43.604  63.904 0.0000000000
134039  -54.261  -6.384  22.068 0.0000000000
134085  -17.253  -39.626  52.746 0.0000000000
