#!ascii label  , from subject bert vox2ras=TkReg
907
61279  -19.283  -15.806  -20.003 0.5555555820
61286  -19.697  -15.971  -20.840 0.6666666865
62152  -20.328  -15.260  -21.985 0.7777777910
61301  -20.914  -15.189  -22.352 0.7777777910
63001  -20.825  -13.735  -22.458 0.8888888955
63014  -22.922  -13.557  -23.395 0.8888888955
60435  -19.113  -16.260  -19.398 0.5555555820
131026  -19.376  -14.512  -21.023 0.6666666865
112969  -21.509  -14.565  -22.606 0.8888888955
63002  -21.812  -13.702  -22.884 0.8888888955
63880  -22.251  -12.683  -23.674 1.0000000000
63894  -23.028  -12.170  -24.435 1.0000000000
134499  -18.612  -13.685  -19.623 0.7777777910
63863  -19.324  -12.851  -21.447 1.0000000000
114959  -19.316  -11.945  -21.685 1.0000000000
123691  -19.857  -12.008  -22.254 1.0000000000
64708  -21.126  -11.490  -23.351 1.0000000000
65568  -20.525  -10.627  -23.159 1.0000000000
65577  -21.185  -10.681  -23.938 1.0000000000
64714  -21.827  -11.411  -24.133 1.0000000000
132817  -23.017  -11.621  -24.708 1.0000000000
65587  -21.822  -10.759  -24.601 1.0000000000
117814  -23.057  -11.109  -24.983 1.0000000000
120544  -22.250  -9.888  -25.399 1.0000000000
66457  -23.160  -10.243  -25.428 0.7777777910
65561  -18.412  -10.146  -21.396 0.8888888955
64700  -19.410  -11.267  -22.151 1.0000000000
66435  -19.320  -9.749  -22.481 1.0000000000
66447  -20.581  -9.788  -23.714 1.0000000000
66455  -20.940  -9.190  -24.378 1.0000000000
66456  -21.594  -9.524  -24.986 1.0000000000
66469  -22.003  -9.051  -25.464 1.0000000000
66470  -22.827  -9.293  -25.638 1.0000000000
66471  -23.685  -9.382  -25.542 0.8888888955
67273  -23.362  -8.580  -25.759 1.0000000000
67274  -24.113  -8.598  -25.437 0.7777777910
66434  -18.763  -9.075  -22.128 0.5555555820
68911  -19.260  -7.030  -23.017 0.7777777910
67233  -18.974  -8.344  -22.409 0.8888888955
67241  -20.228  -8.707  -23.783 1.0000000000
68069  -19.783  -7.767  -23.431 0.8888888955
132406  -20.637  -8.453  -24.451 1.0000000000
67253  -21.245  -8.607  -25.009 1.0000000000
67271  -21.801  -8.294  -25.503 1.0000000000
68097  -23.053  -7.770  -26.068 0.8888888955
68096  -22.092  -7.537  -25.852 1.0000000000
128685  -23.894  -6.564  -25.880 0.7777777910
68927  -25.038  -6.951  -24.798 0.6666666865
68943  -24.434  -6.189  -25.349 0.6666666865
68901  -17.999  -6.615  -21.864 0.4444444478
123341  -18.522  -7.407  -22.288 0.7777777910
68910  -18.687  -6.376  -22.622 0.6666666865
121403  -19.479  -6.155  -24.133 0.7777777910
68078  -19.776  -6.917  -23.914 0.8888888955
68079  -20.274  -7.214  -24.561 0.8888888955
68095  -21.211  -7.757  -25.389 1.0000000000
68939  -20.606  -6.381  -25.546 1.0000000000
123146  -21.300  -6.927  -25.704 1.0000000000
120374  -21.924  -6.712  -26.198 1.0000000000
68953  -22.174  -6.091  -26.604 0.8888888955
68954  -23.018  -5.987  -26.510 0.7777777910
121969  -23.755  -5.943  -26.065 0.7777777910
69762  -24.170  -5.322  -25.646 0.7777777910
69746  -24.857  -5.421  -24.951 0.6666666865
70542  -18.752  -4.545  -23.597 0.6666666865
69737  -18.752  -5.485  -23.102 0.6666666865
69738  -19.139  -5.450  -23.828 0.7777777910
122765  -19.517  -5.639  -24.604 0.8888888955
68938  -20.047  -5.795  -25.317 1.0000000000
133830  -20.630  -5.782  -25.889 1.0000000000
68940  -21.293  -6.105  -26.252 1.0000000000
69771  -22.433  -5.329  -26.692 0.8888888955
69761  -23.367  -5.120  -26.291 0.8888888955
70585  -21.804  -4.682  -26.770 0.8888888955
70586  -22.584  -4.517  -26.535 0.7777777910
70569  -23.339  -4.069  -25.973 0.7777777910
70552  -24.554  -4.674  -25.151 0.7777777910
114193  -18.477  -4.804  -22.922 0.5555555820
69745  -19.171  -4.740  -24.293 0.7777777910
69759  -19.651  -5.015  -25.070 0.8888888955
70568  -20.001  -4.518  -25.545 1.0000000000
69760  -20.318  -5.189  -25.740 1.0000000000
70584  -21.147  -4.686  -26.726 1.0000000000
69770  -21.615  -5.396  -26.685 0.8888888955
133733  -22.601  -3.789  -26.360 0.7777777910
71469  -22.950  -3.189  -26.028 0.7777777910
71470  -24.174  -3.966  -25.352 0.6666666865
71453  -24.929  -3.974  -24.765 0.5555555820
70551  -18.737  -3.899  -24.128 0.7777777910
71451  -18.440  -3.299  -23.963 0.6666666865
70567  -19.303  -4.048  -24.917 0.8888888955
71468  -20.027  -3.769  -25.854 1.0000000000
117420  -20.765  -3.919  -26.659 1.0000000000
113674  -21.410  -3.174  -26.933 0.8888888955
71487  -21.921  -3.933  -26.670 0.8888888955
72332  -21.770  -2.421  -26.901 0.8888888955
72317  -23.279  -2.433  -25.648 0.7777777910
73169  -23.592  -1.700  -25.159 0.7777777910
120176  -24.530  -3.226  -24.938 0.5555555820
73185  -22.155  -1.273  -26.697 0.7777777910
72299  -24.912  -2.491  -24.515 0.5555555820
73996  -23.960  -1.101  -24.799 0.6666666865
72283  -17.944  -2.178  -23.442 0.4444444478
72284  -18.240  -2.843  -23.737 0.5555555820
72298  -18.718  -2.749  -24.833 0.7777777910
71484  -19.735  -2.948  -26.075 1.0000000000
72329  -19.688  -2.085  -26.219 1.0000000000
71485  -20.382  -2.590  -26.748 0.8888888955
73197  -20.918  -1.749  -27.625 0.8888888955
72331  -21.131  -2.387  -27.424 0.8888888955
131473  -22.148  -1.849  -26.690 0.8888888955
73168  -22.786  -1.608  -25.973 0.6666666865
73170  -24.380  -1.742  -24.617 0.5555555820
127742  -17.856  -0.228  -24.412 0.6666666865
112246  -18.154  -1.253  -24.326 0.6666666865
73992  -18.830  -0.663  -25.806 0.7777777910
73183  -19.887  -1.236  -26.782 0.8888888955
74008  -19.367  -0.488  -26.658 0.7777777910
74019  -20.052  -0.594  -27.186 0.7777777910
73196  -20.533  -1.151  -27.405 0.8888888955
74020  -20.674  -0.373  -27.464 0.7777777910
130558  -20.995  -1.113  -27.695 0.8888888955
74797  -21.573  0.154  -27.008 0.7777777910
74010  -21.883  -0.634  -26.917 0.7777777910
75613  -21.850  1.029  -26.434 0.6666666865
74778  -22.291  0.113  -26.310 0.6666666865
73994  -22.574  -0.709  -26.130 0.5555555820
117178  -22.369  1.716  -25.758 0.6666666865
75597  -22.761  0.845  -25.742 0.5555555820
75598  -23.568  0.684  -25.003 0.5555555820
76362  -16.408  2.220  -22.742 0.3333333433
120067  -16.673  1.738  -23.133 0.3333333433
74761  -17.711  0.805  -24.490 0.5555555820
74777  -18.206  0.711  -25.280 0.6666666865
75585  -17.971  1.655  -24.945 0.5555555820
74794  -18.725  0.672  -26.086 0.7777777910
74795  -19.230  0.565  -26.651 0.7777777910
133226  -20.043  1.583  -26.860 0.6666666865
74812  -20.523  0.412  -27.317 0.6666666865
75624  -20.229  1.031  -27.098 0.6666666865
75625  -20.814  0.970  -27.148 0.6666666865
75612  -21.182  1.559  -26.854 0.6666666865
76404  -22.091  2.472  -25.750 0.6666666865
120496  -22.761  2.397  -25.235 0.6666666865
76405  -23.166  1.540  -25.149 0.5555555820
76391  -23.531  2.234  -24.629 0.5555555820
76380  -16.818  2.786  -23.527 0.4444444478
76379  -16.435  3.182  -22.941 0.4444444478
76388  -17.624  2.675  -24.543 0.4444444478
77214  -17.231  3.716  -24.310 0.5555555820
76402  -18.267  2.581  -25.527 0.5555555820
76413  -18.901  2.472  -26.263 0.6666666865
75609  -19.165  1.451  -26.407 0.6666666865
75610  -19.703  2.300  -26.675 0.6666666865
75611  -20.492  1.851  -26.862 0.6666666865
76415  -20.990  2.501  -26.696 0.6666666865
76403  -21.516  2.945  -26.154 0.6666666865
76390  -23.128  3.123  -24.729 0.6666666865
121418  -23.959  2.942  -24.249 0.5555555820
77239  -19.444  3.974  -26.482 0.6666666865
124940  -19.197  3.323  -26.492 0.6666666865
77240  -20.006  3.894  -26.602 0.6666666865
76414  -20.286  2.944  -26.783 0.6666666865
76389  -22.236  3.264  -25.319 0.6666666865
63000  -19.916  -13.731  -21.962 0.8888888955
62994  -19.335  -13.826  -21.264 1.0000000000
63869  -20.169  -12.836  -22.219 1.0000000000
121622  -20.701  -12.142  -22.675 1.0000000000
64715  -22.475  -12.123  -24.137 1.0000000000
70550  -18.549  -3.740  -23.714 0.5555555820
71452  -18.712  -3.321  -24.513 0.7777777910
133270  -20.406  -3.253  -26.513 1.0000000000
72316  -22.542  -2.443  -26.296 0.8888888955
73124  -17.666  -1.540  -23.174 0.2222222239
73995  -23.295  -0.881  -25.343 0.6666666865
74811  -19.807  0.237  -27.163 0.7777777910
74780  -24.011  -0.250  -24.799 0.4444444478
124642  -18.543  3.431  -26.057 0.6666666865
77238  -18.899  4.069  -26.234 0.6666666865
118279  -18.376  -5.690  -22.350 0.4444444478
70541  -18.483  -3.989  -23.330 0.4444444478
125624  -24.845  2.724  -23.768 0.5555555820
125438  -24.448  2.092  -24.200 0.5555555820
127889  -16.420  3.290  -22.738 0.2222222239
77217  -24.322  3.599  -23.727 0.5555555820
60436  -19.570  -17.081  -19.648 0.5555555820
59637  -20.121  -17.234  -20.431 0.5555555820
111238  -19.653  -16.596  -20.287 0.6666666865
61292  -20.267  -16.062  -21.636 0.5555555820
60454  -20.807  -16.784  -21.908 0.5555555820
62161  -22.492  -14.353  -22.690 0.7777777910
62169  -22.888  -13.783  -23.081 0.8888888955
60426  -18.947  -16.826  -18.735 0.5555555820
61293  -20.848  -15.924  -22.164 0.6666666865
61302  -21.476  -15.423  -22.318 0.6666666865
127720  -22.081  -14.735  -22.625 0.8888888955
63015  -23.119  -13.383  -23.661 0.7777777910
63882  -23.352  -12.737  -24.149 0.8888888955
61265  -18.217  -15.853  -17.686 0.4444444478
62126  -18.372  -14.350  -18.758 0.5555555820
62982  -18.383  -13.199  -19.285 0.2222222239
63856  -18.729  -12.671  -20.514 0.6666666865
65589  -23.755  -10.892  -25.031 0.8888888955
66458  -24.074  -10.084  -25.198 0.6666666865
66472  -24.394  -9.268  -25.070 0.6666666865
134703  -18.487  -11.384  -20.603 0.5555555820
67254  -24.795  -8.549  -24.867 0.6666666865
66410  -17.898  -9.664  -20.770 0.4444444478
68082  -25.398  -7.888  -24.738 0.5555555820
68928  -25.931  -6.386  -24.564 0.5555555820
68055  -17.474  -7.693  -20.905 0.2222222239
122215  -25.155  -6.093  -24.794 0.5555555820
70553  -25.469  -4.720  -24.648 0.5555555820
70533  -18.400  -4.613  -22.460 0.3333333433
120676  -25.736  -3.952  -24.502 0.5555555820
71455  -26.494  -3.468  -24.306 0.4444444478
124023  -17.987  -2.370  -23.196 0.3333333433
73154  -25.341  -1.728  -24.294 0.5555555820
73978  -24.765  -0.970  -24.520 0.4444444478
75558  -16.277  1.714  -22.438 0.3333333433
75559  -16.403  1.088  -22.697 0.3333333433
74750  -16.799  0.177  -22.980 0.4444444478
74762  -24.560  0.594  -24.496 0.4444444478
75586  -25.027  1.318  -24.146 0.4444444478
131386  -25.700  2.569  -23.475 0.2222222239
77200  -16.740  3.823  -23.528 0.3333333433
77228  -18.257  4.272  -25.734 0.6666666865
78023  -19.581  4.496  -26.262 0.6666666865
77241  -20.715  3.391  -26.485 0.6666666865
77230  -21.268  3.861  -25.702 0.6666666865
78000  -21.547  4.730  -25.031 0.6666666865
116397  -22.584  4.685  -24.521 0.6666666865
77215  -22.786  3.963  -24.624 0.6666666865
77216  -23.500  3.834  -24.204 0.6666666865
77218  -25.356  3.300  -23.400 0.3333333433
78021  -18.766  4.775  -25.841 0.5555555820
61278  -18.766  -15.227  -19.207 0.5555555820
60444  -20.282  -16.957  -21.185 0.6666666865
119959  -19.240  -14.995  -20.301 0.6666666865
62151  -19.766  -15.218  -21.277 0.7777777910
62159  -19.832  -14.513  -21.674 0.8888888955
62160  -20.528  -14.522  -22.226 0.8888888955
63870  -21.176  -12.956  -22.719 1.0000000000
63013  -22.510  -13.401  -23.364 1.0000000000
63003  -22.484  -14.028  -22.864 0.8888888955
116416  -18.603  -15.913  -18.463 0.4444444478
62134  -18.712  -14.327  -19.526 0.6666666865
62143  -18.937  -13.994  -20.387 0.8888888955
63871  -21.845  -13.065  -23.240 1.0000000000
63881  -22.884  -12.992  -23.974 1.0000000000
64709  -21.489  -12.383  -23.238 1.0000000000
134644  -21.822  -12.021  -23.755 1.0000000000
62142  -18.665  -13.240  -20.018 0.6666666865
62988  -18.932  -13.330  -20.765 0.8888888955
63862  -18.803  -12.011  -20.999 0.8888888955
133842  -19.643  -12.421  -21.930 1.0000000000
64699  -18.747  -11.129  -21.403 0.8888888955
64707  -20.215  -11.349  -22.675 1.0000000000
65567  -19.728  -10.586  -22.569 1.0000000000
66436  -20.125  -9.956  -22.907 1.0000000000
64724  -22.541  -11.412  -24.614 1.0000000000
64725  -23.429  -11.657  -24.657 0.8888888955
65588  -22.423  -10.635  -25.069 1.0000000000
65586  -21.331  -10.030  -24.428 1.0000000000
113401  -21.840  -10.214  -24.990 1.0000000000
66427  -18.675  -9.760  -21.941 1.0000000000
65562  -18.957  -10.477  -22.063 1.0000000000
66446  -19.929  -9.267  -23.040 1.0000000000
67272  -22.528  -8.432  -25.737 1.0000000000
68098  -23.812  -7.859  -25.752 0.7777777910
68081  -24.525  -7.819  -25.105 0.6666666865
67226  -17.804  -8.311  -21.087 0.5555555820
66426  -18.191  -9.191  -21.409 0.5555555820
67232  -18.291  -8.296  -21.809 0.6666666865
68062  -19.295  -7.780  -22.776 0.7777777910
117606  -19.346  -8.990  -22.591 0.8888888955
67240  -19.649  -8.468  -22.979 1.0000000000
68070  -20.261  -7.805  -24.158 0.8888888955
68080  -20.658  -7.849  -24.844 1.0000000000
68941  -22.764  -6.821  -26.266 0.8888888955
68942  -23.520  -7.109  -25.994 0.8888888955
123762  -24.201  -7.084  -25.461 0.7777777910
68900  -17.271  -6.881  -21.122 0.3333333433
68056  -17.815  -7.493  -21.484 0.3333333433
68917  -19.189  -6.209  -23.417 0.7777777910
68926  -19.961  -6.480  -24.798 0.8888888955
68094  -20.644  -7.101  -25.137 1.0000000000
69769  -20.908  -5.331  -26.387 1.0000000000
70570  -23.938  -4.633  -25.728 0.7777777910
70583  -20.562  -4.598  -26.230 1.0000000000
112910  -21.275  -3.957  -26.892 0.8888888955
119636  -23.745  -3.219  -25.522 0.6666666865
71454  -25.413  -3.265  -24.482 0.5555555820
71436  -18.409  -3.344  -23.568 0.5555555820
72297  -18.372  -2.836  -24.204 0.6666666865
71467  -19.178  -3.244  -25.281 0.8888888955
71486  -20.895  -3.112  -27.116 1.0000000000
126506  -22.180  -3.168  -26.514 0.8888888955
72318  -24.062  -2.464  -25.037 0.6666666865
73184  -21.444  -1.511  -27.394 0.8888888955
111376  -18.136  -2.392  -23.980 0.5555555820
72315  -19.192  -2.648  -25.508 1.0000000000
73153  -18.982  -2.064  -25.287 0.7777777910
73152  -18.406  -2.126  -24.438 0.7777777910
72330  -20.405  -1.852  -27.122 0.8888888955
73977  -17.264  -0.385  -23.334 0.5555555820
73965  -17.581  -0.997  -23.537 0.5555555820
74760  -17.303  0.440  -23.674 0.4444444478
120794  -18.425  -0.733  -25.056 0.6666666865
123396  -18.441  -0.063  -25.591 0.6666666865
73167  -18.683  -1.383  -25.114 0.7777777910
73141  -17.897  -1.783  -23.751 0.7777777910
126863  -18.865  -0.004  -26.373 0.7777777910
73993  -19.217  -1.320  -25.985 0.7777777910
127840  -21.269  0.787  -27.041 0.6666666865
74779  -23.087  -0.011  -25.561 0.5555555820
123381  -25.164  -0.191  -24.327 0.4444444478
75599  -23.993  1.394  -24.545 0.5555555820
75574  -16.779  0.965  -23.238 0.4444444478
75584  -17.330  1.596  -23.885 0.5555555820
117181  -17.877  3.572  -25.267 0.6666666865
78001  -22.084  4.095  -24.991 0.6666666865
73140  -17.499  -1.295  -23.207 0.3333333433
70534  -18.393  -4.236  -22.853 0.4444444478
76392  -25.420  1.982  -23.756 0.3333333433
62162  -22.897  -14.155  -22.805 0.6666666865
60414  -18.416  -16.504  -17.793 0.4444444478
59621  -18.803  -17.298  -17.951 0.5555555820
63895  -23.793  -12.080  -24.369 0.7777777910
67225  -17.456  -8.391  -20.565 0.1111111119
69733  -18.310  -5.114  -22.283 0.4444444478
71424  -18.396  -3.566  -23.205 0.3333333433
73964  -16.999  -0.650  -22.903 0.3333333433
122681  -23.193  4.575  -24.233 0.6666666865
78002  -23.840  4.618  -23.779 0.4444444478
59632  -23.270  -17.474  -19.793 0.4444444478
115263  -25.534  -17.683  -18.611 0.2222222239
58711  -20.676  -18.008  -19.329 0.4444444478
58712  -21.193  -18.003  -19.443 0.4444444478
59638  -20.673  -17.515  -20.822 0.4444444478
59639  -21.088  -17.634  -21.047 0.4444444478
59641  -22.684  -17.130  -20.548 0.4444444478
60447  -23.217  -16.619  -20.967 0.4444444478
60438  -24.681  -16.648  -19.853 0.2222222239
60455  -21.269  -16.968  -21.792 0.4444444478
59647  -21.531  -17.156  -21.488 0.4444444478
60446  -22.199  -16.901  -21.234 0.4444444478
61280  -25.908  -15.663  -19.769 0.1111111119
60457  -22.709  -16.209  -21.480 0.4444444478
61297  -24.249  -15.635  -21.301 0.3333333433
60456  -21.855  -16.520  -21.627 0.4444444478
60458  -23.570  -16.089  -21.293 0.3333333433
61287  -25.580  -15.460  -20.593 0.2222222239
61295  -22.229  -15.614  -21.876 0.4444444478
61296  -23.196  -15.339  -21.718 0.3333333433
60462  -21.599  -15.973  -21.931 0.5555555820
129271  -25.345  -14.514  -21.604 0.2222222239
62155  -26.276  -14.235  -21.387 0.1111111119
62996  -26.547  -13.465  -21.666 0.1111111119
62163  -23.640  -14.122  -22.620 0.3333333433
62164  -24.660  -14.021  -22.241 0.3333333433
63004  -23.234  -13.652  -23.227 0.4444444478
63016  -23.600  -13.196  -23.663 0.5555555820
63883  -24.099  -12.512  -23.962 0.6666666865
63873  -25.392  -12.476  -22.760 0.4444444478
64718  -26.250  -11.168  -23.486 0.3333333433
64716  -24.600  -11.794  -24.177 0.6666666865
64727  -25.082  -11.133  -24.377 0.5555555820
64726  -24.208  -11.399  -24.629 0.6666666865
65590  -24.575  -10.642  -24.738 0.5555555820
65591  -25.564  -10.290  -24.255 0.5555555820
65578  -25.811  -10.917  -23.982 0.4444444478
66448  -26.416  -9.532  -23.953 0.3333333433
67255  -25.600  -8.623  -24.574 0.4444444478
66460  -25.640  -9.359  -24.376 0.4444444478
121865  -26.096  -7.251  -24.528 0.4444444478
77229  -20.437  4.091  -26.273 0.5555555820
78011  -19.986  4.626  -26.252 0.5555555820
78012  -20.580  4.644  -25.746 0.5555555820
78831  -23.204  5.232  -24.097 0.5555555820
58714  -22.884  -18.092  -19.348 0.4444444478
59633  -24.253  -17.321  -19.555 0.2222222239
128988  -24.929  -15.795  -20.900 0.2222222239
62144  -25.951  -14.906  -21.032 0.1111111119
63006  -24.995  -13.242  -22.464 0.4444444478
63007  -25.962  -12.958  -22.168 0.3333333433
63005  -24.035  -13.570  -22.979 0.4444444478
63884  -24.975  -12.124  -23.515 0.6666666865
116329  -26.371  -8.763  -24.241 0.3333333433
68083  -26.284  -8.053  -24.489 0.4444444478
69748  -26.734  -5.818  -24.475 0.4444444478
78829  -21.322  5.469  -24.799 0.5555555820
78828  -20.216  5.950  -25.143 0.5555555820
60445  -20.930  -17.408  -21.508 0.4444444478
63874  -26.335  -12.219  -22.526 0.2222222239
57778  -21.232  -19.377  -18.574 0.4444444478
58703  -22.544  -18.697  -18.795 0.4444444478
126029  -24.288  -18.334  -18.732 0.2222222239
58705  -25.026  -18.393  -18.466 0.2222222239
58706  -25.919  -18.324  -17.941 0.1111111119
58700  -20.151  -18.081  -19.077 0.4444444478
120597  -20.906  -18.637  -18.838 0.4444444478
60439  -25.531  -16.351  -19.420 0.1111111119
60440  -26.526  -16.130  -19.136 0.1111111119
59625  -26.407  -17.485  -18.263 0.1111111119
61281  -26.680  -15.464  -19.676 0.1111111119
62146  -27.634  -14.243  -20.340 0.1111111119
62997  -27.305  -13.139  -21.443 0.1111111119
63864  -26.862  -12.718  -22.013 0.1111111119
63875  -27.194  -11.950  -22.331 0.2222222239
65579  -26.531  -10.390  -23.652 0.1111111119
64711  -26.699  -11.516  -22.889 0.2222222239
67242  -27.139  -8.861  -23.836 0.2222222239
68929  -26.930  -6.687  -24.391 0.3333333433
69747  -25.719  -5.574  -24.624 0.4444444478
122618  -26.293  -5.096  -24.529 0.3333333433
72300  -25.927  -2.533  -24.192 0.4444444478
120699  -25.642  0.548  -23.956 0.3333333433
118524  -17.553  4.459  -25.027 0.4444444478
124063  -24.590  4.942  -23.491 0.5555555820
78845  -19.293  5.565  -25.649 0.5555555820
79656  -19.465  5.938  -25.380 0.5555555820
78810  -22.795  5.707  -24.156 0.5555555820
78811  -23.485  5.855  -23.870 0.5555555820
58710  -20.275  -17.620  -19.831 0.4444444478
59630  -20.893  -17.663  -20.180 0.4444444478
61303  -22.032  -15.145  -22.432 0.5555555820
61304  -22.560  -14.829  -22.410 0.5555555820
66459  -24.834  -9.791  -24.658 0.5555555820
116787  -25.014  -9.118  -24.658 0.4444444478
128978  -23.208  -14.625  -22.301 0.3333333433
117920  -22.232  -17.583  -20.043 0.4444444478
59623  -23.834  -17.945  -19.203 0.3333333433
59624  -24.712  -17.839  -19.000 0.3333333433
59634  -25.122  -17.119  -19.203 0.1111111119
58713  -21.933  -18.100  -19.440 0.4444444478
59646  -21.220  -17.393  -21.429 0.4444444478
59631  -21.394  -17.639  -20.243 0.4444444478
59640  -21.638  -17.386  -20.979 0.4444444478
60437  -23.749  -16.918  -20.246 0.4444444478
60448  -24.269  -16.299  -20.736 0.4444444478
60449  -25.165  -16.037  -20.202 0.2222222239
61288  -26.333  -15.137  -20.273 0.1111111119
62153  -24.167  -14.732  -21.797 0.3333333433
62154  -25.100  -15.252  -21.275 0.2222222239
62995  -25.654  -13.756  -21.896 0.2222222239
112110  -27.067  -13.865  -21.078 0.1111111119
63872  -24.461  -12.823  -23.185 0.4444444478
64710  -25.851  -11.795  -23.135 0.3333333433
65569  -26.924  -10.912  -23.197 0.1111111119
64717  -25.452  -11.472  -23.827 0.4444444478
118915  -26.963  -7.504  -24.304 0.4444444478
78847  -20.696  5.242  -25.321 0.5555555820
78846  -19.927  5.335  -25.731 0.5555555820
78830  -22.340  5.235  -24.459 0.5555555820
62145  -26.744  -14.550  -20.691 0.1111111119
120682  -20.057  6.561  -24.575 0.5555555820
57779  -22.186  -19.483  -18.413 0.4444444478
58702  -21.620  -18.695  -18.858 0.4444444478
58704  -23.511  -18.542  -18.746 0.4444444478
58701  -20.322  -18.634  -18.690 0.4444444478
58690  -19.679  -18.415  -18.379 0.4444444478
60427  -25.940  -16.867  -18.787 0.1111111119
62135  -27.133  -14.938  -19.977 0.1111111119
53235  -24.669  -24.838  -14.707 0.1111111119
54117  -20.569  -23.057  -16.276 0.3333333433
54119  -23.450  -23.466  -15.754 0.2222222239
53249  -23.767  -24.115  -15.310 0.2222222239
53250  -24.613  -24.248  -15.044 0.1111111119
54108  -24.487  -23.468  -15.530 0.1111111119
55788  -19.099  -21.218  -16.564 0.3333333433
118905  -19.384  -21.965  -16.260 0.3333333433
54946  -19.777  -22.674  -16.139 0.3333333433
55791  -21.836  -22.120  -17.032 0.3333333433
55792  -22.735  -22.157  -16.715 0.3333333433
113943  -23.616  -22.209  -16.591 0.2222222239
54936  -24.023  -22.802  -16.101 0.2222222239
57756  -18.051  -19.468  -16.760 0.2222222239
123590  -18.128  -20.056  -16.493 0.2222222239
56770  -18.510  -20.573  -16.566 0.2222222239
55789  -19.973  -21.741  -16.879 0.3333333433
55790  -20.904  -21.987  -17.150 0.3333333433
58674  -18.049  -18.588  -17.053 0.2222222239
57757  -18.604  -20.025  -17.028 0.3333333433
57767  -18.776  -19.320  -17.353 0.3333333433
57768  -19.380  -19.968  -17.557 0.3333333433
58691  -19.706  -19.222  -18.029 0.3333333433
57769  -20.122  -19.991  -18.099 0.3333333433
56781  -19.877  -20.590  -17.662 0.3333333433
56782  -20.526  -20.525  -18.019 0.3333333433
133305  -22.073  -20.940  -17.745 0.3333333433
56783  -21.300  -20.660  -18.011 0.3333333433
122069  -22.825  -20.752  -17.701 0.3333333433
55805  -23.434  -21.176  -17.308 0.3333333433
125469  -24.648  -21.448  -16.935 0.1111111119
55806  -24.255  -20.988  -17.249 0.2222222239
59599  -17.905  -17.742  -17.082 0.2222222239
59611  -18.470  -17.861  -17.458 0.3333333433
57777  -20.500  -19.339  -18.468 0.3333333433
57770  -20.834  -20.044  -18.393 0.3333333433
56784  -22.155  -20.327  -18.062 0.3333333433
56785  -23.682  -20.473  -17.596 0.3333333433
56786  -24.640  -20.216  -17.472 0.1111111119
59598  -17.467  -17.172  -16.661 0.3333333433
59610  -18.012  -17.133  -17.296 0.3333333433
59622  -19.511  -17.654  -18.855 0.3333333433
57771  -23.016  -20.016  -18.041 0.3333333433
57780  -23.241  -19.220  -18.317 0.3333333433
57781  -24.260  -18.930  -18.206 0.3333333433
67256  -27.039  -8.193  -24.118 0.2222222239
70554  -26.411  -4.401  -24.467 0.2222222239
54118  -21.402  -23.340  -16.206 0.3333333433
54949  -22.100  -22.731  -16.390 0.3333333433
54937  -24.943  -22.739  -15.942 0.1111111119
56771  -19.178  -20.585  -17.120 0.3333333433
55803  -21.534  -21.423  -17.522 0.3333333433
59612  -19.139  -17.972  -18.007 0.3333333433
57772  -23.907  -19.678  -17.832 0.3333333433
134004  -23.546  -25.164  -14.571 0.1111111119
52426  -24.254  -25.300  -14.462 0.1111111119
54104  -19.276  -23.236  -15.609 0.3333333433
128486  -20.016  -23.388  -15.914 0.3333333433
54105  -20.657  -23.829  -15.992 0.3333333433
54106  -21.489  -24.167  -15.865 0.3333333433
53248  -22.271  -24.457  -15.545 0.3333333433
111189  -22.990  -24.074  -15.535 0.3333333433
52427  -25.092  -25.366  -14.511 0.1111111119
53236  -25.429  -24.625  -14.797 0.1111111119
55776  -18.601  -21.663  -15.906 0.3333333433
53251  -25.339  -23.835  -15.210 0.1111111119
57740  -17.767  -19.738  -16.061 0.2222222239
54938  -25.778  -22.768  -15.820 0.1111111119
57755  -17.655  -18.910  -16.286 0.2222222239
54952  -25.487  -22.194  -16.269 0.1111111119
56772  -25.063  -20.943  -17.122 0.1111111119
58673  -17.545  -18.015  -16.445 0.2222222239
56787  -25.535  -20.303  -17.173 0.1111111119
60399  -17.600  -16.750  -16.775 0.1111111119
132154  -27.315  -6.222  -24.435 0.2222222239
114576  -27.515  -3.478  -24.484 0.2222222239
64694  -18.484  -11.967  -20.161 0.5555555820
61271  -18.330  -15.126  -18.282 0.3333333433
60413  -17.837  -16.500  -17.139 0.2222222239
120687  -27.088  -5.062  -24.537 0.2222222239
53234  -23.976  -24.676  -14.785 0.1111111119
54948  -21.199  -22.607  -16.608 0.3333333433
132824  -19.889  -22.190  -16.472 0.3333333433
54107  -22.388  -23.564  -15.905 0.3333333433
55787  -18.347  -21.034  -16.107 0.2222222239
54935  -18.934  -22.432  -15.737 0.3333333433
54950  -23.051  -22.803  -16.209 0.2222222239
131385  -23.263  -21.708  -16.944 0.2222222239
55801  -19.702  -21.088  -17.217 0.3333333433
54951  -24.579  -22.093  -16.523 0.1111111119
58689  -19.005  -18.564  -17.660 0.3333333433
55802  -20.526  -21.194  -17.589 0.3333333433
55804  -22.540  -21.486  -17.314 0.3333333433
56791  -21.522  -20.011  -18.339 0.3333333433
55794  -25.302  -21.558  -16.698 0.1111111119
125419  -24.663  -19.463  -17.763 0.1111111119
51569  -23.614  -25.851  -14.155 0.1111111119
53233  -23.077  -24.687  -15.027 0.2222222239
53246  -20.680  -24.622  -15.636 0.3333333433
53247  -21.504  -24.897  -15.487 0.3333333433
55775  -17.856  -21.246  -15.432 0.2222222239
128337  -27.586  -7.114  -24.256 0.1111111119
68931  -29.067  -6.626  -24.313 0.1111111119
68085  -28.366  -7.069  -24.139 0.1111111119
69749  -27.762  -5.842  -24.581 0.1111111119
69751  -29.239  -5.799  -24.847 0.1111111119
69750  -28.632  -5.638  -24.987 0.1111111119
118319  -27.897  -5.110  -24.838 0.1111111119
127043  -28.588  -5.112  -25.262 0.1111111119
116263  -26.400  -1.747  -24.001 0.2222222239
70555  -27.292  -4.262  -24.517 0.1111111119
70556  -28.111  -4.369  -24.865 0.1111111119
74763  -26.293  -0.216  -23.885 0.1111111119
118895  -26.824  -0.976  -23.997 0.1111111119
119503  -27.250  -0.235  -23.873 0.1111111119
78854  -19.587  4.991  -25.922 0.4444444478
75587  -26.095  1.267  -23.644 0.1111111119
79654  -18.608  6.403  -24.856 0.4444444478
76393  -26.497  2.054  -23.557 0.1111111119
79640  -21.962  5.669  -24.369 0.4444444478
78003  -24.905  4.200  -23.425 0.2222222239
77203  -26.000  3.910  -23.129 0.1111111119
77220  -27.572  2.816  -23.804 0.1111111119
79639  -21.048  6.132  -24.534 0.4444444478
79619  -20.687  6.914  -23.958 0.4444444478
117353  -21.957  7.001  -23.731 0.4444444478
79620  -21.933  6.207  -24.066 0.4444444478
79621  -22.905  6.354  -23.879 0.4444444478
79622  -23.740  6.677  -23.504 0.4444444478
125800  -24.554  6.704  -22.989 0.4444444478
79623  -25.180  6.263  -22.924 0.2222222239
78813  -26.035  5.613  -23.095 0.2222222239
78814  -27.095  5.392  -23.301 0.2222222239
77983  -26.592  4.660  -23.224 0.2222222239
82650  -27.409  10.307  -25.705 0.1111111119
81251  -27.628  8.671  -25.442 0.1111111119
78833  -28.203  5.485  -24.475 0.1111111119
79637  -18.760  7.407  -24.416 0.4444444478
79618  -19.439  7.317  -24.299 0.4444444478
80411  -22.989  7.887  -23.155 0.4444444478
80412  -23.820  8.045  -23.072 0.4444444478
134234  -23.576  7.404  -23.297 0.4444444478
81225  -24.029  8.835  -23.065 0.3333333433
116779  -25.531  8.015  -23.198 0.3333333433
80431  -26.235  7.531  -23.448 0.1111111119
80432  -27.072  7.523  -23.858 0.1111111119
123147  -26.760  6.090  -23.246 0.2222222239
79641  -27.482  6.819  -24.023 0.1111111119
80439  -27.479  7.567  -24.415 0.1111111119
80423  -18.283  7.949  -24.163 0.2222222239
80426  -20.978  7.801  -23.500 0.3333333433
81242  -21.279  8.616  -23.182 0.3333333433
81224  -23.142  8.608  -22.829 0.3333333433
80413  -24.756  8.170  -22.953 0.4444444478
81226  -24.770  8.990  -22.908 0.2222222239
81243  -25.404  8.743  -23.085 0.2222222239
81244  -26.127  8.455  -23.462 0.2222222239
81245  -26.730  8.162  -23.749 0.1111111119
82639  -25.854  10.152  -23.297 0.1111111119
81947  -26.001  9.305  -23.367 0.1111111119
81948  -26.480  9.898  -23.765 0.1111111119
121409  -27.328  8.950  -24.570 0.1111111119
83302  -26.334  10.719  -23.849 0.1111111119
81951  -27.011  9.851  -24.393 0.1111111119
80425  -19.808  7.995  -23.818 0.3333333433
81241  -20.241  8.609  -23.277 0.3333333433
81933  -20.615  9.435  -22.883 0.3333333433
81223  -22.258  8.507  -22.893 0.3333333433
81936  -24.283  9.555  -22.757 0.2222222239
82629  -25.218  10.380  -23.003 0.1111111119
132492  -26.499  11.201  -24.251 0.1111111119
82647  -27.241  10.345  -24.994 0.1111111119
84025  -26.003  11.928  -26.725 0.1111111119
82613  -18.633  10.749  -21.404 0.1111111119
81918  -19.298  10.570  -22.071 0.1111111119
122230  -20.414  10.492  -22.335 0.2222222239
129593  -21.664  10.609  -22.105 0.2222222239
125852  -21.535  9.890  -22.589 0.3333333433
82616  -22.675  10.807  -22.141 0.2222222239
81935  -23.343  9.402  -22.609 0.3333333433
81919  -22.554  10.038  -22.383 0.3333333433
83290  -23.486  11.152  -22.253 0.2222222239
113146  -24.169  10.824  -22.478 0.1111111119
83300  -24.884  11.762  -23.351 0.1111111119
83292  -24.780  10.938  -22.888 0.1111111119
113530  -25.944  11.569  -24.004 0.1111111119
83313  -26.601  11.604  -24.727 0.1111111119
84008  -26.203  12.266  -25.202 0.1111111119
83322  -27.173  11.027  -25.230 0.1111111119
82652  -26.834  10.733  -26.903 0.1111111119
82657  -26.994  9.928  -27.212 0.1111111119
119653  -19.540  11.079  -21.557 0.1111111119
82605  -20.176  11.318  -20.833 0.1111111119
82614  -20.930  11.256  -21.622 0.1111111119
83277  -21.911  11.768  -21.440 0.1111111119
83971  -22.615  12.363  -21.575 0.1111111119
83278  -22.711  11.524  -21.841 0.1111111119
83982  -23.394  11.944  -22.143 0.1111111119
84650  -24.675  13.639  -23.587 0.1111111119
83990  -24.694  12.803  -23.429 0.1111111119
84651  -25.208  13.032  -24.064 0.1111111119
129003  -25.525  12.635  -24.351 0.1111111119
83970  -21.866  12.481  -21.072 0.1111111119
83962  -21.488  12.531  -20.412 0.1111111119
129787  -21.727  13.110  -20.665 0.1111111119
83981  -22.581  13.233  -21.797 0.1111111119
84644  -23.222  13.339  -22.359 0.1111111119
84645  -24.023  13.635  -22.832 0.1111111119
84635  -21.290  13.927  -20.935 0.1111111119
85254  -21.477  14.605  -20.333 0.1111111119
84636  -21.829  13.996  -21.509 0.1111111119
68930  -27.800  -6.561  -24.394 0.1111111119
122887  -28.598  -6.327  -24.614 0.1111111119
72301  -26.967  -2.591  -24.079 0.1111111119
74764  -26.736  0.517  -23.674 0.1111111119
79655  -19.015  6.195  -25.246 0.4444444478
77981  -23.940  5.420  -23.706 0.4444444478
78812  -24.901  5.518  -23.269 0.3333333433
77982  -25.509  4.805  -23.268 0.2222222239
77984  -27.459  4.554  -23.532 0.1111111119
132508  -27.048  2.443  -23.604 0.1111111119
120342  -27.407  6.081  -23.591 0.2222222239
81248  -27.187  8.246  -24.153 0.1111111119
130314  -27.480  8.240  -24.711 0.1111111119
79657  -27.828  6.830  -24.847 0.1111111119
81952  -27.429  9.614  -25.196 0.1111111119
82615  -21.980  11.177  -21.774 0.2222222239
83291  -24.157  11.502  -22.576 0.1111111119
85278  -22.321  14.769  -21.604 0.1111111119
85265  -21.464  14.778  -21.131 0.1111111119
69739  -29.615  -6.128  -24.121 0.1111111119
73979  -25.784  -0.952  -24.141 0.2222222239
75588  -27.153  1.251  -23.659 0.1111111119
131374  -18.730  5.638  -25.485 0.4444444478
79638  -19.302  6.582  -24.843 0.4444444478
80428  -22.931  7.169  -23.566 0.4444444478
80427  -22.064  7.775  -23.258 0.4444444478
80429  -24.290  7.364  -23.010 0.4444444478
83276  -21.179  11.903  -20.994 0.1111111119
83267  -20.869  11.840  -20.155 0.1111111119
84625  -21.502  13.504  -20.026 0.1111111119
120333  -22.086  13.160  -21.193 0.1111111119
68919  -29.409  -6.979  -23.613 0.1111111119
68084  -27.693  -7.682  -24.018 0.1111111119
68072  -28.403  -7.923  -23.710 0.1111111119
68918  -28.895  -7.268  -23.870 0.1111111119
69740  -30.187  -5.608  -23.643 0.1111111119
68920  -29.879  -6.315  -23.223 0.1111111119
69752  -29.970  -5.391  -24.543 0.1111111119
70557  -29.104  -5.036  -25.510 0.1111111119
70571  -28.783  -4.609  -25.739 0.1111111119
72302  -27.807  -2.735  -24.552 0.1111111119
71456  -28.404  -3.728  -25.130 0.1111111119
73980  -27.646  -1.040  -24.324 0.1111111119
124737  -27.970  -0.312  -24.356 0.1111111119
74765  -27.644  0.484  -23.874 0.1111111119
77205  -27.826  3.744  -23.902 0.1111111119
76395  -28.267  1.951  -24.191 0.1111111119
79636  -18.446  7.160  -24.385 0.4444444478
129858  -18.967  6.722  -24.779 0.4444444478
78013  -28.501  4.270  -25.229 0.1111111119
79642  -28.225  6.013  -25.000 0.1111111119
81238  -18.430  8.391  -23.690 0.2222222239
80424  -18.812  8.245  -24.109 0.3333333433
81239  -18.965  8.585  -23.654 0.2222222239
81222  -19.792  8.960  -22.868 0.2222222239
116855  -27.761  7.922  -26.012 0.1111111119
81931  -18.962  9.391  -22.405 0.1111111119
81932  -19.574  9.726  -22.549 0.2222222239
81960  -27.323  9.345  -26.837 0.1111111119
81971  -26.445  9.525  -27.686 0.1111111119
81917  -18.726  10.094  -21.935 0.1111111119
81911  -18.286  10.491  -20.255 0.1111111119
82604  -19.954  11.188  -19.951 0.1111111119
83329  -26.119  11.284  -27.362 0.1111111119
83262  -20.720  11.886  -19.114 0.1111111119
118133  -21.191  12.737  -18.735 0.1111111119
84658  -25.002  13.751  -24.531 0.1111111119
84664  -25.322  13.543  -25.465 0.1111111119
84017  -25.670  12.584  -26.571 0.1111111119
84689  -25.145  13.054  -27.169 0.1111111119
85279  -23.707  14.628  -22.523 0.1111111119
85954  -24.000  15.213  -23.956 0.1111111119
77219  -26.484  2.963  -23.395 0.1111111119
125304  -24.267  6.056  -23.460 0.4444444478
73155  -27.353  -1.809  -24.103 0.1111111119
76394  -27.520  1.952  -23.744 0.1111111119
77204  -27.023  3.767  -23.428 0.1111111119
80430  -25.217  7.206  -22.935 0.2222222239
79624  -26.053  6.573  -23.180 0.2222222239
79625  -26.874  6.774  -23.546 0.1111111119
78815  -27.863  5.275  -23.809 0.2222222239
81955  -27.578  9.494  -26.076 0.1111111119
83326  -27.155  10.963  -26.079 0.1111111119
129563  -27.678  7.731  -25.168 0.1111111119
81260  -27.590  8.660  -26.430 0.1111111119
121766  -28.401  5.191  -25.207 0.1111111119
78004  -28.282  4.770  -24.455 0.1111111119
78832  -27.916  6.097  -24.196 0.2222222239
81247  -26.764  8.993  -23.865 0.1111111119
82646  -26.879  10.776  -24.483 0.1111111119
81240  -19.350  8.583  -23.461 0.3333333433
81221  -19.227  8.873  -22.848 0.1111111119
81934  -22.424  9.237  -22.617 0.3333333433
82627  -23.614  10.282  -22.411 0.2222222239
82628  -24.578  10.262  -22.688 0.1111111119
83301  -25.546  10.927  -23.371 0.1111111119
83321  -26.760  11.648  -25.582 0.1111111119
84018  -26.231  12.177  -25.972 0.1111111119
83325  -26.595  11.503  -26.450 0.1111111119
120440  -18.100  10.388  -21.008 0.1111111119
83312  -25.939  12.259  -24.524 0.1111111119
84007  -25.728  12.814  -25.707 0.1111111119
133055  -23.160  12.666  -22.144 0.1111111119
83983  -23.957  12.495  -22.705 0.1111111119
83999  -25.547  12.893  -24.834 0.1111111119
83952  -21.375  12.540  -19.558 0.1111111119
114679  -23.163  14.223  -22.248 0.1111111119
128199  -24.202  14.244  -23.132 0.1111111119
77985  -27.991  4.459  -23.974 0.1111111119
79658  -28.147  6.501  -25.553 0.1111111119
79663  -28.127  6.609  -26.265 0.1111111119
85287  -24.540  14.574  -24.701 0.1111111119
116931  -23.197  14.987  -21.802 0.1111111119
77206  -28.301  3.937  -24.481 0.1111111119
78848  -28.343  5.816  -25.987 0.1111111119
126650  -27.624  7.968  -26.759 0.1111111119
81211  -18.538  9.523  -21.886 0.1111111119
81272  -27.272  8.473  -27.233 0.1111111119
129944  -18.767  10.964  -20.678 0.1111111119
85295  -24.950  14.158  -25.285 0.1111111119
85283  -23.904  15.018  -23.088 0.1111111119
84657  -24.444  14.400  -23.834 0.1111111119
65537  -17.981  -10.487  -19.852 0.2222222239
65553  -17.784  -9.906  -20.191 0.2222222239
126800  -18.382  -13.786  -19.100 0.3333333433
65554  -18.202  -10.561  -20.587 0.4444444478
78010  -18.072  5.114  -25.414 0.3333333433
77999  -17.547  5.246  -24.702 0.2222222239
79617  -17.933  7.392  -24.058 0.1111111119
74738  -16.672  0.119  -22.715 0.2222222239
73950  -17.141  -0.728  -23.028 0.1111111119
64684  -18.305  -11.915  -19.421 0.2222222239
129548  -16.334  2.643  -22.543 0.1111111119
77168  -16.331  3.837  -20.705 0.1111111119
77979  -17.364  5.249  -24.024 0.1111111119
78799  -17.945  6.672  -23.873 0.1111111119
79606  -17.896  7.467  -23.626 0.1111111119
80410  -18.020  7.997  -23.567 0.1111111119
77201  -17.184  4.476  -24.147 0.2222222239
77961  -16.564  4.706  -21.185 0.1111111119
111919  -18.232  -12.638  -18.950 0.2222222239
63849  -18.453  -12.585  -19.671 0.3333333433
116459  -17.763  -5.962  -21.648 0.2222222239
77978  -16.893  4.339  -23.615 0.1111111119
68883  -17.252  -6.383  -21.163 0.1111111119
130328  -17.579  -5.880  -21.407 0.3333333433
124991  -18.105  5.877  -24.926 0.3333333433
123809  -17.825  5.888  -24.245 0.3333333433
122715  -18.122  6.627  -24.378 0.1111111119
78809  -17.740  5.853  -24.028 0.1111111119
77932  -17.486  5.023  -19.805 0.1111111119
77963  -17.985  5.748  -21.884 0.1111111119
128929  -18.297  5.918  -22.529 0.1111111119
77962  -16.971  5.403  -21.554 0.1111111119
63865  -27.572  -12.406  -21.727 0.1111111119
52435  -20.798  -25.321  -15.201 0.1111111119
52436  -21.516  -25.403  -15.031 0.1111111119
52421  -18.846  -25.219  -14.392 0.1111111119
53231  -19.075  -24.685  -15.011 0.1111111119
54093  -18.731  -23.834  -15.122 0.1111111119
54103  -18.418  -22.989  -15.233 0.1111111119
54934  -18.138  -22.166  -15.322 0.1111111119
134504  -18.335  -14.398  -17.264 0.1111111119
66390  -17.685  -9.766  -19.919 0.1111111119
65538  -18.285  -11.227  -19.928 0.1111111119
71406  -18.408  -3.591  -22.942 0.2222222239
72268  -18.265  -2.926  -23.286 0.2222222239
72252  -18.300  -2.931  -22.994 0.2222222239
66409  -17.370  -9.162  -20.196 0.1111111119
66425  -17.684  -8.972  -20.797 0.1111111119
52423  -20.206  -25.820  -14.885 0.1111111119
125168  -21.085  -25.952  -14.644 0.1111111119
52437  -22.205  -25.118  -15.105 0.1111111119
53222  -18.183  -24.947  -13.806 0.1111111119
54092  -17.869  -23.506  -14.699 0.1111111119
54924  -17.683  -22.741  -14.798 0.1111111119
55774  -17.429  -21.170  -14.618 0.1111111119
56761  -17.943  -20.487  -16.005 0.1111111119
57739  -17.558  -19.278  -15.548 0.1111111119
62097  -18.431  -14.556  -16.947 0.1111111119
62961  -18.271  -13.352  -17.673 0.1111111119
65512  -17.940  -10.449  -19.619 0.1111111119
122945  -18.117  -1.961  -21.420 0.2222222239
73112  -17.204  -1.201  -21.167 0.1111111119
62975  -18.252  -13.495  -18.789 0.1111111119
62113  -18.344  -14.544  -18.454 0.1111111119
58657  -17.434  -18.408  -15.799 0.1111111119
62096  -18.272  -15.416  -17.876 0.1111111119
56760  -17.607  -20.284  -15.277 0.1111111119
53245  -19.745  -24.122  -15.550 0.1111111119
53232  -19.868  -25.107  -15.222 0.1111111119
64668  -18.169  -11.188  -19.425 0.1111111119
131614  -19.316  -25.189  -14.895 0.1111111119
52422  -19.515  -25.642  -14.731 0.1111111119
53230  -18.165  -24.370  -14.420 0.1111111119
72253  -19.040  -2.730  -21.359 0.1111111119
129537  -17.249  -23.208  -14.365 0.1111111119
54922  -17.104  -21.897  -14.085 0.1111111119
111228  -18.315  -15.090  -16.533 0.1111111119
128854  -18.251  -1.298  -20.415 0.1111111119
73106  -17.765  -0.713  -19.794 0.1111111119
74721  -16.320  0.948  -22.495 0.1111111119
70516  -18.797  -4.279  -21.118 0.1111111119
74722  -16.212  0.203  -20.473 0.1111111119
129941  -15.898  1.461  -20.418 0.1111111119
54947  -20.382  -22.390  -16.608 0.3333333433
55793  -23.978  -21.607  -16.937 0.3333333433
61294  -21.153  -16.326  -22.075 0.6666666865
71502  -20.833  -2.334  -27.379 0.8888888955
74009  -21.244  -0.564  -27.504 0.7777777910
74796  -21.042  0.232  -27.407 0.6666666865
75596  -18.580  1.581  -25.787 0.5555555820
76344  -15.986  3.151  -20.061 0.1111111119
76416  -21.654  2.054  -26.331 0.6666666865
77152  -16.429  3.808  -19.451 0.1111111119
77184  -16.521  3.765  -23.128 0.1111111119
77947  -16.723  4.632  -20.059 0.1111111119
77948  -16.995  5.307  -20.556 0.1111111119
78022  -19.214  4.469  -26.179 0.6666666865
78853  -19.225  4.995  -25.869 0.5555555820
80447  -27.935  7.156  -25.715 0.1111111119
81937  -25.191  9.613  -22.930 0.1111111119
81946  -21.631  9.162  -22.840 0.3333333433
82653  -27.311  10.165  -26.521 0.1111111119
83991  -25.378  12.344  -23.968 0.1111111119
84643  -22.554  13.902  -21.968 0.1111111119
123405  -19.709  1.180  -26.834 0.6666666865
124312  -19.734  3.354  -26.693 0.6666666865
131548  -23.428  -6.491  -26.217 0.8888888955
131788  -23.349  -12.199  -24.397 0.8888888955
131817  -26.706  10.327  -24.097 0.1111111119
132808  -19.239  0.080  -26.798 0.7777777910
