#!ascii label  , from subject bert vox2ras=TkReg
354
68096  -22.092  -7.537  -25.852 0.0000000000
64700  -19.410  -11.267  -22.151 0.0000000000
64716  -24.600  -11.794  -24.177 0.0000000000
60462  -21.599  -15.973  -21.931 0.0000000000
79639  -21.048  6.132  -24.534 0.0000000000
120496  -22.761  2.397  -25.235 0.0000000000
72315  -19.192  -2.648  -25.508 0.0000000000
120597  -20.906  -18.637  -18.838 0.0000000000
63001  -20.825  -13.735  -22.458 0.0000000000
119959  -19.240  -14.995  -20.301 0.0000000000
78000  -21.547  4.730  -25.031 0.0000000000
75610  -19.703  2.300  -26.675 0.0000000000
68078  -19.776  -6.917  -23.914 0.0000000000
70542  -18.752  -4.545  -23.597 0.0000000000
69760  -20.318  -5.189  -25.740 0.0000000000
72332  -21.770  -2.421  -26.901 0.0000000000
69761  -23.367  -5.120  -26.291 0.0000000000
123762  -24.201  -7.084  -25.461 0.0000000000
66434  -18.763  -9.075  -22.128 0.0000000000
66455  -20.940  -9.190  -24.378 0.0000000000
66457  -23.160  -10.243  -25.428 0.0000000000
64714  -21.827  -11.411  -24.133 0.0000000000
62169  -22.888  -13.783  -23.081 0.0000000000
61297  -24.249  -15.635  -21.301 0.0000000000
127742  -17.856  -0.228  -24.412 0.0000000000
74020  -20.674  -0.373  -27.464 0.0000000000
74779  -23.087  -0.011  -25.561 0.0000000000
60436  -19.570  -17.081  -19.648 0.0000000000
59639  -21.088  -17.634  -21.047 0.0000000000
62143  -18.937  -13.994  -20.387 0.0000000000
62134  -18.712  -14.327  -19.526 0.0000000000
77239  -19.444  3.974  -26.482 0.0000000000
76402  -18.267  2.581  -25.527 0.0000000000
68079  -20.274  -7.214  -24.561 0.0000000000
122765  -19.517  -5.639  -24.604 0.0000000000
68940  -21.293  -6.105  -26.252 0.0000000000
69770  -21.615  -5.396  -26.685 0.0000000000
68953  -22.174  -6.091  -26.604 0.0000000000
121969  -23.755  -5.943  -26.065 0.0000000000
68097  -23.053  -7.770  -26.068 0.0000000000
66427  -18.675  -9.760  -21.941 0.0000000000
117606  -19.346  -8.990  -22.591 0.0000000000
66436  -20.125  -9.956  -22.907 0.0000000000
65577  -21.185  -10.681  -23.938 0.0000000000
64708  -21.126  -11.490  -23.351 0.0000000000
112969  -21.509  -14.565  -22.606 0.0000000000
63002  -21.812  -13.702  -22.884 0.0000000000
62161  -22.492  -14.353  -22.690 0.0000000000
128978  -23.208  -14.625  -22.301 0.0000000000
61295  -22.229  -15.614  -21.876 0.0000000000
79638  -19.302  6.582  -24.843 0.0000000000
79618  -19.439  7.317  -24.299 0.0000000000
79619  -20.687  6.914  -23.958 0.0000000000
81223  -22.258  8.507  -22.893 0.0000000000
79621  -22.905  6.354  -23.879 0.0000000000
76389  -22.236  3.264  -25.319 0.0000000000
71452  -18.712  -3.321  -24.513 0.0000000000
111376  -18.136  -2.392  -23.980 0.0000000000
73167  -18.683  -1.383  -25.114 0.0000000000
126863  -18.865  -0.004  -26.373 0.0000000000
73183  -19.887  -1.236  -26.782 0.0000000000
72317  -23.279  -2.433  -25.648 0.0000000000
73185  -22.155  -1.273  -26.697 0.0000000000
73996  -23.960  -1.101  -24.799 0.0000000000
65589  -23.755  -10.892  -25.031 0.0000000000
66472  -24.394  -9.268  -25.070 0.0000000000
58690  -19.679  -18.415  -18.379 0.0000000000
58700  -20.151  -18.081  -19.077 0.0000000000
59637  -20.121  -17.234  -20.431 0.0000000000
58712  -21.193  -18.003  -19.443 0.0000000000
63862  -18.803  -12.011  -20.999 0.0000000000
123691  -19.857  -12.008  -22.254 0.0000000000
63863  -19.324  -12.851  -21.447 0.0000000000
62159  -19.832  -14.513  -21.674 0.0000000000
61293  -20.848  -15.924  -22.164 0.0000000000
79656  -19.465  5.938  -25.380 0.0000000000
78829  -21.322  5.469  -24.799 0.0000000000
78011  -19.986  4.626  -26.252 0.0000000000
77241  -20.715  3.391  -26.485 0.0000000000
76415  -20.990  2.501  -26.696 0.0000000000
68910  -18.687  -6.376  -22.622 0.0000000000
69738  -19.139  -5.450  -23.828 0.0000000000
69745  -19.171  -4.740  -24.293 0.0000000000
71468  -20.027  -3.769  -25.854 0.0000000000
71485  -20.382  -2.590  -26.748 0.0000000000
112910  -21.275  -3.957  -26.892 0.0000000000
133733  -22.601  -3.789  -26.360 0.0000000000
70569  -23.339  -4.069  -25.973 0.0000000000
70552  -24.554  -4.674  -25.151 0.0000000000
57779  -22.186  -19.483  -18.413 0.0000000000
58703  -22.544  -18.697  -18.795 0.0000000000
68062  -19.295  -7.780  -22.776 0.0000000000
68069  -19.783  -7.767  -23.431 0.0000000000
67253  -21.245  -8.607  -25.009 0.0000000000
67272  -22.528  -8.432  -25.737 0.0000000000
66456  -21.594  -9.524  -24.986 0.0000000000
65588  -22.423  -10.635  -25.069 0.0000000000
63894  -23.028  -12.170  -24.435 0.0000000000
64709  -21.489  -12.383  -23.238 0.0000000000
63881  -22.884  -12.992  -23.974 0.0000000000
63882  -23.352  -12.737  -24.149 0.0000000000
63005  -24.035  -13.570  -22.979 0.0000000000
129271  -25.345  -14.514  -21.604 0.0000000000
78831  -23.204  5.232  -24.097 0.0000000000
74794  -18.725  0.672  -26.086 0.0000000000
75624  -20.229  1.031  -27.098 0.0000000000
75613  -21.850  1.029  -26.434 0.0000000000
130558  -20.995  -1.113  -27.695 0.0000000000
74778  -22.291  0.113  -26.310 0.0000000000
75597  -22.761  0.845  -25.742 0.0000000000
67273  -23.362  -8.580  -25.759 0.0000000000
67254  -24.795  -8.549  -24.867 0.0000000000
61278  -18.766  -15.227  -19.207 0.0000000000
61279  -19.283  -15.806  -20.003 0.0000000000
60444  -20.282  -16.957  -21.185 0.0000000000
60455  -21.269  -16.968  -21.792 0.0000000000
58714  -22.884  -18.092  -19.348 0.0000000000
59641  -22.684  -17.130  -20.548 0.0000000000
60446  -22.199  -16.901  -21.234 0.0000000000
76388  -17.624  2.675  -24.543 0.0000000000
68094  -20.644  -7.101  -25.137 0.0000000000
68939  -20.606  -6.381  -25.546 0.0000000000
123146  -21.300  -6.927  -25.704 0.0000000000
120374  -21.924  -6.712  -26.198 0.0000000000
68941  -22.764  -6.821  -26.266 0.0000000000
64699  -18.747  -11.129  -21.403 0.0000000000
65561  -18.412  -10.146  -21.396 0.0000000000
65562  -18.957  -10.477  -22.063 0.0000000000
66435  -19.320  -9.749  -22.481 0.0000000000
65567  -19.728  -10.586  -22.569 0.0000000000
65568  -20.525  -10.627  -23.159 0.0000000000
64707  -20.215  -11.349  -22.675 0.0000000000
61302  -21.476  -15.423  -22.318 0.0000000000
127720  -22.081  -14.735  -22.625 0.0000000000
61303  -22.032  -15.145  -22.432 0.0000000000
61304  -22.560  -14.829  -22.410 0.0000000000
120682  -20.057  6.561  -24.575 0.0000000000
117353  -21.957  7.001  -23.731 0.0000000000
79620  -21.933  6.207  -24.066 0.0000000000
76390  -23.128  3.123  -24.729 0.0000000000
76391  -23.531  2.234  -24.629 0.0000000000
72298  -18.718  -2.749  -24.833 0.0000000000
72297  -18.372  -2.836  -24.204 0.0000000000
73152  -18.406  -2.126  -24.438 0.0000000000
73153  -18.982  -2.064  -25.287 0.0000000000
73993  -19.217  -1.320  -25.985 0.0000000000
72329  -19.688  -2.085  -26.219 0.0000000000
73169  -23.592  -1.700  -25.159 0.0000000000
64726  -24.208  -11.399  -24.629 0.0000000000
65590  -24.575  -10.642  -24.738 0.0000000000
64727  -25.082  -11.133  -24.377 0.0000000000
57778  -21.232  -19.377  -18.574 0.0000000000
57777  -20.500  -19.339  -18.468 0.0000000000
58701  -20.322  -18.634  -18.690 0.0000000000
58711  -20.676  -18.008  -19.329 0.0000000000
63856  -18.729  -12.671  -20.514 0.0000000000
62988  -18.932  -13.330  -20.765 0.0000000000
131026  -19.376  -14.512  -21.023 0.0000000000
62151  -19.766  -15.218  -21.277 0.0000000000
62152  -20.328  -15.260  -21.985 0.0000000000
78845  -19.293  5.565  -25.649 0.0000000000
78846  -19.927  5.335  -25.731 0.0000000000
78854  -19.587  4.991  -25.922 0.0000000000
124940  -19.197  3.323  -26.492 0.0000000000
77240  -20.006  3.894  -26.602 0.0000000000
76414  -20.286  2.944  -26.783 0.0000000000
68911  -19.260  -7.030  -23.017 0.0000000000
68917  -19.189  -6.209  -23.417 0.0000000000
68938  -20.047  -5.795  -25.317 0.0000000000
69759  -19.651  -5.015  -25.070 0.0000000000
70567  -19.303  -4.048  -24.917 0.0000000000
70568  -20.001  -4.518  -25.545 0.0000000000
117420  -20.765  -3.919  -26.659 0.0000000000
70583  -20.562  -4.598  -26.230 0.0000000000
69771  -22.433  -5.329  -26.692 0.0000000000
70585  -21.804  -4.682  -26.770 0.0000000000
70586  -22.584  -4.517  -26.535 0.0000000000
70570  -23.938  -4.633  -25.728 0.0000000000
128685  -23.894  -6.564  -25.880 0.0000000000
68943  -24.434  -6.189  -25.349 0.0000000000
68927  -25.038  -6.951  -24.798 0.0000000000
56784  -22.155  -20.327  -18.062 0.0000000000
57771  -23.016  -20.016  -18.041 0.0000000000
67232  -18.291  -8.296  -21.809 0.0000000000
123341  -18.522  -7.407  -22.288 0.0000000000
67233  -18.974  -8.344  -22.409 0.0000000000
66446  -19.929  -9.267  -23.040 0.0000000000
67240  -19.649  -8.468  -22.979 0.0000000000
67241  -20.228  -8.707  -23.783 0.0000000000
132406  -20.637  -8.453  -24.451 0.0000000000
65587  -21.822  -10.759  -24.601 0.0000000000
64724  -22.541  -11.412  -24.614 0.0000000000
132817  -23.017  -11.621  -24.708 0.0000000000
64715  -22.475  -12.123  -24.137 0.0000000000
63869  -20.169  -12.836  -22.219 0.0000000000
121622  -20.701  -12.142  -22.675 0.0000000000
63870  -21.176  -12.956  -22.719 0.0000000000
63014  -22.922  -13.557  -23.395 0.0000000000
63013  -22.510  -13.401  -23.364 0.0000000000
63015  -23.119  -13.383  -23.661 0.0000000000
63016  -23.600  -13.196  -23.663 0.0000000000
63004  -23.234  -13.652  -23.227 0.0000000000
62153  -24.167  -14.732  -21.797 0.0000000000
62163  -23.640  -14.122  -22.620 0.0000000000
78830  -22.340  5.235  -24.459 0.0000000000
116397  -22.584  4.685  -24.521 0.0000000000
114193  -18.477  -4.804  -22.922 0.0000000000
73977  -17.264  -0.385  -23.334 0.0000000000
74760  -17.303  0.440  -23.674 0.0000000000
74761  -17.711  0.805  -24.490 0.0000000000
74777  -18.206  0.711  -25.280 0.0000000000
74811  -19.807  0.237  -27.163 0.0000000000
74795  -19.230  0.565  -26.651 0.0000000000
74812  -20.523  0.412  -27.317 0.0000000000
75625  -20.814  0.970  -27.148 0.0000000000
127840  -21.269  0.787  -27.041 0.0000000000
72331  -21.131  -2.387  -27.424 0.0000000000
73197  -20.918  -1.749  -27.625 0.0000000000
73994  -22.574  -0.709  -26.130 0.0000000000
74010  -21.883  -0.634  -26.917 0.0000000000
75598  -23.568  0.684  -25.003 0.0000000000
66470  -22.827  -9.293  -25.638 0.0000000000
66471  -23.685  -9.382  -25.542 0.0000000000
60426  -18.947  -16.826  -18.735 0.0000000000
60435  -19.113  -16.260  -19.398 0.0000000000
59638  -20.673  -17.515  -20.822 0.0000000000
60445  -20.930  -17.408  -21.508 0.0000000000
59646  -21.220  -17.393  -21.429 0.0000000000
58713  -21.933  -18.100  -19.440 0.0000000000
134499  -18.612  -13.685  -19.623 0.0000000000
77238  -18.899  4.069  -26.234 0.0000000000
117181  -17.877  3.572  -25.267 0.0000000000
124642  -18.543  3.431  -26.057 0.0000000000
76413  -18.901  2.472  -26.263 0.0000000000
121403  -19.479  -6.155  -24.133 0.0000000000
68926  -19.961  -6.480  -24.798 0.0000000000
133830  -20.630  -5.782  -25.889 0.0000000000
69769  -20.908  -5.331  -26.387 0.0000000000
68954  -23.018  -5.987  -26.510 0.0000000000
68942  -23.520  -7.109  -25.994 0.0000000000
66447  -20.581  -9.788  -23.714 0.0000000000
63003  -22.484  -14.028  -22.864 0.0000000000
62162  -22.897  -14.155  -22.805 0.0000000000
61296  -23.196  -15.339  -21.718 0.0000000000
129858  -18.967  6.722  -24.779 0.0000000000
80427  -22.064  7.775  -23.258 0.0000000000
79622  -23.740  6.677  -23.504 0.0000000000
78001  -22.084  4.095  -24.991 0.0000000000
77215  -22.786  3.963  -24.624 0.0000000000
73141  -17.897  -1.783  -23.751 0.0000000000
112246  -18.154  -1.253  -24.326 0.0000000000
120794  -18.425  -0.733  -25.056 0.0000000000
123396  -18.441  -0.063  -25.591 0.0000000000
73992  -18.830  -0.663  -25.806 0.0000000000
74008  -19.367  -0.488  -26.658 0.0000000000
74019  -20.052  -0.594  -27.186 0.0000000000
72316  -22.542  -2.443  -26.296 0.0000000000
131473  -22.148  -1.849  -26.690 0.0000000000
73168  -22.786  -1.608  -25.973 0.0000000000
73995  -23.295  -0.881  -25.343 0.0000000000
66458  -24.074  -10.084  -25.198 0.0000000000
66459  -24.834  -9.791  -24.658 0.0000000000
59612  -19.139  -17.972  -18.007 0.0000000000
59622  -19.511  -17.654  -18.855 0.0000000000
58710  -20.275  -17.620  -19.831 0.0000000000
59630  -20.893  -17.663  -20.180 0.0000000000
114959  -19.316  -11.945  -21.685 0.0000000000
133842  -19.643  -12.421  -21.930 0.0000000000
63000  -19.916  -13.731  -21.962 0.0000000000
62994  -19.335  -13.826  -21.264 0.0000000000
62160  -20.528  -14.522  -22.226 0.0000000000
61301  -20.914  -15.189  -22.352 0.0000000000
79654  -18.608  6.403  -24.856 0.0000000000
79655  -19.015  6.195  -25.246 0.0000000000
78828  -20.216  5.950  -25.143 0.0000000000
79640  -21.962  5.669  -24.369 0.0000000000
78847  -20.696  5.242  -25.321 0.0000000000
78012  -20.580  4.644  -25.746 0.0000000000
78023  -19.581  4.496  -26.262 0.0000000000
77229  -20.437  4.091  -26.273 0.0000000000
77230  -21.268  3.861  -25.702 0.0000000000
76403  -21.516  2.945  -26.154 0.0000000000
76404  -22.091  2.472  -25.750 0.0000000000
71467  -19.178  -3.244  -25.281 0.0000000000
71484  -19.735  -2.948  -26.075 0.0000000000
133270  -20.406  -3.253  -26.513 0.0000000000
71486  -20.895  -3.112  -27.116 0.0000000000
113674  -21.410  -3.174  -26.933 0.0000000000
70584  -21.147  -4.686  -26.726 0.0000000000
71487  -21.921  -3.933  -26.670 0.0000000000
126506  -22.180  -3.168  -26.514 0.0000000000
71469  -22.950  -3.189  -26.028 0.0000000000
119636  -23.745  -3.219  -25.522 0.0000000000
71470  -24.174  -3.966  -25.352 0.0000000000
69762  -24.170  -5.322  -25.646 0.0000000000
63884  -24.975  -12.124  -23.515 0.0000000000
58702  -21.620  -18.695  -18.858 0.0000000000
68070  -20.261  -7.805  -24.158 0.0000000000
68080  -20.658  -7.849  -24.844 0.0000000000
68095  -21.211  -7.757  -25.389 0.0000000000
67271  -21.801  -8.294  -25.503 0.0000000000
66469  -22.003  -9.051  -25.464 0.0000000000
120544  -22.250  -9.888  -25.399 0.0000000000
65586  -21.331  -10.030  -24.428 0.0000000000
113401  -21.840  -10.214  -24.990 0.0000000000
117814  -23.057  -11.109  -24.983 0.0000000000
64725  -23.429  -11.657  -24.657 0.0000000000
63895  -23.793  -12.080  -24.369 0.0000000000
134644  -21.822  -12.021  -23.755 0.0000000000
63871  -21.845  -13.065  -23.240 0.0000000000
63880  -22.251  -12.683  -23.674 0.0000000000
63883  -24.099  -12.512  -23.962 0.0000000000
63872  -24.461  -12.823  -23.185 0.0000000000
62164  -24.660  -14.021  -22.241 0.0000000000
78810  -22.795  5.707  -24.156 0.0000000000
78811  -23.485  5.855  -23.870 0.0000000000
75584  -17.330  1.596  -23.885 0.0000000000
75585  -17.971  1.655  -24.945 0.0000000000
75609  -19.165  1.451  -26.407 0.0000000000
133226  -20.043  1.583  -26.860 0.0000000000
75611  -20.492  1.851  -26.862 0.0000000000
75612  -21.182  1.559  -26.854 0.0000000000
117178  -22.369  1.716  -25.758 0.0000000000
72330  -20.405  -1.852  -27.122 0.0000000000
73196  -20.533  -1.151  -27.405 0.0000000000
73184  -21.444  -1.511  -27.394 0.0000000000
74797  -21.573  0.154  -27.008 0.0000000000
76405  -23.166  1.540  -25.149 0.0000000000
68098  -23.812  -7.859  -25.752 0.0000000000
67274  -24.113  -8.598  -25.437 0.0000000000
68081  -24.525  -7.819  -25.105 0.0000000000
61286  -19.697  -15.971  -20.840 0.0000000000
111238  -19.653  -16.596  -20.287 0.0000000000
61292  -20.267  -16.062  -21.636 0.0000000000
60454  -20.807  -16.784  -21.908 0.0000000000
59631  -21.394  -17.639  -20.243 0.0000000000
117920  -22.232  -17.583  -20.043 0.0000000000
59640  -21.638  -17.386  -20.979 0.0000000000
59647  -21.531  -17.156  -21.488 0.0000000000
60456  -21.855  -16.520  -21.627 0.0000000000
60457  -22.709  -16.209  -21.480 0.0000000000
61294  -21.153  -16.326  -22.075 0.0000000000
71502  -20.833  -2.334  -27.379 0.0000000000
74009  -21.244  -0.564  -27.504 0.0000000000
74796  -21.042  0.232  -27.407 0.0000000000
75596  -18.580  1.581  -25.787 0.0000000000
76416  -21.654  2.054  -26.331 0.0000000000
78022  -19.214  4.469  -26.179 0.0000000000
78853  -19.225  4.995  -25.869 0.0000000000
123405  -19.709  1.180  -26.834 0.0000000000
124312  -19.734  3.354  -26.693 0.0000000000
131548  -23.428  -6.491  -26.217 0.0000000000
131788  -23.349  -12.199  -24.397 0.0000000000
132808  -19.239  0.080  -26.798 0.0000000000
