#!ascii label  , from subject bert vox2ras=TkReg
756
15080  -26.241  -70.250  -11.568 0.5000000000
15079  -25.833  -70.906  -12.154 0.8000000119
14364  -25.148  -71.871  -14.827 0.8000000119
15086  -25.593  -71.090  -13.389 0.8000000119
15060  -26.898  -70.750  -10.023 0.5000000000
14347  -26.057  -70.975  -11.256 0.5000000000
15087  -26.227  -70.185  -12.517 0.6000000238
117921  -25.739  -73.363  -17.071 0.6999999881
131871  -25.650  -72.618  -15.935 0.6999999881
15093  -26.399  -70.598  -13.819 0.6999999881
15061  -27.282  -70.282  -9.371 0.6000000238
15071  -26.543  -69.756  -11.070 0.5000000000
15821  -26.562  -69.584  -11.716 0.6000000238
14383  -24.649  -73.186  -17.503 0.6999999881
131556  -26.705  -69.469  -12.370 0.6000000238
14384  -25.507  -73.318  -17.425 0.6999999881
13673  -25.160  -73.782  -17.276 0.6999999881
15092  -25.867  -71.543  -14.867 0.6999999881
15833  -26.836  -69.749  -13.179 0.6000000238
15834  -27.595  -69.377  -13.583 0.6000000238
15100  -26.849  -71.352  -15.204 0.8000000119
15814  -27.077  -68.940  -10.184 0.4000000060
15813  -26.842  -69.038  -11.012 0.6000000238
15112  -25.086  -72.417  -17.488 0.6999999881
16591  -27.981  -68.744  -13.157 0.6000000238
15113  -25.428  -71.492  -17.352 0.6999999881
115299  -26.231  -72.995  -17.434 0.6999999881
14374  -26.339  -72.588  -16.379 0.6999999881
15114  -26.926  -72.241  -16.227 0.6999999881
15842  -27.317  -70.274  -14.145 0.6999999881
15102  -28.924  -70.167  -15.566 0.5000000000
14385  -26.979  -72.721  -17.075 0.6000000238
15115  -27.577  -71.794  -16.250 0.6000000238
127572  -28.401  -71.089  -16.110 0.6000000238
15116  -29.072  -70.899  -16.661 0.6000000238
15126  -28.284  -71.726  -16.892 0.6000000238
15128  -29.495  -70.426  -17.219 0.5000000000
17373  -27.766  -67.807  -10.092 0.4000000060
16567  -27.357  -68.347  -10.592 0.5000000000
114838  -24.026  -70.563  -16.142 0.6999999881
16575  -27.434  -68.397  -11.444 0.6000000238
16584  -27.679  -68.529  -12.306 0.6000000238
15124  -26.023  -71.967  -17.826 0.6999999881
134164  -28.294  -69.012  -13.926 0.6000000238
14387  -26.571  -72.652  -17.913 0.6999999881
16606  -29.218  -69.192  -14.626 0.5000000000
14392  -27.825  -72.196  -18.176 0.6999999881
14389  -28.127  -72.115  -17.740 0.6000000238
15850  -29.716  -69.990  -16.521 0.5000000000
15843  -29.761  -69.469  -15.692 0.5000000000
15127  -28.817  -71.336  -17.431 0.5000000000
116606  -22.810  -69.168  -14.819 0.6000000238
16603  -23.535  -68.359  -14.660 0.6000000238
17360  -28.296  -67.505  -9.386 0.5000000000
17374  -28.536  -67.460  -10.425 0.5000000000
16604  -24.398  -68.885  -15.077 0.6999999881
17385  -27.927  -67.827  -10.974 0.5000000000
16576  -28.196  -68.001  -11.859 0.5000000000
17396  -29.067  -67.787  -12.270 0.4000000060
119766  -24.800  -70.738  -16.568 0.6999999881
16585  -28.535  -68.271  -12.721 0.5000000000
15848  -25.443  -70.135  -16.574 0.6999999881
15857  -25.960  -70.815  -17.535 0.6999999881
16586  -29.496  -68.079  -13.155 0.5000000000
15125  -26.721  -71.673  -18.183 0.6999999881
129846  -27.474  -71.885  -18.312 0.6000000238
16607  -30.198  -68.785  -15.306 0.5000000000
14390  -28.498  -71.612  -17.943 0.6000000238
15863  -28.349  -70.526  -17.927 0.5000000000
15864  -29.120  -70.168  -17.680 0.5000000000
15865  -29.750  -69.784  -17.410 0.5000000000
16616  -30.495  -68.682  -16.769 0.5000000000
15861  -30.297  -69.209  -17.189 0.5000000000
18235  -30.217  -67.164  -16.669 0.3000000119
17376  -30.519  -66.950  -11.305 0.3000000119
121126  -22.411  -68.007  -14.539 0.6000000238
134005  -23.101  -67.696  -14.442 0.6000000238
17375  -29.639  -67.198  -10.873 0.4000000060
133646  -29.536  -67.458  -11.823 0.4000000060
16605  -25.184  -68.518  -15.147 0.6000000238
17397  -29.987  -67.599  -12.620 0.5000000000
16612  -24.944  -69.433  -15.775 0.6999999881
16593  -29.884  -68.431  -14.159 0.5000000000
15858  -26.761  -70.324  -17.642 0.5000000000
16594  -30.555  -68.083  -14.707 0.5000000000
15859  -27.698  -69.822  -17.683 0.5000000000
132682  -30.687  -67.214  -15.457 0.4000000060
17425  -30.621  -67.847  -16.187 0.3000000119
18229  -30.463  -66.836  -16.132 0.4000000060
17433  -30.104  -68.388  -17.272 0.5000000000
17431  -30.358  -68.210  -16.927 0.4000000060
17416  -22.752  -67.053  -14.280 0.6000000238
18218  -23.518  -66.619  -13.980 0.6000000238
18219  -24.163  -67.168  -14.064 0.6000000238
17405  -24.905  -67.204  -14.053 0.6000000238
17418  -25.454  -67.705  -14.618 0.6000000238
123143  -31.057  -67.356  -13.625 0.3000000119
17407  -30.482  -67.785  -13.614 0.4000000060
16613  -25.628  -69.018  -15.986 0.6000000238
15849  -26.137  -69.651  -16.774 0.6999999881
18223  -30.928  -66.906  -14.665 0.3000000119
17408  -30.811  -67.551  -14.191 0.3000000119
16614  -26.274  -68.777  -16.270 0.6000000238
18222  -30.597  -66.472  -15.348 0.3000000119
17420  -30.726  -67.587  -15.021 0.3000000119
17424  -27.506  -67.548  -16.202 0.5000000000
16621  -26.916  -69.193  -16.924 0.5000000000
130603  -27.880  -68.569  -16.998 0.5000000000
18973  -30.408  -65.855  -16.183 0.3000000119
16622  -28.853  -68.314  -17.309 0.5000000000
16624  -28.818  -69.371  -17.643 0.5000000000
17429  -28.407  -67.556  -16.737 0.5000000000
117002  -29.963  -66.225  -16.962 0.4000000060
18979  -30.215  -66.050  -16.689 0.3000000119
18965  -23.199  -65.778  -13.900 0.5000000000
18207  -23.845  -66.060  -13.717 0.6000000238
18208  -24.354  -66.624  -13.779 0.5000000000
17419  -26.212  -67.337  -14.791 0.6000000238
18220  -26.415  -66.667  -14.387 0.5000000000
19712  -30.585  -64.818  -14.991 0.3000000119
17422  -26.068  -68.149  -15.439 0.6000000238
20458  -30.638  -64.068  -15.190 0.3000000119
122514  -30.563  -65.506  -15.369 0.3000000119
17423  -26.754  -67.479  -15.510 0.6000000238
18978  -28.793  -65.743  -17.051 0.5000000000
18237  -29.659  -66.384  -17.095 0.4000000060
18981  -29.883  -65.422  -17.293 0.4000000060
18955  -23.822  -65.248  -13.603 0.5000000000
18942  -24.735  -65.211  -13.163 0.5000000000
18956  -25.381  -65.826  -13.305 0.5000000000
18209  -25.171  -66.539  -13.673 0.5000000000
18957  -26.252  -65.600  -13.389 0.5000000000
20437  -30.232  -63.084  -13.090 0.3000000119
114421  -30.480  -63.449  -14.247 0.3000000119
18227  -26.701  -66.899  -15.024 0.6000000238
18228  -27.241  -66.834  -15.560 0.5000000000
18234  -28.713  -66.612  -16.795 0.5000000000
18982  -30.304  -65.246  -17.122 0.4000000060
124182  -29.941  -63.920  -17.661 0.4000000060
19690  -24.941  -64.461  -12.828 0.5000000000
19691  -25.817  -64.278  -12.647 0.5000000000
18944  -26.477  -64.829  -13.071 0.5000000000
21255  -30.209  -62.726  -12.223 0.4000000060
21254  -29.978  -62.202  -12.896 0.4000000060
18210  -25.991  -66.337  -13.715 0.5000000000
18966  -26.722  -65.957  -14.095 0.5000000000
21266  -30.317  -62.471  -13.910 0.4000000060
18958  -27.003  -65.206  -13.758 0.4000000060
21273  -30.702  -62.627  -15.073 0.3000000119
18967  -27.402  -65.333  -14.890 0.5000000000
122246  -27.604  -66.102  -15.632 0.4000000060
127853  -27.916  -65.445  -15.844 0.4000000060
19724  -29.594  -64.738  -17.475 0.4000000060
20434  -25.200  -63.566  -12.632 0.5000000000
20435  -26.166  -63.488  -12.491 0.5000000000
20436  -26.990  -63.347  -12.707 0.5000000000
22072  -30.054  -61.863  -12.072 0.4000000060
19701  -27.186  -64.459  -13.447 0.5000000000
129486  -27.313  -63.831  -13.193 0.4000000060
22071  -30.082  -61.298  -12.727 0.4000000060
22083  -30.248  -61.571  -13.690 0.4000000060
123658  -27.477  -64.692  -14.155 0.4000000060
116429  -30.548  -61.790  -14.769 0.4000000060
19710  -27.806  -64.367  -14.923 0.4000000060
19717  -28.024  -64.745  -15.731 0.4000000060
19718  -28.479  -64.214  -16.548 0.4000000060
19722  -28.872  -64.920  -17.268 0.4000000060
20470  -29.397  -63.189  -17.378 0.4000000060
21289  -30.458  -62.270  -17.515 0.4000000060
20471  -30.270  -63.092  -17.642 0.4000000060
21251  -25.618  -62.202  -12.555 0.5000000000
22069  -26.401  -61.807  -12.473 0.4000000060
22920  -30.646  -60.487  -11.502 0.4000000060
115767  -30.244  -61.094  -12.000 0.4000000060
21252  -26.533  -62.635  -12.484 0.5000000000
21253  -27.316  -62.722  -12.790 0.4000000060
20456  -27.771  -63.916  -13.996 0.4000000060
22945  -30.576  -60.118  -14.269 0.4000000060
20457  -28.188  -63.547  -14.966 0.4000000060
19711  -28.164  -64.026  -15.628 0.4000000060
21284  -30.836  -62.349  -17.367 0.3000000119
119652  -29.106  -64.057  -17.367 0.4000000060
111672  -26.726  -61.096  -12.549 0.4000000060
22070  -27.347  -61.904  -12.678 0.4000000060
22929  -30.305  -60.360  -12.526 0.4000000060
22081  -28.214  -61.691  -13.470 0.4000000060
21264  -27.937  -62.490  -13.342 0.4000000060
22940  -28.404  -60.903  -13.754 0.4000000060
21265  -28.345  -62.287  -14.145 0.4000000060
22082  -28.380  -61.599  -14.677 0.4000000060
21272  -28.377  -62.605  -15.126 0.4000000060
20461  -28.321  -63.359  -15.921 0.4000000060
20466  -28.657  -63.277  -16.828 0.4000000060
22103  -30.283  -61.601  -17.376 0.4000000060
21288  -29.599  -62.341  -17.466 0.4000000060
22102  -29.750  -61.596  -17.429 0.4000000060
113743  -26.883  -60.283  -12.567 0.4000000060
22939  -27.749  -60.857  -12.888 0.4000000060
22927  -28.266  -60.115  -13.282 0.4000000060
22104  -30.610  -61.934  -17.316 0.4000000060
128499  -28.268  -61.051  -15.723 0.4000000060
127334  -28.376  -61.730  -16.505 0.4000000060
22949  -28.517  -60.253  -16.112 0.4000000060
118608  -28.614  -60.983  -16.659 0.4000000060
22957  -29.214  -61.051  -17.144 0.4000000060
24625  -28.097  -58.482  -12.735 0.4000000060
23828  -28.189  -59.288  -12.968 0.4000000060
23838  -28.540  -59.447  -13.676 0.4000000060
24640  -28.685  -58.806  -14.340 0.4000000060
112830  -28.533  -60.204  -14.123 0.4000000060
23841  -28.494  -59.546  -14.702 0.4000000060
129628  -28.308  -60.781  -14.756 0.4000000060
23845  -28.535  -59.561  -15.608 0.4000000060
23856  -30.289  -60.167  -17.159 0.3000000119
22952  -29.158  -60.248  -16.887 0.4000000060
22958  -29.865  -60.802  -17.301 0.4000000060
25403  -28.560  -57.747  -13.001 0.4000000060
26184  -28.950  -56.876  -13.416 0.4000000060
24635  -28.539  -58.603  -13.360 0.4000000060
25410  -28.960  -57.819  -14.096 0.4000000060
112594  -28.560  -59.009  -15.193 0.4000000060
24646  -28.691  -58.832  -15.881 0.4000000060
113527  -31.029  -59.643  -16.428 0.4000000060
22959  -30.404  -61.168  -17.091 0.3000000119
23850  -28.849  -59.475  -16.368 0.4000000060
22953  -29.794  -59.946  -17.207 0.5000000000
23855  -30.220  -59.267  -17.243 0.4000000060
23851  -29.418  -59.346  -17.014 0.5000000000
26940  -28.755  -56.151  -12.952 0.4000000060
26941  -29.180  -55.832  -13.822 0.4000000060
130141  -29.229  -55.125  -14.618 0.4000000060
26193  -29.298  -56.742  -14.557 0.4000000060
25432  -29.330  -57.888  -16.741 0.4000000060
24652  -29.679  -58.542  -17.184 0.5000000000
120353  -29.314  -54.014  -13.565 0.4000000060
112826  -29.135  -54.845  -13.731 0.4000000060
118530  -29.281  -54.321  -14.712 0.4000000060
25435  -29.902  -57.771  -17.314 0.5000000000
28651  -29.417  -53.189  -13.353 0.4000000060
29593  -29.668  -52.616  -13.939 0.4000000060
28665  -29.508  -53.433  -14.299 0.4000000060
123562  -30.235  -57.076  -17.334 0.5000000000
32143  -29.852  -49.786  -14.227 0.4000000060
30483  -29.577  -51.878  -13.439 0.4000000060
118385  -29.804  -50.408  -13.975 0.4000000060
119657  -29.734  -51.033  -14.688 0.4000000060
31395  -29.459  -50.833  -15.709 0.5000000000
127815  -29.510  -50.470  -13.162 0.4000000060
17430  -29.201  -67.488  -17.111 0.5000000000
18980  -29.355  -65.583  -17.294 0.5000000000
116511  -26.477  -70.425  -10.763 0.5000000000
13653  -24.713  -72.261  -13.342 0.8000000119
14363  -24.652  -72.474  -14.818 0.8000000119
13668  -24.678  -73.824  -16.559 0.6999999881
126997  -24.196  -74.164  -16.859 0.6999999881
15783  -27.778  -69.851  -8.658 0.5000000000
16556  -27.569  -68.520  -9.149 0.4000000060
15803  -27.310  -69.250  -9.369 0.4000000060
132912  -24.417  -71.741  -17.116 0.6999999881
15841  -23.734  -69.464  -15.252 0.6999999881
16543  -27.934  -68.120  -8.791 0.4000000060
17361  -29.164  -67.180  -8.999 0.4000000060
16602  -21.657  -68.935  -14.576 0.6000000238
122853  -22.810  -66.243  -14.119 0.6000000238
18964  -22.415  -65.605  -14.153 0.5000000000
20433  -24.374  -63.828  -13.195 0.5000000000
113324  -24.519  -63.017  -13.022 0.4000000060
22068  -25.724  -61.241  -12.595 0.4000000060
23826  -26.049  -59.746  -12.591 0.4000000060
23827  -26.909  -59.592  -12.559 0.4000000060
24624  -27.193  -58.331  -12.539 0.4000000060
25402  -27.835  -57.686  -12.553 0.4000000060
26171  -28.273  -56.836  -12.666 0.4000000060
27752  -28.750  -55.258  -12.876 0.4000000060
28650  -28.950  -53.691  -12.745 0.4000000060
32134  -29.709  -49.769  -13.488 0.4000000060
14354  -25.325  -71.585  -12.705 0.8000000119
15802  -26.833  -69.761  -10.222 0.5000000000
14373  -25.258  -73.270  -16.462 0.6999999881
129276  -26.715  -72.841  -17.641 0.6999999881
16583  -26.973  -68.959  -11.910 0.6000000238
15835  -28.209  -69.792  -14.457 0.6999999881
15101  -27.877  -70.717  -15.217 0.6999999881
16592  -28.879  -68.599  -13.619 0.6000000238
15847  -24.369  -69.741  -15.706 0.6999999881
17417  -24.487  -67.912  -14.524 0.6000000238
117674  -29.082  -67.163  -9.836 0.5000000000
17386  -28.804  -67.610  -11.375 0.5000000000
16625  -29.616  -68.562  -17.459 0.5000000000
18233  -27.943  -66.759  -16.229 0.5000000000
18236  -29.295  -66.483  -17.078 0.5000000000
18972  -28.380  -65.157  -16.541 0.4000000060
118955  -30.512  -63.737  -17.560 0.4000000060
21283  -28.726  -62.418  -17.038 0.4000000060
22088  -28.286  -61.870  -15.748 0.4000000060
119674  -27.480  -59.101  -12.620 0.4000000060
30493  -29.688  -51.854  -14.384 0.4000000060
9070  -31.972  -78.979  -15.077 0.4000000060
9683  -32.276  -78.052  -15.256 0.4000000060
10294  -31.687  -77.035  -16.242 0.4000000060
10918  -31.829  -76.196  -17.607 0.4000000060
10293  -31.062  -77.479  -14.915 0.4000000060
10308  -30.384  -77.023  -16.391 0.4000000060
10917  -30.866  -76.248  -17.291 0.4000000060
10916  -29.523  -76.486  -17.032 0.4000000060
11582  -29.893  -75.573  -16.978 0.5000000000
10292  -30.073  -77.403  -15.162 0.4000000060
10313  -28.730  -76.754  -16.945 0.5000000000
121129  -28.944  -75.942  -17.048 0.5000000000
11574  -28.346  -75.744  -15.542 0.6000000238
10277  -29.658  -77.641  -14.126 0.4000000060
10291  -28.981  -77.462  -15.619 0.4000000060
10306  -28.193  -77.287  -16.356 0.4000000060
11575  -29.227  -75.380  -16.138 0.5000000000
122991  -27.822  -68.932  -8.665 0.3000000119
16544  -28.429  -68.514  -8.257 0.4000000060
12251  -29.856  -74.718  -15.056 0.5000000000
13621  -28.430  -72.436  -9.501 0.5000000000
14318  -28.556  -71.318  -8.451 0.4000000060
9652  -27.273  -78.350  -14.180 0.4000000060
134539  -28.519  -75.931  -16.524 0.5000000000
9635  -28.217  -78.083  -13.661 0.4000000060
10276  -28.673  -77.843  -14.583 0.4000000060
11561  -29.016  -75.149  -14.673 0.6000000238
12234  -28.616  -74.572  -12.540 0.6999999881
14330  -27.455  -71.188  -9.509 0.5000000000
12246  -29.640  -74.651  -13.785 0.6999999881
12217  -29.104  -74.148  -11.847 0.6999999881
13632  -28.171  -72.796  -10.184 0.6999999881
12949  -28.488  -73.687  -11.260 0.6999999881
10914  -27.770  -77.096  -16.279 0.5000000000
10905  -27.977  -76.439  -16.191 0.6000000238
11560  -28.070  -75.336  -14.150 0.6000000238
9653  -27.722  -78.174  -15.226 0.4000000060
10290  -27.192  -78.121  -15.961 0.5000000000
10904  -27.298  -76.880  -15.737 0.6000000238
12244  -28.189  -74.948  -13.116 0.6000000238
12233  -27.810  -74.662  -12.515 0.6000000238
18169  -29.957  -66.996  -9.672 0.3000000119
12245  -28.845  -74.875  -13.455 0.6000000238
12216  -28.164  -74.208  -11.854 0.6999999881
13620  -27.648  -72.048  -9.854 0.6000000238
9666  -26.089  -78.862  -15.627 0.6000000238
10902  -25.769  -77.844  -15.969 0.6000000238
10890  -25.935  -76.883  -14.872 0.6999999881
11572  -26.793  -76.558  -14.844 0.6000000238
117151  -27.122  -75.577  -14.066 0.6000000238
130368  -27.131  -74.750  -12.664 0.6000000238
9667  -26.843  -78.513  -15.498 0.5000000000
12215  -27.176  -74.222  -12.012 0.6000000238
12948  -27.656  -73.616  -11.409 0.6999999881
13643  -27.224  -73.016  -11.036 0.6999999881
14329  -27.099  -71.469  -10.037 0.6000000238
128753  -26.988  -71.974  -10.425 0.6999999881
10901  -24.814  -77.965  -16.079 0.6000000238
10889  -25.024  -77.081  -14.987 0.6999999881
11558  -25.309  -76.102  -13.939 0.6999999881
11544  -26.696  -75.111  -13.253 0.6000000238
12214  -26.183  -73.915  -12.041 0.6999999881
12947  -26.791  -73.453  -11.529 0.6999999881
133452  -26.899  -72.450  -10.833 0.6000000238
119212  -24.054  -74.398  -13.736 0.6999999881
12956  -24.487  -73.514  -13.035 0.6999999881
11557  -24.429  -76.258  -14.286 0.6999999881
12230  -24.806  -74.283  -12.842 0.6000000238
12957  -25.296  -73.563  -12.321 0.5000000000
11543  -25.810  -75.153  -13.242 0.6000000238
14346  -25.668  -71.601  -11.768 0.5000000000
12232  -26.433  -74.611  -12.574 0.6000000238
12946  -25.964  -73.157  -11.696 0.6999999881
112999  -26.509  -72.728  -11.257 0.6000000238
12961  -23.980  -73.484  -14.046 0.6999999881
128248  -24.397  -72.893  -13.435 0.6999999881
13662  -24.258  -72.985  -14.493 0.6999999881
13641  -25.826  -72.406  -11.604 0.6000000238
121312  -24.794  -72.802  -12.606 0.6999999881
14331  -28.146  -71.649  -9.172 0.5000000000
123181  -25.372  -72.825  -12.001 0.6000000238
9668  -31.756  -77.831  -14.954 0.4000000060
10922  -30.585  -75.717  -17.293 0.4000000060
122509  -29.477  -77.159  -16.378 0.4000000060
126332  -27.720  -77.957  -15.863 0.4000000060
12932  -28.670  -73.345  -10.614 0.6999999881
12931  -27.956  -73.181  -10.813 0.6999999881
11573  -27.605  -76.163  -15.014 0.6000000238
10289  -26.436  -78.290  -16.100 0.6999999881
10903  -26.600  -77.533  -15.850 0.6000000238
11559  -26.241  -75.831  -13.978 0.6000000238
11542  -24.790  -75.214  -13.353 0.6999999881
12231  -25.546  -74.468  -12.621 0.6000000238
10888  -24.135  -77.189  -15.305 0.5000000000
10288  -25.361  -78.517  -16.050 0.5000000000
11556  -23.573  -76.469  -15.050 0.6000000238
130256  -25.749  -79.086  -14.714 0.4000000060
9649  -24.228  -79.233  -14.859 0.5000000000
112728  -25.239  -79.052  -15.407 0.5000000000
10287  -24.354  -78.467  -16.276 0.5000000000
10887  -23.195  -77.410  -15.942 0.5000000000
11571  -22.684  -76.571  -15.961 0.5000000000
12243  -23.826  -75.494  -14.296 0.6000000238
12960  -23.489  -74.918  -15.013 0.5000000000
12250  -23.134  -75.747  -15.486 0.5000000000
132458  -23.221  -75.192  -16.252 0.6000000238
12963  -23.632  -74.560  -16.270 0.6000000238
9632  -23.798  -79.193  -13.162 0.5000000000
9648  -23.170  -79.159  -14.378 0.5000000000
10303  -22.837  -78.489  -16.153 0.5000000000
10912  -22.234  -77.177  -16.017 0.5000000000
10286  -23.522  -78.242  -16.286 0.5000000000
131420  -23.778  -74.178  -14.773 0.6000000238
12255  -22.486  -75.582  -16.530 0.6000000238
12256  -23.050  -74.858  -16.871 0.5000000000
13672  -24.387  -73.975  -17.237 0.6000000238
9662  -22.056  -78.793  -15.182 0.5000000000
10301  -21.524  -77.758  -15.618 0.5000000000
10302  -22.115  -77.802  -16.026 0.5000000000
11581  -21.851  -76.270  -16.373 0.5000000000
13661  -24.006  -73.880  -15.493 0.6000000238
115067  -22.226  -75.143  -16.862 0.5000000000
119608  -23.631  -74.315  -17.049 0.6000000238
111404  -22.718  -78.985  -13.144 0.5000000000
9646  -21.762  -78.489  -14.389 0.5000000000
10886  -21.346  -76.981  -14.274 0.5000000000
11555  -20.685  -76.202  -14.669 0.5000000000
12227  -20.102  -74.702  -14.364 0.6000000238
11570  -20.735  -76.139  -15.573 0.4000000060
12959  -19.935  -73.999  -14.662 0.4000000060
11554  -20.108  -75.485  -14.930 0.5000000000
11579  -21.125  -75.188  -16.343 0.5000000000
11580  -21.145  -75.984  -16.292 0.4000000060
13667  -20.273  -72.336  -14.666 0.4000000060
117240  -20.254  -72.256  -15.021 0.5000000000
12964  -20.710  -74.350  -15.941 0.5000000000
118287  -20.233  -70.541  -14.515 0.4000000060
124128  -21.551  -73.862  -16.286 0.6000000238
129513  -22.768  -73.964  -16.881 0.6000000238
116541  -23.247  -73.673  -17.077 0.6000000238
15111  -23.714  -71.685  -16.760 0.6000000238
12962  -19.932  -74.140  -15.291 0.5000000000
14372  -20.391  -71.444  -14.926 0.5000000000
15098  -21.259  -70.785  -15.010 0.5000000000
14381  -21.147  -72.443  -15.613 0.5000000000
15839  -19.876  -69.812  -14.099 0.4000000060
15840  -20.869  -69.804  -14.542 0.5000000000
15109  -21.909  -71.928  -15.632 0.6000000238
120437  -22.352  -72.823  -16.386 0.6000000238
15110  -22.628  -71.272  -15.660 0.6000000238
15099  -22.096  -70.019  -14.936 0.5000000000
18217  -22.031  -66.311  -14.281 0.3000000119
17415  -21.716  -67.137  -14.327 0.4000000060
16601  -20.520  -68.855  -14.232 0.4000000060
15846  -23.191  -70.328  -15.520 0.6000000238
127047  -25.041  -61.693  -12.854 0.3000000119
20447  -23.800  -63.191  -13.493 0.3000000119
19700  -23.501  -64.144  -13.677 0.4000000060
18954  -22.867  -64.950  -13.940 0.4000000060
23837  -25.225  -59.726  -13.046 0.3000000119
118767  -27.439  -57.042  -12.466 0.3000000119
24623  -26.535  -58.959  -12.586 0.3000000119
26170  -27.466  -56.359  -12.383 0.3000000119
26925  -28.209  -55.890  -12.498 0.3000000119
27736  -28.506  -54.462  -12.603 0.3000000119
128031  -29.011  -52.768  -12.747 0.3000000119
130963  -29.112  -51.961  -12.801 0.3000000119
121539  -21.208  -67.972  -14.361 0.5000000000
22925  -25.437  -60.415  -12.783 0.3000000119
9682  -23.654  -78.831  -16.220 0.5000000000
12965  -21.706  -74.644  -16.573 0.5000000000
13609  -28.721  -72.144  -8.742 0.3000000119
12950  -29.170  -73.783  -11.083 0.6000000238
13633  -28.856  -73.083  -9.928 0.6000000238
15749  -30.448  -69.950  -7.016 0.3000000119
15023  -29.739  -70.144  -7.210 0.3000000119
128624  -29.226  -70.559  -7.536 0.3000000119
122178  -29.048  -69.771  -7.541 0.3000000119
134486  -29.723  -70.761  -7.207 0.3000000119
15049  -28.475  -70.408  -8.065 0.3000000119
12933  -29.274  -73.587  -10.429 0.6000000238
15751  -31.916  -69.843  -7.094 0.3000000119
15764  -30.774  -69.287  -7.263 0.3000000119
15763  -29.869  -69.302  -7.402 0.3000000119
16532  -29.022  -68.879  -7.723 0.3000000119
14307  -28.969  -71.076  -7.896 0.3000000119
9651  -26.462  -78.762  -14.508 0.4000000060
15766  -32.306  -69.498  -7.601 0.3000000119
15765  -31.545  -69.309  -7.356 0.3000000119
117326  -31.119  -68.701  -7.639 0.3000000119
16533  -29.771  -68.345  -7.788 0.3000000119
11590  -32.792  -75.187  -17.818 0.5000000000
11586  -33.056  -74.987  -16.861 0.5000000000
9669  -32.436  -77.519  -15.758 0.4000000060
10309  -32.697  -76.673  -16.931 0.4000000060
10919  -32.537  -75.469  -17.906 0.4000000060
10920  -33.387  -75.464  -17.309 0.5000000000
12248  -31.306  -74.543  -14.338 0.5000000000
11562  -32.000  -74.676  -15.071 0.5000000000
11584  -31.744  -74.952  -17.514 0.5000000000
11576  -31.916  -74.684  -16.514 0.5000000000
10923  -31.630  -75.546  -17.831 0.4000000060
12219  -31.224  -74.746  -11.907 0.6000000238
12237  -31.160  -74.485  -12.950 0.6000000238
12253  -31.225  -74.594  -15.728 0.5000000000
11583  -30.946  -75.184  -17.263 0.4000000060
12258  -31.242  -74.841  -16.845 0.5000000000
124147  -30.202  -74.167  -11.003 0.6000000238
12236  -30.199  -74.341  -12.919 0.6000000238
12247  -30.470  -74.488  -13.995 0.6000000238
12257  -30.371  -74.852  -16.318 0.4000000060
12252  -30.595  -74.537  -15.110 0.5000000000
12934  -29.794  -73.962  -10.330 0.6000000238
13598  -29.549  -72.604  -7.545 0.3000000119
12897  -29.429  -73.392  -8.696 0.4000000060
12218  -29.747  -74.101  -11.488 0.6000000238
114134  -30.287  -71.930  -6.755 0.3000000119
15024  -30.228  -70.635  -6.934 0.3000000119
13610  -29.202  -72.703  -8.303 0.3000000119
12915  -29.438  -73.551  -9.615 0.5000000000
112259  -29.818  -74.266  -12.186 0.6000000238
130705  -29.636  -73.911  -10.883 0.6000000238
121302  -30.480  -74.378  -11.925 0.6000000238
125081  -29.527  -73.388  -7.868 0.3000000119
12205  -30.945  -74.715  -10.993 0.5000000000
11522  -30.926  -74.942  -9.961 0.5000000000
12204  -30.390  -74.400  -10.246 0.5000000000
11510  -30.586  -75.269  -9.085 0.4000000060
12191  -30.384  -74.664  -9.527 0.5000000000
11523  -31.505  -75.377  -10.516 0.5000000000
127408  -31.624  -75.170  -11.415 0.5000000000
11511  -31.170  -75.745  -9.589 0.4000000060
11494  -30.419  -75.427  -8.261 0.4000000060
12174  -30.089  -74.622  -8.759 0.4000000060
12916  -29.935  -74.191  -9.595 0.5000000000
11546  -31.937  -74.846  -13.629 0.5000000000
11531  -31.830  -75.068  -12.349 0.5000000000
12898  -29.733  -73.934  -8.977 0.4000000060
123101  -35.684  -80.054  -17.518 0.3000000119
122090  -34.802  -80.633  -16.411 0.3000000119
124569  -35.744  -80.316  -16.548 0.3000000119
8487  -37.831  -79.467  -16.771 0.3000000119
8476  -38.320  -80.053  -16.024 0.4000000060
8486  -36.741  -79.694  -17.006 0.3000000119
9081  -37.362  -79.014  -17.681 0.3000000119
7825  -38.447  -80.656  -15.321 0.4000000060
9073  -38.347  -79.524  -15.902 0.4000000060
133995  -37.993  -79.034  -17.234 0.3000000119
9086  -37.272  -78.431  -18.106 0.3000000119
8450  -37.559  -80.243  -13.712 0.4000000060
126989  -37.213  -79.536  -13.953 0.4000000060
9672  -38.229  -78.819  -16.069 0.4000000060
9087  -37.765  -78.620  -17.454 0.4000000060
9695  -36.557  -77.558  -18.400 0.4000000060
131280  -37.448  -77.767  -17.371 0.4000000060
133845  -34.997  -80.213  -11.848 0.3000000119
9050  -36.795  -79.721  -13.072 0.4000000060
9058  -36.380  -79.104  -13.347 0.4000000060
9059  -36.792  -78.822  -14.368 0.4000000060
9670  -36.310  -78.070  -14.898 0.4000000060
9685  -36.574  -77.789  -16.072 0.4000000060
10312  -36.790  -77.426  -17.079 0.4000000060
9027  -33.381  -79.530  -10.511 0.3000000119
9048  -35.129  -79.138  -12.387 0.4000000060
9657  -35.034  -77.998  -13.389 0.4000000060
9640  -35.581  -78.712  -12.938 0.4000000060
10280  -35.413  -77.635  -14.433 0.4000000060
10279  -34.645  -77.128  -14.068 0.4000000060
10296  -35.713  -77.349  -15.598 0.4000000060
10295  -34.993  -76.771  -15.309 0.4000000060
10311  -35.920  -77.044  -16.727 0.4000000060
10316  -36.035  -77.016  -17.621 0.4000000060
9621  -33.519  -78.744  -11.166 0.4000000060
9638  -33.946  -78.068  -11.901 0.4000000060
10892  -33.843  -76.501  -13.875 0.4000000060
10893  -34.363  -76.418  -14.973 0.4000000060
114307  -35.201  -76.559  -17.396 0.4000000060
10310  -35.254  -76.601  -16.382 0.4000000060
134572  -35.553  -76.892  -17.958 0.4000000060
10263  -33.486  -77.290  -11.974 0.4000000060
10881  -33.411  -76.705  -12.714 0.4000000060
11564  -33.342  -75.810  -14.392 0.4000000060
10906  -33.806  -75.909  -15.223 0.4000000060
130952  -33.597  -75.486  -16.332 0.4000000060
10875  -33.023  -76.739  -12.010 0.4000000060
11547  -32.427  -75.494  -13.014 0.4000000060
10866  -31.873  -76.125  -10.157 0.4000000060
10880  -32.775  -76.204  -12.458 0.4000000060
11532  -32.296  -75.708  -12.028 0.4000000060
10850  -30.864  -76.196  -8.597 0.3000000119
11483  -30.662  -75.413  -7.488 0.3000000119
11578  -33.197  -75.341  -15.506 0.4000000060
10873  -32.132  -75.772  -11.120 0.4000000060
12161  -30.126  -74.754  -7.868 0.3000000119
9066  -38.356  -79.706  -15.322 0.4000000060
9065  -37.745  -79.234  -14.967 0.4000000060
9671  -37.365  -78.437  -15.533 0.4000000060
9686  -37.595  -78.061  -16.592 0.4000000060
9040  -34.664  -79.729  -11.754 0.4000000060
9041  -35.452  -79.859  -12.223 0.4000000060
8408  -33.788  -80.361  -10.666 0.3000000119
9658  -35.890  -78.432  -13.808 0.4000000060
134632  -33.046  -78.909  -10.406 0.3000000119
9622  -34.329  -78.901  -11.831 0.4000000060
9639  -34.732  -78.346  -12.509 0.4000000060
111442  -34.209  -77.401  -12.832 0.4000000060
10251  -33.221  -77.856  -11.284 0.4000000060
10891  -33.098  -75.994  -13.411 0.4000000060
10907  -34.422  -76.011  -16.479 0.4000000060
11563  -32.638  -75.285  -14.398 0.4000000060
10874  -32.581  -76.367  -11.630 0.4000000060
7781  -36.548  -81.807  -12.354 0.3000000119
7267  -37.621  -82.571  -14.534 0.3000000119
7284  -37.612  -81.919  -14.867 0.3000000119
7795  -38.214  -81.439  -14.237 0.3000000119
8436  -37.715  -81.066  -13.520 0.3000000119
7824  -38.266  -81.254  -15.124 0.3000000119
8451  -38.345  -80.716  -14.328 0.3000000119
7780  -36.219  -81.020  -12.195 0.3000000119
129847  -37.060  -80.384  -13.031 0.3000000119
8434  -36.327  -80.200  -12.492 0.3000000119
9608  -32.952  -78.340  -10.686 0.3000000119
10250  -32.522  -77.642  -10.543 0.3000000119
10867  -32.364  -76.642  -10.786 0.3000000119
10861  -31.372  -76.656  -9.318 0.3000000119
8421  -35.437  -80.733  -11.858 0.3000000119
10262  -32.834  -77.111  -11.392 0.3000000119
7245  -37.684  -83.124  -14.154 0.3000000119
7812  -38.022  -81.683  -14.586 0.3000000119
7813  -38.498  -81.042  -14.800 0.4000000060
8420  -34.544  -80.568  -11.313 0.3000000119
8435  -36.899  -80.984  -12.727 0.3000000119
8466  -38.523  -80.410  -14.952 0.4000000060
8477  -38.430  -80.107  -15.472 0.4000000060
9039  -33.950  -79.552  -11.241 0.3000000119
9049  -36.020  -79.381  -12.696 0.4000000060
9060  -38.153  -80.002  -14.534 0.4000000060
9082  -38.198  -79.075  -16.687 0.3000000119
9093  -36.717  -78.123  -18.615 0.4000000060
9647  -22.292  -78.958  -14.212 0.5000000000
9650  -24.974  -79.235  -13.975 0.5000000000
9663  -22.727  -79.122  -15.335 0.5000000000
9664  -23.546  -79.180  -15.717 0.5000000000
9665  -24.437  -78.984  -16.018 0.5000000000
9679  -22.046  -78.377  -15.812 0.5000000000
9680  -22.495  -78.848  -15.865 0.5000000000
9681  -23.043  -79.040  -16.069 0.5000000000
9692  -37.906  -78.326  -17.059 0.4000000060
9696  -37.394  -77.927  -17.944 0.4000000060
10285  -21.340  -77.863  -14.844 0.5000000000
10304  -27.107  -77.709  -16.055 0.5000000000
10305  -27.568  -77.670  -16.124 0.4000000060
10307  -28.894  -77.113  -16.617 0.4000000060
10317  -36.797  -77.396  -17.839 0.4000000060
10900  -21.063  -77.021  -15.293 0.4000000060
10911  -21.504  -76.843  -15.907 0.4000000060
10913  -22.753  -77.911  -16.192 0.5000000000
10915  -28.452  -76.514  -16.771 0.5000000000
10921  -28.931  -76.300  -17.106 0.5000000000
11545  -27.499  -75.075  -13.235 0.6000000238
11569  -20.394  -75.416  -15.703 0.5000000000
11577  -32.597  -74.798  -16.014 0.5000000000
11585  -32.447  -74.842  -17.320 0.5000000000
11587  -29.424  -75.982  -17.147 0.5000000000
11588  -31.565  -75.286  -17.680 0.4000000060
11589  -32.280  -75.168  -17.915 0.5000000000
12235  -29.419  -74.495  -12.754 0.6999999881
12249  -19.832  -74.787  -15.108 0.5000000000
12254  -20.205  -74.799  -15.687 0.5000000000
12966  -22.661  -74.551  -16.906 0.6000000238
13583  -30.000  -72.490  -6.986 0.3000000119
13597  -29.138  -71.860  -7.933 0.3000000119
13622  -29.014  -72.869  -9.143 0.5000000000
13631  -27.471  -72.592  -10.500 0.6999999881
13642  -26.349  -71.896  -11.075 0.6000000238
13654  -25.190  -72.192  -12.235 0.8000000119
13669  -20.160  -72.907  -15.092 0.5000000000
13670  -20.773  -73.013  -15.580 0.5000000000
13671  -21.980  -73.251  -16.382 0.6000000238
14299  -29.959  -71.282  -6.976 0.3000000119
14300  -30.598  -71.226  -6.698 0.3000000119
14308  -29.679  -71.908  -7.205 0.3000000119
14338  -26.614  -71.259  -10.552 0.5000000000
14382  -23.382  -72.828  -16.999 0.6000000238
14386  -25.860  -72.713  -17.606 0.6999999881
14388  -27.298  -72.664  -17.847 0.6999999881
14391  -27.185  -72.369  -18.208 0.6999999881
15035  -32.550  -70.194  -7.252 0.3000000119
15048  -27.919  -70.791  -8.848 0.5000000000
15131  -28.088  -71.492  -18.163 0.6000000238
15132  -29.086  -70.751  -17.638 0.5000000000
15750  -31.233  -69.882  -6.945 0.3000000119
15784  -28.384  -69.406  -8.105 0.4000000060
15827  -27.246  -69.084  -12.737 0.6000000238
15851  -30.353  -69.198  -16.473 0.5000000000
15860  -30.097  -69.740  -17.095 0.5000000000
15862  -27.507  -71.004  -18.162 0.6000000238
16534  -30.441  -68.740  -7.575 0.3000000119
16608  -30.561  -68.399  -15.841 0.5000000000
16615  -26.867  -68.235  -16.230 0.6000000238
16623  -30.124  -69.080  -17.468 0.5000000000
17359  -27.700  -68.001  -9.395 0.5000000000
17406  -25.702  -66.977  -14.163 0.5000000000
17409  -31.114  -67.101  -14.097 0.3000000119
17432  -29.675  -67.464  -17.142 0.4000000060
18221  -27.016  -66.301  -14.896 0.5000000000
18238  -29.959  -67.379  -17.032 0.4000000060
18943  -25.572  -65.077  -12.934 0.5000000000
18971  -28.236  -65.950  -16.406 0.4000000060
19689  -24.283  -64.580  -13.326 0.5000000000
19692  -26.706  -64.071  -12.810 0.4000000060
19725  -30.212  -64.532  -17.447 0.4000000060
19726  -30.576  -64.387  -17.204 0.4000000060
20448  -27.638  -63.237  -13.310 0.4000000060
20449  -28.157  -63.026  -14.153 0.4000000060
20472  -30.725  -62.978  -17.498 0.4000000060
21250  -24.763  -62.299  -12.935 0.3000000119
21278  -28.363  -62.520  -16.272 0.4000000060
22097  -28.918  -61.655  -17.155 0.4000000060
22926  -26.133  -60.538  -12.545 0.4000000060
22928  -30.301  -60.695  -13.499 0.4000000060
22954  -30.632  -60.325  -16.692 0.4000000060
23829  -30.405  -59.408  -12.818 0.4000000060
24651  -29.083  -58.669  -16.543 0.4000000060
25424  -28.817  -58.038  -16.101 0.4000000060
27737  -28.997  -54.459  -12.989 0.4000000060
29583  -29.409  -52.490  -13.191 0.4000000060
30470  -29.324  -51.209  -12.940 0.3000000119
31382  -29.714  -51.142  -13.705 0.4000000060
112255  -29.631  -69.427  -17.557 0.5000000000
113441  -20.142  -71.407  -14.438 0.4000000060
114182  -25.157  -62.809  -12.654 0.5000000000
116477  -24.034  -77.939  -16.206 0.5000000000
116792  -36.598  -78.757  -18.556 0.3000000119
117316  -28.643  -70.914  -17.859 0.6000000238
117483  -27.684  -59.890  -12.734 0.4000000060
119542  -27.390  -68.430  -9.786 0.4000000060
120211  -29.447  -71.238  -7.456 0.3000000119
120212  -37.873  -82.229  -14.159 0.3000000119
121699  -30.813  -63.318  -15.426 0.3000000119
121777  -23.606  -67.458  -14.311 0.6000000238
121932  -21.757  -75.658  -16.606 0.5000000000
122127  -30.601  -65.085  -16.384 0.3000000119
122155  -24.537  -65.962  -13.476 0.5000000000
122447  -29.662  -50.229  -14.942 0.4000000060
122724  -25.018  -71.735  -13.703 0.8000000119
123303  -19.999  -73.325  -14.957 0.4000000060
124267  -25.723  -62.946  -12.465 0.4000000060
125427  -28.351  -60.241  -15.216 0.4000000060
125785  -28.165  -77.794  -15.625 0.4000000060
126091  -20.296  -73.567  -15.488 0.5000000000
127137  -37.282  -82.763  -14.915 0.3000000119
128000  -30.340  -68.808  -17.208 0.5000000000
128786  -32.685  -75.197  -17.960 0.4000000060
129263  -21.604  -78.329  -15.237 0.5000000000
130657  -30.486  -60.947  -14.500 0.4000000060
131790  -31.991  -75.413  -11.703 0.4000000060
131971  -27.660  -72.325  -17.242 0.6000000238
132511  -34.228  -80.043  -11.254 0.3000000119
