#!ascii label  , from subject bert vox2ras=TkReg
1632
24621  -20.511  -57.813  -12.579 0.5000000000
24614  -20.778  -58.111  -11.961 0.4000000060
25393  -20.784  -57.423  -12.104 0.6000000238
120968  -20.671  -56.802  -12.403 0.6000000238
26935  -20.732  -55.544  -12.696 0.6000000238
26167  -20.660  -56.060  -12.546 0.5000000000
27748  -21.637  -54.634  -13.234 0.6000000238
26159  -20.610  -55.866  -12.043 0.6999999881
119141  -21.228  -57.622  -11.692 0.6999999881
26921  -20.189  -55.158  -12.123 0.6999999881
27747  -20.599  -54.848  -12.620 0.6999999881
28661  -22.485  -53.371  -13.466 0.5000000000
124017  -21.707  -53.898  -13.264 0.6999999881
26937  -22.696  -55.257  -13.559 0.5000000000
22856  -21.765  -60.910  -5.692 0.5000000000
26149  -20.935  -55.767  -11.680 0.6999999881
26910  -20.442  -55.161  -11.816 0.6999999881
27732  -19.935  -54.275  -12.096 0.6999999881
128578  -19.905  -53.695  -11.960 0.6999999881
121379  -19.866  -53.359  -12.153 0.6999999881
131182  -20.017  -54.584  -11.932 0.6999999881
114378  -19.882  -52.729  -11.990 0.6999999881
123825  -22.947  -52.121  -13.495 0.6000000238
25366  -25.958  -57.277  -10.387 0.6999999881
115552  -24.963  -56.188  -11.011 0.6999999881
26150  -21.864  -55.969  -11.455 0.6999999881
26151  -23.097  -56.461  -11.359 0.6999999881
22867  -21.251  -60.222  -6.219 0.6000000238
22020  -19.517  -61.735  -6.693 0.4000000060
26894  -21.003  -55.318  -11.532 0.6999999881
28660  -21.062  -53.166  -12.866 0.6999999881
29589  -22.164  -52.575  -13.396 0.6999999881
30478  -21.497  -51.344  -12.614 0.6999999881
120234  -23.825  -52.081  -13.529 0.6000000238
26141  -26.544  -56.807  -10.031 0.6999999881
26152  -24.184  -56.815  -11.203 0.6999999881
26140  -25.918  -56.335  -10.542 0.6999999881
132180  -26.213  -55.677  -10.455 0.6999999881
24533  -23.063  -59.055  -6.064 0.6000000238
127690  -24.701  -55.497  -11.191 0.6999999881
26896  -22.980  -55.597  -11.414 0.6999999881
26897  -24.029  -55.974  -11.386 0.6999999881
26898  -25.543  -55.415  -10.763 0.6999999881
27708  -25.663  -54.570  -10.673 0.6999999881
128703  -19.708  -60.367  -6.633 0.5000000000
22866  -20.430  -60.320  -6.474 0.5000000000
124276  -20.244  -52.793  -11.822 0.6999999881
28614  -20.934  -53.681  -11.748 0.6999999881
28618  -25.303  -53.743  -10.853 0.6999999881
22865  -19.164  -60.848  -6.745 0.4000000060
28646  -20.059  -52.653  -12.252 0.6999999881
27704  -21.914  -54.337  -11.494 0.6999999881
27706  -23.819  -54.375  -11.369 0.6999999881
27707  -24.830  -54.672  -11.167 0.6999999881
22019  -18.743  -61.580  -7.102 0.4000000060
122882  -24.440  -53.888  -11.212 0.6999999881
28617  -24.520  -53.138  -11.145 0.6999999881
29588  -21.208  -52.275  -12.689 0.6999999881
29578  -20.450  -51.985  -12.086 0.6999999881
29557  -22.669  -51.896  -11.233 0.6999999881
29558  -23.660  -52.530  -11.208 0.6999999881
30479  -22.220  -51.809  -13.305 0.6999999881
30447  -21.926  -51.329  -11.354 0.6999999881
31379  -24.026  -50.599  -13.644 0.6000000238
32129  -22.590  -49.758  -13.241 0.6999999881
114223  -22.085  -50.482  -12.915 0.6999999881
33600  -25.218  -47.978  -13.627 0.5000000000
32132  -24.977  -49.310  -13.708 0.5000000000
131317  -26.408  -48.551  -12.918 0.4000000060
32133  -25.853  -49.095  -13.186 0.5000000000
27695  -26.913  -54.279  -9.874 0.6999999881
24552  -23.229  -58.251  -6.163 0.6000000238
118861  -22.957  -54.801  -11.431 0.6999999881
23753  -21.604  -59.472  -6.375 0.5000000000
29572  -20.421  -52.127  -11.955 0.6999999881
125065  -21.429  -52.973  -11.701 0.6999999881
30466  -21.096  -51.200  -12.137 0.6999999881
31342  -21.621  -50.884  -11.562 0.6999999881
122688  -23.352  -47.502  -13.636 0.6999999881
31378  -23.006  -50.561  -13.377 0.6999999881
116346  -23.821  -48.346  -13.653 0.6999999881
32130  -23.307  -49.112  -13.540 0.6999999881
33599  -24.405  -47.728  -13.740 0.6999999881
26102  -26.942  -56.883  -6.422 0.6999999881
26121  -28.007  -56.351  -7.037 0.6999999881
26864  -28.154  -55.869  -7.564 0.8000000119
27682  -28.304  -55.065  -8.085 0.8000000119
118289  -26.221  -57.132  -6.065 0.6000000238
26085  -26.994  -55.978  -6.215 0.6000000238
26103  -27.653  -56.300  -6.662 0.6000000238
26875  -28.027  -55.704  -8.439 0.8000000119
25307  -25.651  -56.970  -5.816 0.6000000238
26083  -25.213  -56.395  -5.713 0.6000000238
122351  -27.290  -55.111  -9.686 0.6999999881
24553  -24.051  -58.026  -5.943 0.6000000238
25306  -24.974  -57.130  -5.704 0.6000000238
24551  -22.477  -58.574  -6.373 0.6000000238
25325  -23.449  -57.427  -6.267 0.6000000238
27694  -26.171  -54.014  -10.347 0.6999999881
23752  -20.802  -59.557  -6.600 0.5000000000
24550  -21.813  -58.238  -6.700 0.6000000238
28601  -26.678  -53.476  -9.908 0.6999999881
117035  -25.218  -52.889  -10.783 0.6999999881
30460  -20.829  -51.391  -12.199 0.6999999881
29556  -21.340  -52.132  -11.603 0.6999999881
32854  -22.556  -48.100  -13.364 0.8000000119
122126  -22.125  -48.864  -13.154 0.6999999881
31356  -21.281  -50.766  -11.902 0.6999999881
30449  -23.873  -51.553  -11.011 0.6999999881
31376  -21.440  -50.500  -12.324 0.6999999881
32107  -21.430  -49.792  -12.031 0.6999999881
33601  -25.847  -47.503  -13.435 0.5000000000
33587  -26.514  -47.887  -12.950 0.5000000000
34407  -26.597  -47.062  -13.056 0.5000000000
33588  -27.455  -47.591  -12.630 0.4000000060
26104  -28.091  -55.747  -6.823 0.6999999881
26850  -28.467  -54.925  -7.102 0.8000000119
112975  -28.579  -54.225  -7.866 0.8999999762
26084  -26.149  -56.367  -5.891 0.6000000238
28603  -28.435  -53.599  -8.535 0.8000000119
27697  -28.203  -54.375  -8.684 0.8000000119
28602  -27.837  -53.711  -9.157 0.8000000119
26082  -24.407  -56.501  -5.882 0.6000000238
26101  -23.642  -56.598  -6.275 0.6000000238
128997  -27.245  -53.772  -9.553 0.8000000119
24549  -20.227  -58.731  -6.943 0.6000000238
25324  -22.550  -57.605  -6.530 0.6000000238
132709  -22.999  -56.797  -6.562 0.6000000238
29544  -26.819  -52.195  -9.706 0.6999999881
23751  -19.914  -59.669  -6.727 0.5000000000
30438  -25.717  -51.514  -10.206 0.6999999881
30439  -26.396  -51.506  -9.845 0.6999999881
22879  -19.079  -59.960  -6.902 0.5000000000
23771  -19.298  -59.123  -7.152 0.5000000000
29560  -25.450  -52.240  -10.457 0.6999999881
29559  -24.645  -52.307  -10.908 0.6999999881
128523  -22.356  -47.278  -13.360 0.8000000119
32128  -21.778  -49.547  -12.692 0.8000000119
31363  -21.312  -50.632  -12.119 0.6999999881
32091  -21.793  -49.399  -11.678 0.6999999881
30448  -22.877  -51.169  -11.147 0.6999999881
133465  -21.583  -49.158  -12.457 0.6999999881
32857  -25.835  -48.273  -13.312 0.5000000000
26837  -27.202  -55.192  -5.978 0.6999999881
27646  -27.583  -54.380  -5.805 0.6999999881
26849  -27.929  -55.032  -6.396 0.6999999881
28571  -28.731  -53.864  -7.042 0.8000000119
26836  -26.386  -55.465  -5.764 0.6999999881
27657  -28.330  -54.221  -6.339 0.8000000119
28587  -29.191  -52.564  -7.848 0.8000000119
26835  -25.507  -55.640  -5.667 0.6000000238
118242  -28.079  -52.965  -9.086 0.6999999881
25322  -21.007  -58.031  -7.084 0.6000000238
25323  -21.656  -57.326  -6.949 0.6000000238
29545  -27.606  -52.246  -9.453 0.6999999881
30440  -27.120  -51.485  -9.606 0.8000000119
23770  -18.392  -59.331  -7.507 0.4000000060
30450  -24.926  -51.545  -10.601 0.6999999881
31334  -26.026  -50.954  -10.031 0.6999999881
22888  -16.691  -60.872  -8.665 0.4000000060
31345  -24.522  -50.265  -10.551 0.6999999881
122566  -25.282  -50.774  -10.350 0.6999999881
33598  -21.656  -47.475  -13.035 0.8000000119
32839  -21.569  -48.180  -12.551 0.8000000119
31344  -23.615  -50.592  -10.966 0.6999999881
32092  -22.579  -49.253  -11.327 0.6999999881
133587  -24.043  -46.198  -14.177 0.8000000119
34417  -24.838  -46.261  -14.157 0.6999999881
123150  -25.060  -47.166  -13.793 0.5000000000
35195  -27.357  -45.268  -13.306 0.5000000000
129466  -27.936  -47.170  -12.569 0.4000000060
28550  -28.065  -53.475  -5.703 0.6000000238
28560  -29.085  -52.892  -6.983 0.8000000119
27644  -25.784  -54.967  -5.542 0.6999999881
26834  -24.629  -55.705  -5.769 0.6999999881
29533  -29.059  -52.094  -8.523 0.8000000119
26848  -23.852  -55.781  -6.160 0.6000000238
29534  -29.413  -51.935  -7.988 0.8000000119
116398  -22.976  -55.714  -6.737 0.6000000238
30429  -28.792  -51.468  -9.038 0.8000000119
30441  -28.001  -51.495  -9.420 0.8000000119
25341  -20.787  -57.050  -7.329 0.6000000238
26118  -21.470  -56.316  -7.338 0.6000000238
31335  -26.634  -50.818  -9.805 0.8999999762
31336  -27.553  -50.648  -9.552 0.8000000119
115408  -25.204  -50.069  -10.333 0.8000000119
31346  -26.021  -50.246  -10.178 0.8000000119
24565  -19.216  -58.233  -7.504 0.5000000000
118375  -24.949  -48.341  -10.638 0.8000000119
24564  -18.356  -58.435  -7.894 0.4000000060
34415  -22.158  -45.958  -13.322 0.8000000119
33597  -21.538  -47.770  -12.820 0.8000000119
33579  -21.539  -47.920  -12.459 0.8000000119
32817  -21.981  -48.600  -11.660 0.8000000119
118734  -23.913  -49.885  -10.795 0.6999999881
34416  -23.269  -46.069  -13.817 0.8000000119
32832  -21.556  -48.682  -12.087 0.8000000119
118372  -23.103  -49.897  -11.179 0.6999999881
33563  -21.726  -48.000  -11.979 0.8000000119
35192  -23.969  -45.542  -14.210 0.8000000119
34400  -21.727  -46.625  -12.617 0.8000000119
124157  -25.738  -45.790  -13.902 0.6000000238
35193  -24.986  -45.416  -14.369 0.6000000238
34419  -26.741  -46.108  -13.332 0.5000000000
28549  -27.085  -53.636  -5.289 0.6000000238
29520  -28.828  -52.684  -6.185 0.6999999881
29521  -29.242  -52.086  -6.554 0.6999999881
29524  -29.442  -52.071  -7.317 0.6999999881
27643  -24.921  -54.844  -5.593 0.6000000238
117042  -25.575  -54.280  -5.391 0.6000000238
28540  -26.590  -52.883  -4.844 0.6000000238
129217  -24.884  -54.061  -5.506 0.6000000238
30430  -29.299  -51.409  -8.422 0.8000000119
27656  -24.073  -54.951  -5.941 0.6000000238
121172  -29.452  -50.832  -8.151 0.6999999881
121095  -28.399  -50.884  -9.297 0.8000000119
119430  -19.982  -56.770  -7.793 0.3000000119
124992  -27.146  -49.258  -9.969 0.8000000119
32821  -25.948  -48.912  -10.367 0.8000000119
32096  -26.391  -49.478  -10.210 0.8000000119
33566  -24.350  -47.936  -10.902 0.8000000119
33586  -21.514  -47.132  -12.803 0.8000000119
32818  -22.897  -48.529  -11.280 0.8000000119
32819  -24.420  -48.745  -10.711 0.8000000119
32094  -24.629  -49.523  -10.534 0.6999999881
33564  -22.209  -47.742  -11.747 0.8000000119
115788  -21.985  -46.964  -12.217 0.8000000119
127188  -24.412  -44.912  -14.323 0.6999999881
111221  -26.389  -45.195  -13.757 0.6000000238
35196  -28.490  -45.287  -12.918 0.3000000119
29512  -27.518  -52.800  -5.117 0.6000000238
118992  -28.417  -51.853  -5.369 0.6999999881
29514  -28.835  -51.992  -5.876 0.6999999881
31313  -29.441  -50.627  -6.438 0.6999999881
29518  -20.782  -52.607  -7.642 0.5000000000
28548  -26.114  -53.646  -5.101 0.6000000238
31316  -29.557  -50.561  -7.366 0.6999999881
26119  -22.085  -55.492  -7.285 0.5000000000
127552  -23.467  -55.022  -6.421 0.5000000000
28547  -25.246  -53.506  -5.332 0.6000000238
31326  -29.367  -50.137  -8.168 0.6999999881
26862  -20.189  -54.634  -8.400 0.3000000119
32076  -29.001  -49.784  -8.794 0.8000000119
129559  -28.581  -48.701  -9.352 0.8000000119
32087  -28.480  -49.380  -9.272 0.8000000119
131306  -26.206  -48.333  -10.341 0.8999999762
32811  -27.381  -48.503  -10.039 0.8999999762
32812  -27.887  -48.970  -9.653 0.8000000119
25340  -19.293  -57.274  -7.881 0.4000000060
33567  -25.180  -47.730  -10.656 0.8999999762
115231  -25.577  -48.305  -10.475 0.8999999762
33554  -26.796  -48.023  -10.270 0.8999999762
35932  -22.683  -44.258  -13.320 0.8000000119
35190  -22.039  -45.474  -13.041 0.8000000119
33565  -23.332  -47.802  -11.248 0.8000000119
134386  -23.753  -48.465  -11.011 0.8000000119
35191  -22.744  -45.212  -13.502 0.8000000119
35933  -24.341  -44.216  -14.281 0.6999999881
35194  -25.644  -45.106  -14.154 0.6000000238
36664  -27.460  -43.800  -13.633 0.6000000238
29506  -27.865  -52.016  -5.000 0.6000000238
30415  -28.740  -51.307  -5.526 0.6999999881
31311  -29.095  -50.621  -5.710 0.6999999881
28539  -25.675  -52.832  -4.977 0.6000000238
27667  -22.272  -53.881  -7.371 0.6000000238
27655  -23.485  -54.061  -6.351 0.5000000000
28546  -24.497  -53.439  -5.641 0.6000000238
125037  -29.563  -49.964  -6.749 0.6999999881
32801  -29.651  -48.763  -8.054 0.8000000119
116279  -21.020  -53.874  -8.107 0.4000000060
32077  -29.408  -49.436  -8.300 0.6999999881
26117  -20.591  -56.013  -7.822 0.4000000060
34373  -26.888  -47.126  -10.350 0.8000000119
33556  -28.471  -47.397  -9.773 0.8000000119
34385  -24.679  -46.382  -11.041 0.8999999762
33568  -26.016  -47.580  -10.439 0.8000000119
123392  -28.165  -48.224  -9.731 0.8000000119
130457  -25.524  -46.241  -10.803 0.8000000119
35161  -22.315  -45.396  -12.454 0.8000000119
134596  -23.531  -45.471  -11.592 0.8000000119
117633  -23.910  -47.076  -11.132 0.6999999881
35925  -22.294  -44.870  -12.982 0.8000000119
34384  -23.475  -46.121  -11.507 0.8000000119
115119  -22.808  -46.956  -11.615 0.8000000119
115443  -23.551  -44.618  -13.920 0.8000000119
35917  -22.430  -44.765  -12.664 0.8000000119
36676  -25.834  -43.551  -14.406 0.6999999881
130513  -26.360  -43.092  -14.299 0.6999999881
37483  -27.237  -42.073  -14.177 0.6000000238
38330  -27.882  -41.812  -14.126 0.6000000238
38342  -28.318  -41.218  -14.309 0.6000000238
29504  -26.156  -52.094  -4.716 0.6000000238
126635  -28.862  -49.921  -5.258 0.8000000119
28544  -22.738  -52.812  -5.812 0.5000000000
29511  -24.734  -52.673  -5.437 0.5000000000
32068  -29.607  -49.544  -7.490 0.6999999881
28558  -23.102  -53.199  -6.307 0.5000000000
28545  -23.808  -53.367  -6.004 0.5000000000
32063  -29.629  -49.238  -6.592 0.8000000119
32791  -29.847  -48.632  -7.169 0.8000000119
28557  -22.340  -53.146  -6.516 0.5000000000
32802  -29.603  -48.048  -8.550 0.8000000119
32813  -29.179  -48.887  -8.846 0.8000000119
122896  -29.050  -47.987  -9.270 0.8000000119
33546  -29.683  -47.331  -8.932 0.8000000119
33555  -27.600  -47.688  -10.121 0.8000000119
34387  -26.145  -46.620  -10.577 0.8000000119
35918  -22.720  -44.032  -12.341 0.8000000119
35163  -24.271  -45.414  -11.391 0.8000000119
36663  -23.466  -43.648  -13.736 0.8000000119
35926  -22.436  -44.089  -12.830 0.8000000119
36675  -25.171  -43.295  -14.531 0.6999999881
36674  -24.496  -43.460  -14.284 0.6999999881
37482  -26.495  -42.401  -14.327 0.6999999881
119682  -25.197  -42.061  -14.478 0.6999999881
37481  -25.680  -42.745  -14.499 0.6999999881
116046  -25.928  -42.018  -14.470 0.6999999881
38341  -26.566  -41.511  -14.420 0.6999999881
123599  -26.987  -49.531  -4.489 0.8000000119
30412  -27.495  -51.327  -4.662 0.6000000238
123782  -27.757  -49.831  -4.577 0.6000000238
122392  -28.445  -49.251  -4.768 0.8000000119
31289  -22.594  -50.347  -3.942 0.6000000238
121350  -23.337  -51.226  -4.560 0.5000000000
120535  -25.265  -51.983  -5.068 0.6000000238
31302  -26.153  -50.556  -4.585 0.6000000238
32054  -29.148  -49.093  -5.298 0.8000000119
32034  -21.004  -49.638  -3.866 0.6000000238
32035  -21.908  -49.956  -3.751 0.6000000238
32048  -23.260  -49.908  -4.220 0.6000000238
30408  -24.102  -51.236  -4.874 0.5000000000
29503  -24.434  -51.851  -5.319 0.5000000000
32776  -20.061  -47.734  -5.044 0.5000000000
32046  -20.346  -49.004  -4.345 0.5000000000
32047  -21.875  -49.083  -3.987 0.6000000238
131960  -22.519  -49.638  -3.957 0.6000000238
29509  -23.339  -52.521  -5.677 0.5000000000
30409  -24.896  -51.229  -5.028 0.5000000000
32784  -29.747  -48.462  -6.336 0.8000000119
32792  -29.914  -47.957  -7.709 0.8000000119
33500  -21.015  -47.627  -4.865 0.5000000000
125967  -23.927  -52.360  -5.678 0.5000000000
32775  -19.226  -48.059  -5.356 0.4000000060
128417  -24.086  -52.881  -5.805 0.5000000000
33547  -30.081  -47.358  -8.220 0.6999999881
35154  -28.573  -45.843  -10.184 0.8000000119
33557  -29.189  -47.198  -9.412 0.8000000119
34376  -29.663  -46.619  -9.282 0.6999999881
35165  -26.106  -45.649  -10.786 0.8000000119
34388  -26.940  -46.168  -10.539 0.8000000119
34375  -28.874  -46.601  -9.766 0.8000000119
34374  -27.874  -46.661  -10.234 0.8000000119
35166  -27.697  -45.654  -10.505 0.8000000119
37467  -23.247  -42.897  -13.223 0.8999999762
36656  -22.773  -43.425  -12.564 0.8999999762
116105  -23.464  -44.923  -11.702 0.8000000119
35164  -25.229  -45.572  -11.033 0.8000000119
35902  -22.729  -44.722  -12.089 1.0000000000
35904  -24.240  -44.484  -11.544 0.8000000119
37468  -24.018  -42.855  -13.832 0.8000000119
38339  -24.421  -42.098  -13.990 0.6999999881
127187  -26.889  -48.852  -4.477 0.8000000119
32766  -28.082  -48.535  -4.607 0.8000000119
32767  -28.860  -48.203  -4.821 0.8000000119
114971  -22.881  -48.969  -4.214 0.6000000238
32052  -26.219  -49.163  -4.469 0.6000000238
133328  -26.433  -49.903  -4.487 0.6000000238
33509  -29.433  -47.716  -5.281 0.8000000119
32759  -21.485  -48.301  -4.400 0.5000000000
32049  -23.678  -49.236  -4.381 0.6000000238
123202  -25.733  -49.852  -4.527 0.6000000238
32777  -29.472  -48.380  -5.542 0.8000000119
33529  -29.840  -47.759  -5.957 0.8000000119
33520  -30.189  -47.098  -6.288 0.6999999881
33501  -22.047  -47.699  -4.689 0.5000000000
121903  -24.467  -49.003  -4.463 0.6000000238
33516  -19.459  -47.370  -5.677 0.4000000060
33518  -21.493  -47.026  -5.243 0.4000000060
33538  -30.334  -47.277  -7.478 0.6999999881
34329  -21.162  -46.403  -5.697 0.4000000060
34330  -21.968  -46.354  -5.469 0.4000000060
33503  -24.003  -47.557  -4.561 0.4000000060
34366  -30.170  -46.687  -8.642 0.6999999881
35108  -21.949  -45.576  -5.897 0.4000000060
35109  -23.382  -45.950  -5.265 0.5000000000
35155  -29.453  -45.859  -9.701 0.6999999881
34343  -21.131  -45.803  -6.083 0.3000000119
34331  -23.642  -46.754  -4.841 0.5000000000
127182  -26.328  -44.843  -10.911 0.8000000119
111336  -26.920  -45.253  -10.742 0.8000000119
35167  -28.303  -45.030  -10.514 0.8000000119
35891  -29.164  -45.124  -10.152 0.8000000119
37461  -23.002  -42.868  -12.767 0.8000000119
36648  -24.139  -43.500  -11.645 0.8000000119
37451  -24.555  -42.677  -11.505 0.8000000119
128879  -24.965  -44.882  -11.289 0.8000000119
35920  -26.050  -44.164  -11.087 0.8000000119
35906  -26.943  -44.322  -10.972 0.8000000119
115084  -23.323  -42.215  -12.571 1.0000000000
36650  -25.718  -43.448  -11.200 0.8000000119
37438  -23.675  -42.694  -11.850 0.8000000119
36649  -25.021  -43.279  -11.356 0.8000000119
111872  -24.769  -41.336  -14.292 0.6999999881
38340  -25.659  -41.381  -14.514 0.6999999881
115282  -25.786  -40.084  -14.999 0.6999999881
39263  -26.167  -40.733  -14.665 0.6999999881
112251  -26.967  -40.724  -14.518 0.6999999881
39265  -28.219  -40.394  -14.519 0.6000000238
39264  -27.443  -40.149  -14.612 0.6999999881
133548  -26.154  -39.682  -15.133 0.6999999881
40176  -28.654  -39.294  -14.696 0.6000000238
131020  -28.052  -39.674  -14.697 0.6000000238
32053  -27.583  -49.033  -4.530 0.8000000119
33508  -28.058  -47.951  -4.581 0.8000000119
128449  -25.761  -48.557  -4.486 0.8000000119
33506  -26.653  -47.545  -4.494 0.8000000119
32765  -27.307  -48.221  -4.514 0.8000000119
34324  -29.070  -47.134  -4.851 0.8000000119
32760  -22.227  -48.427  -4.319 0.5000000000
32761  -23.616  -48.376  -4.447 0.6000000238
32762  -24.411  -48.194  -4.475 0.5000000000
32764  -26.414  -48.349  -4.489 0.8000000119
117692  -29.730  -47.092  -5.552 0.6999999881
33519  -22.263  -47.024  -5.059 0.4000000060
33505  -25.726  -47.775  -4.517 0.6999999881
32051  -25.365  -49.127  -4.495 0.6999999881
34344  -30.472  -46.384  -6.473 0.6999999881
132412  -21.547  -46.020  -5.770 0.3000000119
119954  -30.478  -46.945  -6.945 0.6999999881
34357  -30.659  -46.263  -7.275 0.6999999881
35148  -30.555  -45.150  -8.647 0.6999999881
35110  -24.109  -45.283  -5.364 0.5000000000
35886  -30.053  -44.981  -9.622 0.6999999881
35860  -22.524  -44.443  -6.301 0.4000000060
35847  -23.728  -44.600  -5.690 0.4000000060
35907  -27.967  -44.164  -10.859 0.8000000119
126851  -27.555  -44.887  -10.732 0.8000000119
36638  -27.284  -43.440  -10.996 0.8000000119
37440  -27.546  -42.641  -10.971 0.6999999881
36637  -26.469  -43.517  -11.100 0.8000000119
113775  -23.265  -42.279  -12.940 0.8999999762
129603  -23.652  -42.204  -13.372 0.8999999762
38324  -23.184  -41.485  -12.836 0.8999999762
38313  -23.402  -41.389  -12.235 0.8000000119
38314  -24.691  -41.175  -11.514 0.8000000119
38338  -23.754  -41.233  -13.621 0.8999999762
129249  -23.304  -41.609  -13.113 0.8000000119
39261  -24.251  -40.463  -14.173 0.8999999762
38331  -28.617  -42.013  -13.983 0.4000000060
39262  -25.279  -40.664  -14.621 0.8000000119
40173  -25.535  -39.234  -15.208 0.6999999881
40174  -26.632  -40.008  -14.827 0.6999999881
41025  -28.683  -38.001  -15.369 0.5000000000
33507  -27.577  -47.314  -4.529 0.6999999881
34321  -26.067  -46.892  -4.555 0.6999999881
132421  -28.820  -46.356  -4.738 0.6999999881
126930  -22.600  -45.896  -5.518 0.4000000060
35111  -25.725  -45.450  -4.845 0.6000000238
123533  -27.589  -46.519  -4.552 0.6999999881
131466  -30.087  -46.565  -5.876 0.6999999881
34336  -30.207  -45.864  -5.832 0.6999999881
35124  -30.661  -45.456  -6.572 0.6999999881
35138  -30.717  -45.321  -7.590 0.6999999881
114804  -25.087  -44.976  -5.202 0.5000000000
36590  -23.912  -43.917  -5.689 0.4000000060
36601  -23.358  -43.418  -5.946 0.3000000119
36592  -25.387  -43.450  -5.419 0.5000000000
36640  -29.345  -43.819  -10.387 0.6999999881
35887  -30.684  -44.109  -9.069 0.6999999881
36591  -24.705  -43.698  -5.564 0.4000000060
36639  -28.096  -43.254  -10.798 0.6999999881
132159  -29.548  -44.483  -10.148 0.6999999881
113269  -28.924  -43.138  -10.623 0.6999999881
113620  -23.860  -41.040  -11.730 0.8000000119
118426  -25.023  -42.048  -11.402 0.8000000119
37452  -25.419  -42.783  -11.301 0.8000000119
37453  -26.043  -42.277  -11.375 0.8000000119
39246  -22.829  -40.574  -12.774 0.8000000119
39260  -22.975  -40.247  -13.898 0.8000000119
115091  -22.210  -39.800  -13.839 0.8000000119
39252  -22.919  -40.611  -13.305 0.8999999762
40172  -23.502  -39.607  -14.445 0.8999999762
41010  -24.175  -38.872  -14.948 0.8000000119
41011  -28.065  -38.848  -15.063 0.6999999881
41023  -26.109  -38.509  -15.553 0.6999999881
40184  -26.516  -39.289  -15.212 0.6999999881
41875  -25.532  -37.539  -15.869 0.6999999881
34323  -28.267  -46.792  -4.621 0.6999999881
35112  -26.605  -45.120  -4.786 0.6000000238
118548  -27.254  -44.400  -4.773 0.6000000238
35113  -27.595  -45.175  -4.705 0.6999999881
35852  -28.977  -44.868  -4.863 0.6999999881
34334  -28.944  -45.664  -4.783 0.6999999881
34335  -29.520  -46.288  -5.204 0.6999999881
34333  -24.916  -45.733  -4.916 0.5000000000
35101  -26.337  -46.040  -4.614 0.6000000238
127433  -29.665  -44.500  -5.342 0.6999999881
35114  -29.657  -45.360  -5.239 0.6999999881
35115  -30.297  -45.005  -5.790 0.6999999881
35849  -25.427  -44.178  -5.337 0.5000000000
128489  -25.830  -44.780  -5.044 0.5000000000
35862  -30.873  -44.623  -6.992 0.6999999881
131647  -26.572  -43.080  -4.945 0.6000000238
36621  -31.206  -43.634  -8.181 0.6999999881
36624  -30.493  -43.263  -9.616 0.6999999881
37422  -30.999  -43.127  -8.855 0.6999999881
36641  -29.784  -43.076  -10.230 0.6999999881
38250  -25.286  -41.343  -5.405 0.3000000119
37442  -29.170  -42.399  -10.550 0.6999999881
130238  -25.562  -41.583  -11.476 0.8000000119
38315  -26.337  -41.478  -11.440 0.8000000119
37454  -26.957  -42.061  -11.262 0.6999999881
38306  -27.871  -41.755  -10.985 0.6999999881
117457  -28.675  -41.867  -10.750 0.6999999881
39234  -24.124  -40.529  -11.702 0.8000000119
113363  -26.066  -40.125  -11.735 0.8000000119
40163  -22.236  -39.750  -13.406 0.8000000119
40155  -22.491  -39.692  -12.695 0.8000000119
39233  -23.375  -40.353  -12.179 0.8000000119
40171  -22.107  -39.435  -14.318 0.8000000119
41836  -21.762  -37.541  -13.334 0.8000000119
40991  -23.703  -38.205  -12.587 0.8000000119
41838  -24.264  -37.627  -13.069 0.8000000119
42694  -23.607  -36.872  -13.545 0.8000000119
113496  -27.696  -38.112  -15.591 0.6999999881
41022  -24.830  -38.230  -15.523 0.8000000119
41876  -26.822  -37.854  -15.892 0.6000000238
134023  -25.606  -35.790  -16.934 0.6999999881
42743  -25.773  -36.261  -16.733 0.6000000238
35851  -28.155  -44.563  -4.780 0.6000000238
126536  -26.919  -43.661  -4.810 0.6000000238
35853  -30.308  -44.171  -5.848 0.6999999881
36594  -27.941  -43.697  -4.762 0.6000000238
36596  -30.536  -43.346  -5.928 0.6999999881
124630  -30.795  -43.977  -6.479 0.6999999881
120878  -25.806  -42.783  -5.282 0.4000000060
36593  -26.080  -43.578  -5.111 0.4000000060
36595  -28.279  -42.839  -4.860 0.5000000000
133962  -29.627  -43.553  -5.446 0.6999999881
36614  -31.163  -43.868  -7.266 0.6999999881
120688  -27.371  -42.968  -4.775 0.5000000000
37385  -27.754  -42.218  -4.931 0.5000000000
36603  -31.588  -43.129  -7.456 0.6999999881
118143  -25.110  -42.171  -5.437 0.3000000119
118171  -25.895  -41.868  -5.217 0.3000000119
38251  -26.525  -41.495  -5.230 0.4000000060
37441  -28.361  -42.502  -10.765 0.6999999881
39179  -26.144  -40.408  -5.470 0.3000000119
126669  -30.301  -42.620  -9.856 0.6999999881
37425  -30.487  -41.987  -9.746 0.6999999881
38307  -29.338  -41.631  -10.521 0.6999999881
38308  -30.121  -41.438  -10.180 0.6999999881
39235  -24.947  -40.335  -11.728 0.8000000119
38317  -27.818  -40.963  -11.148 0.6999999881
120525  -30.458  -40.685  -10.310 0.6999999881
39223  -28.642  -41.094  -10.881 0.6999999881
40146  -29.592  -39.655  -11.449 0.6999999881
40139  -22.374  -38.879  -12.643 0.8000000119
40141  -24.029  -39.721  -11.997 0.8000000119
39237  -27.220  -40.420  -11.521 0.6999999881
40145  -28.711  -39.729  -11.635 0.6999999881
40978  -29.207  -39.106  -12.012 0.6999999881
40154  -21.686  -39.036  -13.267 0.8000000119
40140  -23.085  -39.491  -12.341 0.8000000119
40142  -25.132  -39.560  -12.014 0.8000000119
40977  -28.333  -39.192  -12.257 0.8000000119
41001  -20.908  -38.479  -13.777 0.8000000119
40975  -24.402  -38.924  -12.268 0.8000000119
40993  -25.999  -38.533  -12.643 0.8000000119
124805  -26.999  -38.588  -12.865 0.8000000119
40162  -21.371  -39.060  -14.015 0.8000000119
41008  -20.746  -38.214  -14.235 0.8000000119
41837  -22.992  -37.510  -13.090 0.8000000119
40992  -24.873  -38.325  -12.644 0.8000000119
41855  -26.809  -37.354  -13.610 0.8000000119
41009  -22.640  -38.712  -14.916 0.8000000119
42693  -22.415  -36.902  -13.715 0.8000000119
41853  -24.817  -37.098  -13.527 0.8000000119
41854  -25.848  -37.224  -13.508 0.8000000119
42709  -27.201  -36.896  -14.074 0.8000000119
41873  -22.688  -37.137  -15.365 0.8000000119
42707  -24.264  -36.372  -14.009 0.8000000119
41021  -23.304  -37.969  -15.474 0.8000000119
125332  -28.752  -37.257  -15.700 0.5000000000
41888  -27.342  -37.122  -16.221 0.6000000238
42729  -23.464  -36.168  -15.476 0.8000000119
41874  -24.077  -37.171  -15.698 0.8000000119
41889  -28.252  -36.858  -16.111 0.6000000238
42745  -27.713  -36.342  -16.549 0.6000000238
42744  -26.781  -36.442  -16.746 0.6000000238
43654  -27.248  -35.804  -17.080 0.6000000238
118156  -28.850  -44.085  -5.008 0.6999999881
119808  -29.154  -42.737  -5.287 0.6999999881
37397  -30.855  -42.528  -6.162 0.6999999881
37386  -28.625  -42.067  -5.244 0.5000000000
37387  -30.045  -42.654  -5.657 0.6999999881
121953  -27.458  -40.475  -5.447 0.4000000060
39181  -28.141  -40.808  -5.404 0.5000000000
36622  -31.530  -42.939  -8.217 0.6999999881
39180  -26.784  -40.260  -5.492 0.3000000119
40097  -27.656  -39.303  -5.706 0.3000000119
38289  -31.758  -41.532  -8.012 0.6999999881
37423  -31.361  -42.268  -8.645 0.6999999881
40085  -25.475  -39.873  -5.577 0.3000000119
40929  -27.607  -38.548  -6.021 0.3000000119
39212  -31.370  -40.759  -9.160 0.6999999881
40096  -26.897  -39.144  -5.776 0.3000000119
40129  -30.721  -39.921  -10.502 0.6999999881
40143  -26.879  -39.656  -11.972 0.8000000119
39238  -28.225  -40.394  -11.350 0.6999999881
39240  -30.031  -40.218  -10.949 0.6999999881
40144  -27.806  -39.762  -11.819 0.6999999881
40995  -29.744  -38.461  -12.311 0.6999999881
40990  -22.553  -38.163  -12.749 0.8000000119
40156  -25.315  -38.921  -12.321 0.8000000119
40976  -27.452  -39.181  -12.394 0.6999999881
40994  -28.827  -38.541  -12.611 0.8000000119
40989  -21.513  -38.268  -13.165 0.8000000119
41841  -28.376  -38.010  -13.238 0.8000000119
41851  -20.780  -37.821  -13.782 0.8000000119
41840  -26.431  -37.888  -13.187 0.8000000119
41856  -27.823  -37.475  -13.704 0.8000000119
41864  -21.538  -37.204  -14.567 0.8000000119
41872  -21.810  -37.306  -15.046 0.8000000119
121358  -25.258  -36.681  -13.881 0.8000000119
43620  -26.533  -36.169  -14.442 0.8000000119
43621  -27.663  -36.362  -14.567 0.8000000119
42721  -22.549  -36.531  -14.923 0.8000000119
43631  -24.461  -34.934  -14.851 0.8000000119
42742  -24.916  -35.646  -16.580 0.8000000119
125355  -26.702  -40.839  -5.373 0.3000000119
38252  -27.339  -41.386  -5.237 0.5000000000
38254  -29.516  -41.941  -5.565 0.6000000238
38264  -28.982  -41.153  -5.500 0.5000000000
37396  -30.393  -41.823  -5.872 0.6999999881
38266  -31.377  -41.090  -6.739 0.6999999881
39190  -29.660  -40.380  -5.793 0.6000000238
130649  -30.616  -40.901  -6.181 0.6999999881
38267  -31.139  -41.734  -6.444 0.6999999881
39204  -31.647  -40.852  -7.411 0.6999999881
40098  -28.415  -39.161  -5.789 0.3000000119
39203  -31.181  -40.336  -6.827 0.6999999881
40095  -25.991  -39.070  -5.856 0.3000000119
41790  -28.641  -37.237  -6.657 0.3000000119
39210  -31.658  -40.612  -8.358 0.6999999881
43568  -27.078  -35.619  -7.603 0.3000000119
42654  -27.380  -36.363  -7.189 0.3000000119
41789  -27.714  -37.060  -6.701 0.3000000119
43570  -28.963  -35.900  -7.466 0.3000000119
43585  -26.792  -34.890  -8.037 0.3000000119
40147  -30.374  -39.502  -11.138 0.6999999881
41842  -29.332  -37.876  -12.912 0.8000000119
42710  -28.255  -36.966  -14.123 0.8000000119
42722  -23.117  -35.892  -14.748 0.8000000119
42706  -23.119  -36.286  -14.210 0.8000000119
43630  -23.783  -35.082  -15.086 0.8000000119
43618  -23.802  -35.647  -14.598 0.8000000119
44575  -25.335  -34.498  -15.238 0.8000000119
43632  -25.840  -35.348  -14.839 0.8000000119
43633  -27.085  -35.634  -14.920 0.8000000119
124670  -23.952  -35.344  -15.987 0.8000000119
43651  -24.446  -34.864  -16.465 0.6999999881
43652  -25.357  -35.226  -17.037 0.6000000238
38265  -29.873  -41.221  -5.730 0.6000000238
39191  -30.395  -39.938  -6.343 0.6000000238
133588  -28.878  -37.915  -6.411 0.4000000060
40941  -30.823  -38.644  -7.105 0.6000000238
40111  -31.519  -39.874  -7.646 0.6999999881
41792  -30.752  -37.700  -7.406 0.4000000060
117066  -31.670  -38.990  -8.099 0.6999999881
40117  -31.638  -39.662  -8.531 0.6999999881
43588  -29.701  -35.295  -7.850 0.3000000119
41814  -32.123  -38.069  -9.738 0.6999999881
40130  -31.197  -39.555  -10.047 0.6999999881
40148  -30.986  -39.232  -10.627 0.6999999881
41818  -31.816  -38.196  -10.604 0.6999999881
125765  -30.776  -38.871  -11.265 0.6999999881
114826  -31.172  -37.938  -11.949 0.6999999881
113827  -27.918  -38.645  -12.876 0.8000000119
42695  -28.825  -37.383  -13.511 0.8000000119
43622  -28.699  -36.337  -14.527 0.8000000119
43619  -25.120  -35.894  -14.298 0.8000000119
44577  -27.645  -35.038  -15.303 0.8000000119
112025  -24.044  -34.767  -15.553 0.8000000119
44574  -24.456  -34.421  -15.490 0.8000000119
45462  -26.150  -34.022  -15.581 0.8000000119
45461  -25.099  -33.812  -15.613 0.8000000119
43653  -26.273  -35.787  -17.175 0.6000000238
121581  -25.553  -34.587  -17.328 0.6000000238
44603  -24.616  -33.728  -16.907 0.6999999881
45494  -24.643  -33.103  -17.354 0.6999999881
40100  -30.150  -39.014  -6.459 0.6000000238
40110  -30.957  -39.476  -6.932 0.6000000238
41791  -29.976  -37.408  -7.085 0.3000000119
43571  -29.902  -36.238  -7.498 0.3000000119
42657  -30.884  -36.716  -7.682 0.3000000119
41793  -31.611  -37.528  -7.928 0.5000000000
42668  -31.758  -36.729  -8.186 0.5000000000
40957  -31.855  -38.721  -8.961 0.6999999881
45414  -28.868  -33.957  -9.040 0.3000000119
44546  -30.066  -34.659  -8.433 0.3000000119
42677  -32.598  -36.625  -9.413 0.4000000060
41819  -32.316  -37.492  -10.429 0.6999999881
45428  -28.711  -33.374  -9.476 0.3000000119
41844  -31.356  -37.307  -12.288 0.6000000238
42684  -32.105  -36.838  -11.936 0.6000000238
42697  -30.763  -36.992  -13.030 0.8000000119
42699  -32.325  -36.148  -12.374 0.6000000238
42696  -29.818  -37.279  -13.315 0.8000000119
42713  -31.146  -36.326  -13.489 0.6999999881
42698  -31.639  -36.613  -12.726 0.6999999881
42711  -29.250  -36.787  -13.891 0.8000000119
43624  -30.653  -35.950  -14.204 0.6999999881
43634  -28.148  -35.741  -14.998 0.8000000119
43623  -29.688  -36.173  -14.379 0.8000000119
43636  -30.098  -35.474  -14.802 0.6999999881
43637  -31.083  -35.182  -14.595 0.6999999881
44578  -28.597  -35.076  -15.382 0.8000000119
43635  -29.140  -35.674  -14.972 0.8000000119
44579  -30.420  -34.712  -15.113 0.6999999881
44580  -31.210  -34.364  -14.975 0.6999999881
44576  -26.564  -34.844  -15.268 0.8000000119
44587  -28.906  -34.272  -15.651 0.8000000119
45460  -24.715  -33.785  -15.830 0.8000000119
45463  -27.271  -34.307  -15.591 0.8000000119
116795  -23.595  -35.447  -15.271 0.8000000119
45472  -24.643  -33.372  -16.146 0.8000000119
45474  -25.734  -33.299  -15.950 0.8000000119
45475  -27.002  -33.490  -16.091 0.8000000119
112382  -24.058  -34.732  -15.885 0.8000000119
45487  -24.579  -33.569  -16.473 0.8000000119
120567  -24.488  -33.177  -16.919 0.6999999881
44605  -26.494  -34.476  -17.597 0.6000000238
45506  -26.710  -33.298  -18.166 0.6000000238
44595  -24.488  -34.231  -16.378 0.8000000119
46389  -24.688  -32.242  -17.592 0.6999999881
40950  -31.937  -38.163  -8.379 0.5000000000
40951  -32.274  -37.829  -9.035 0.5000000000
43591  -31.894  -36.109  -8.467 0.4000000060
41805  -32.458  -37.204  -9.065 0.5000000000
44547  -30.916  -34.759  -8.669 0.3000000119
41815  -32.490  -37.345  -9.631 0.5000000000
45430  -30.240  -33.790  -9.135 0.3000000119
43598  -31.794  -34.852  -9.038 0.3000000119
42680  -32.720  -36.746  -10.177 0.6000000238
41828  -32.455  -36.851  -11.057 0.6000000238
46299  -28.534  -32.734  -9.812 0.3000000119
46301  -30.137  -33.115  -9.454 0.3000000119
45439  -32.571  -33.951  -9.953 0.3000000119
46300  -29.301  -32.882  -9.669 0.3000000119
46315  -28.273  -32.151  -10.274 0.3000000119
42714  -31.988  -35.966  -13.196 0.6999999881
43625  -31.522  -35.691  -13.950 0.6999999881
45476  -28.036  -33.946  -15.866 0.8000000119
45477  -29.456  -33.620  -15.886 0.6999999881
44588  -29.873  -34.165  -15.470 0.6999999881
123573  -28.710  -33.655  -16.006 0.6999999881
46359  -28.098  -33.254  -16.286 0.8000000119
46373  -28.391  -32.498  -16.613 0.6999999881
45473  -24.945  -33.227  -15.917 0.8000000119
46357  -25.289  -32.652  -16.235 0.6999999881
46358  -26.279  -32.661  -16.357 0.8000000119
46372  -27.379  -32.615  -16.506 0.6000000238
123313  -27.482  -33.288  -18.287 0.6000000238
46355  -24.508  -32.971  -16.595 0.6999999881
47269  -24.523  -31.819  -16.940 0.6999999881
47254  -24.883  -32.139  -16.523 0.6999999881
45504  -25.060  -32.684  -17.863 0.6999999881
46391  -25.497  -32.255  -18.309 0.6999999881
46383  -24.488  -32.502  -17.090 0.6999999881
50680  -24.552  -27.972  -18.356 0.5000000000
120588  -24.517  -27.821  -18.982 0.5000000000
116938  -32.862  -36.094  -10.755 0.6000000238
42685  -32.605  -36.215  -11.579 0.6000000238
43604  -32.991  -35.566  -11.318 0.6000000238
43610  -32.689  -35.370  -12.685 0.6000000238
43626  -32.222  -35.265  -13.620 0.6999999881
44581  -31.674  -34.657  -14.530 0.6999999881
47228  -26.805  -31.001  -11.191 0.3000000119
44589  -30.638  -34.053  -15.329 0.6999999881
44582  -32.236  -34.599  -14.071 0.6999999881
47256  -26.686  -31.867  -16.647 0.6999999881
46361  -29.890  -32.967  -16.217 0.6999999881
45478  -30.347  -33.529  -15.726 0.6000000238
46360  -28.991  -33.077  -16.283 0.6999999881
46356  -24.794  -32.783  -16.304 0.6999999881
116021  -27.118  -31.276  -17.015 0.6000000238
47270  -25.005  -31.343  -16.832 0.6999999881
45505  -25.906  -32.993  -18.103 0.6000000238
131481  -26.711  -32.434  -18.519 0.5000000000
48189  -24.542  -30.808  -17.831 0.6999999881
48205  -24.381  -30.044  -18.140 0.6999999881
49055  -24.455  -29.283  -18.526 0.6000000238
43602  -33.218  -34.974  -11.244 0.5000000000
44560  -33.219  -34.465  -10.946 0.4000000060
44562  -33.355  -34.473  -11.600 0.5000000000
43611  -33.136  -35.139  -11.854 0.6000000238
45446  -33.482  -33.864  -12.039 0.5000000000
44565  -33.241  -34.593  -12.364 0.6000000238
112878  -32.702  -33.887  -13.875 0.6000000238
48130  -27.287  -30.463  -11.500 0.3000000119
118282  -27.865  -30.925  -11.249 0.3000000119
45465  -32.023  -33.922  -14.664 0.6999999881
45479  -31.307  -33.518  -15.393 0.6000000238
45480  -32.145  -33.036  -15.083 0.6000000238
47272  -27.732  -31.864  -16.909 0.6000000238
46375  -30.247  -32.227  -16.485 0.6000000238
47255  -25.632  -31.923  -16.531 0.6999999881
47273  -28.749  -31.772  -17.070 0.6000000238
47271  -26.018  -31.037  -16.921 0.6999999881
48173  -27.068  -30.576  -17.244 0.6000000238
48171  -24.632  -30.997  -17.364 0.6999999881
47318  -24.658  -30.840  -18.247 0.6999999881
47304  -25.800  -31.641  -18.670 0.6000000238
47305  -26.634  -31.537  -18.929 0.5000000000
47319  -25.142  -31.045  -18.662 0.6000000238
47320  -25.871  -30.930  -19.089 0.6000000238
48213  -26.037  -30.026  -19.466 0.5000000000
48190  -24.436  -30.125  -17.737 0.6000000238
48212  -24.881  -30.211  -18.793 0.5000000000
49049  -24.246  -29.340  -18.028 0.5000000000
116682  -24.540  -28.500  -19.067 0.5000000000
49890  -25.097  -28.533  -19.683 0.5000000000
50705  -24.685  -27.007  -19.538 0.5000000000
45443  -33.338  -33.783  -11.299 0.4000000060
46325  -33.425  -32.965  -11.733 0.4000000060
47221  -31.644  -31.774  -10.482 0.4000000060
128601  -33.144  -33.801  -13.229 0.6000000238
48972  -27.603  -29.625  -11.871 0.3000000119
131366  -28.505  -29.369  -11.928 0.3000000119
48132  -29.667  -30.386  -11.212 0.3000000119
45466  -32.648  -33.167  -14.311 0.6000000238
123572  -28.092  -28.234  -12.653 0.3000000119
46363  -32.216  -32.236  -15.448 0.6000000238
46376  -30.985  -32.061  -16.404 0.5000000000
122283  -31.648  -32.748  -15.605 0.6000000238
47274  -29.719  -31.629  -16.913 0.6000000238
114276  -28.086  -31.030  -17.312 0.6000000238
47275  -30.614  -31.513  -16.721 0.6000000238
48191  -27.850  -30.236  -17.432 0.6000000238
48192  -28.699  -30.259  -17.504 0.6000000238
49015  -24.600  -29.473  -17.709 0.6999999881
49880  -24.443  -28.610  -18.433 0.5000000000
50692  -24.702  -27.282  -18.849 0.5000000000
46319  -32.539  -32.404  -10.623 0.4000000060
46324  -33.121  -32.233  -11.225 0.4000000060
118657  -33.402  -33.280  -12.661 0.5000000000
47230  -33.154  -31.390  -11.499 0.4000000060
46329  -33.430  -32.537  -13.069 0.4000000060
45452  -33.121  -33.200  -13.517 0.4000000060
49800  -29.479  -29.020  -11.963 0.3000000119
48974  -30.066  -29.684  -11.505 0.4000000060
46334  -32.726  -32.402  -14.724 0.4000000060
49818  -29.427  -28.172  -12.436 0.3000000119
49801  -30.480  -28.994  -11.750 0.4000000060
47258  -32.206  -31.369  -15.935 0.5000000000
47257  -31.596  -32.140  -16.031 0.5000000000
48175  -31.032  -30.787  -16.799 0.5000000000
48174  -29.187  -31.010  -17.382 0.6000000238
48176  -31.555  -29.967  -16.699 0.5000000000
49038  -29.149  -29.534  -17.636 0.6000000238
49035  -26.103  -29.183  -17.652 0.6000000238
121297  -27.789  -28.898  -17.806 0.6000000238
49857  -24.977  -28.982  -17.625 0.5000000000
49866  -24.486  -28.732  -17.949 0.5000000000
49867  -25.247  -28.260  -17.881 0.5000000000
50693  -25.194  -27.008  -18.674 0.5000000000
51590  -25.588  -26.491  -19.051 0.5000000000
51589  -24.907  -26.588  -19.238 0.5000000000
47222  -32.579  -31.608  -10.936 0.4000000060
129223  -33.472  -32.530  -12.361 0.4000000060
123729  -33.391  -32.019  -11.881 0.4000000060
123504  -33.516  -31.868  -12.569 0.4000000060
47231  -33.454  -31.230  -12.104 0.4000000060
130023  -33.446  -31.809  -13.384 0.4000000060
46344  -33.202  -31.737  -14.261 0.4000000060
50628  -28.665  -27.745  -12.879 0.3000000119
47245  -32.815  -31.603  -15.119 0.5000000000
50647  -28.225  -27.243  -13.403 0.3000000119
130789  -31.737  -30.799  -16.434 0.4000000060
48193  -30.592  -30.083  -17.148 0.5000000000
123806  -29.664  -30.199  -17.429 0.6000000238
49040  -30.997  -29.313  -17.262 0.5000000000
49037  -28.113  -29.524  -17.592 0.6000000238
49870  -29.560  -28.899  -17.792 0.5000000000
49039  -30.080  -29.420  -17.459 0.5000000000
49868  -26.782  -28.446  -17.984 0.6000000238
49881  -27.944  -28.375  -18.187 0.6000000238
49869  -28.623  -28.956  -17.866 0.6000000238
50681  -25.856  -27.623  -18.273 0.5000000000
125900  -26.117  -27.075  -18.635 0.5000000000
52461  -25.333  -25.424  -19.998 0.5000000000
50694  -27.029  -27.687  -18.465 0.5000000000
53238  -27.857  -24.578  -14.687 0.3000000119
52431  -29.085  -25.129  -14.304 0.4000000060
53223  -29.950  -25.021  -14.008 0.4000000060
49882  -28.972  -28.399  -18.343 0.5000000000
54095  -27.614  -23.876  -15.069 0.4000000060
50695  -28.171  -27.695  -18.679 0.5000000000
125367  -31.204  -27.338  -18.449 0.5000000000
50698  -31.998  -27.071  -18.180 0.5000000000
51592  -28.443  -27.011  -19.216 0.5000000000
50697  -30.306  -27.541  -18.657 0.5000000000
51591  -27.022  -26.848  -18.988 0.5000000000
52476  -25.606  -24.693  -20.416 0.5000000000
51603  -26.083  -25.901  -19.512 0.6000000238
121796  -26.828  -25.677  -19.755 0.5000000000
52462  -26.087  -25.123  -19.902 0.6000000238
53271  -26.427  -24.533  -20.315 0.4000000060
111754  -28.876  -23.710  -14.891 0.4000000060
53224  -30.967  -24.978  -13.647 0.4000000060
50696  -29.288  -27.690  -18.771 0.5000000000
51605  -28.749  -26.293  -19.684 0.5000000000
51606  -29.927  -26.216  -19.614 0.5000000000
51604  -27.512  -26.237  -19.579 0.5000000000
53285  -26.915  -23.930  -20.624 0.4000000060
52463  -27.581  -25.511  -20.054 0.5000000000
54097  -30.137  -23.658  -14.479 0.4000000060
54941  -28.243  -22.666  -15.685 0.4000000060
51593  -29.617  -26.935  -19.179 0.5000000000
123442  -31.539  -26.622  -18.728 0.4000000060
52464  -29.060  -25.591  -20.123 0.4000000060
53272  -28.044  -24.804  -20.417 0.4000000060
54151  -27.504  -23.426  -20.853 0.3000000119
51607  -30.880  -26.045  -19.477 0.4000000060
53273  -29.434  -24.841  -20.391 0.4000000060
53286  -28.479  -24.118  -20.659 0.5000000000
54152  -28.820  -23.457  -20.839 0.4000000060
54153  -29.747  -23.292  -20.782 0.4000000060
53274  -30.562  -24.736  -20.190 0.4000000060
55841  -28.980  -21.451  -21.754 0.4000000060
53287  -29.842  -24.026  -20.626 0.4000000060
54154  -31.316  -23.119  -20.333 0.4000000060
55825  -29.671  -22.090  -21.316 0.4000000060
56810  -29.505  -20.687  -21.992 0.4000000060
57797  -28.867  -20.116  -22.472 0.4000000060
54978  -30.332  -22.714  -20.811 0.3000000119
117785  -30.573  -21.985  -21.023 0.4000000060
54155  -32.164  -23.166  -19.950 0.4000000060
55826  -31.171  -21.532  -20.940 0.3000000119
55842  -30.279  -21.317  -21.461 0.4000000060
54979  -31.247  -22.257  -20.618 0.3000000119
55843  -31.119  -20.930  -21.279 0.4000000060
56811  -30.619  -20.448  -21.640 0.5000000000
55827  -31.892  -21.713  -20.453 0.4000000060
56801  -31.785  -20.979  -20.812 0.4000000060
26895  -21.819  -55.125  -11.416 0.6999999881
26886  -27.617  -55.890  -9.205 0.6999999881
130117  -21.912  -58.910  -6.525 0.6000000238
123415  -27.237  -53.027  -9.522 0.8000000119
115636  -28.718  -52.824  -8.498 0.8000000119
27645  -26.548  -54.528  -5.512 0.6000000238
29513  -28.330  -52.574  -5.559 0.6000000238
134653  -28.491  -53.042  -5.927 0.6999999881
32086  -27.698  -49.739  -9.599 0.8000000119
27681  -20.041  -53.242  -8.383 0.4000000060
35182  -22.052  -45.431  -12.820 0.8000000119
31304  -27.945  -50.623  -4.680 0.6000000238
29502  -23.591  -51.839  -5.185 0.5000000000
118393  -29.471  -48.993  -5.923 0.8000000119
125924  -22.781  -48.187  -4.463 0.5000000000
33504  -24.839  -47.647  -4.532 0.6000000238
37439  -26.735  -42.831  -11.125 0.6999999881
127573  -30.616  -44.643  -6.317 0.6999999881
127685  -28.772  -43.387  -4.995 0.6999999881
42708  -26.132  -36.725  -13.960 0.8000000119
41826  -30.588  -38.408  -11.878 0.6999999881
41843  -30.401  -37.771  -12.563 0.6999999881
40942  -31.459  -38.380  -7.715 0.6000000238
40980  -31.314  -38.722  -10.775 0.6999999881
119261  -31.307  -38.320  -11.334 0.6000000238
42669  -32.294  -36.650  -8.753 0.5000000000
46362  -30.878  -32.763  -16.010 0.6000000238
125992  -25.187  -26.050  -19.540 0.5000000000
47236  -33.565  -31.145  -12.827 0.4000000060
52465  -30.233  -25.512  -19.995 0.4000000060
124245  -20.831  -57.044  -13.052 0.5000000000
26936  -21.469  -55.442  -13.226 0.5000000000
128524  -22.530  -58.866  -11.252 0.6999999881
29590  -23.254  -52.753  -13.537 0.5000000000
22857  -22.624  -60.542  -5.592 0.5000000000
30480  -23.260  -51.391  -13.473 0.6999999881
26885  -26.838  -55.963  -10.041 0.6999999881
26884  -26.413  -54.998  -10.319 0.6999999881
27705  -22.942  -54.132  -11.463 0.6999999881
28616  -23.496  -53.499  -11.343 0.6999999881
31343  -22.401  -50.570  -11.303 0.6999999881
123601  -22.501  -52.771  -11.423 0.6999999881
128894  -23.475  -49.951  -13.538 0.6999999881
32856  -25.296  -48.644  -13.567 0.5000000000
128128  -24.282  -49.019  -13.742 0.6000000238
34418  -25.818  -46.650  -13.633 0.5000000000
25305  -24.210  -57.256  -5.964 0.6000000238
28600  -25.944  -53.045  -10.307 0.6999999881
122773  -24.754  -57.772  -5.769 0.6000000238
131410  -27.611  -54.393  -9.346 0.8000000119
130717  -26.568  -52.777  -9.882 0.6999999881
34408  -27.459  -46.762  -12.747 0.4000000060
28586  -28.859  -53.356  -7.786 0.8000000119
26100  -22.301  -56.567  -6.880 0.6000000238
122683  -21.788  -46.713  -13.141 0.8000000119
29546  -28.425  -52.209  -9.080 0.6999999881
24566  -20.090  -57.704  -7.391 0.5000000000
32085  -26.897  -50.043  -9.903 0.8000000119
31325  -29.058  -50.670  -8.839 0.8000000119
32820  -25.182  -48.912  -10.497 0.8000000119
35934  -25.109  -44.693  -14.429 0.6999999881
121414  -26.931  -44.490  -13.711 0.6000000238
30419  -29.505  -51.376  -6.898 0.6999999881
27642  -24.264  -54.133  -5.794 0.6000000238
34383  -22.271  -46.155  -12.138 0.8000000119
35935  -26.607  -43.723  -14.052 0.6000000238
36665  -28.236  -43.890  -13.316 0.4000000060
28568  -20.019  -52.606  -7.930 0.3000000119
26847  -22.889  -54.488  -6.843 0.5000000000
130100  -21.847  -54.388  -7.656 0.5000000000
26863  -21.216  -55.137  -7.738 0.5000000000
29505  -27.050  -52.108  -4.682 0.6000000238
31310  -28.555  -50.651  -5.131 0.6000000238
32061  -29.394  -49.797  -5.935 0.8000000119
27666  -21.481  -53.398  -7.684 0.4000000060
27654  -22.634  -53.575  -6.812 0.5000000000
129440  -27.641  -40.746  -14.460 0.6000000238
117568  -29.117  -40.699  -14.438 0.4000000060
30411  -26.616  -51.314  -4.603 0.6000000238
29501  -22.979  -52.327  -5.069 0.5000000000
29519  -23.007  -52.845  -6.088 0.5000000000
29510  -23.498  -52.807  -5.944 0.5000000000
32785  -30.146  -47.757  -6.834 0.6999999881
31303  -27.070  -50.447  -4.520 0.6000000238
30398  -22.582  -51.191  -4.092 0.5000000000
31301  -23.750  -50.601  -4.488 0.6000000238
128795  -23.104  -50.682  -4.259 0.6000000238
122603  -22.940  -51.754  -4.585 0.5000000000
30410  -25.731  -51.283  -4.779 0.5000000000
124034  -24.534  -50.556  -4.703 0.6000000238
121124  -25.325  -50.537  -4.734 0.5000000000
33517  -20.445  -46.989  -5.517 0.4000000060
114894  -30.536  -46.037  -8.221 0.6999999881
35147  -30.196  -45.927  -9.098 0.6999999881
35905  -25.655  -44.856  -11.049 0.8000000119
35903  -23.293  -44.120  -11.854 0.8999999762
122570  -24.113  -49.867  -4.479 0.6000000238
32050  -24.928  -49.820  -4.601 0.6000000238
32763  -25.099  -48.385  -4.493 0.6000000238
118436  -22.807  -46.569  -5.129 0.4000000060
33502  -23.024  -47.451  -4.705 0.4000000060
34319  -24.477  -46.927  -4.669 0.5000000000
126539  -22.950  -45.104  -5.834 0.4000000060
34332  -24.217  -46.161  -4.937 0.5000000000
35908  -28.834  -44.403  -10.468 0.6999999881
115007  -23.512  -42.194  -12.129 0.8000000119
41024  -27.125  -38.724  -15.438 0.6999999881
132941  -28.394  -47.483  -4.645 0.6999999881
34322  -26.889  -46.696  -4.493 0.6999999881
35877  -30.855  -44.446  -7.958 0.6999999881
35848  -24.497  -44.455  -5.515 0.5000000000
35892  -30.085  -43.989  -9.940 0.6999999881
35861  -23.163  -44.181  -6.002 0.4000000060
112077  -24.838  -39.852  -14.796 0.8000000119
35102  -27.176  -45.877  -4.584 0.6000000238
35103  -28.107  -45.938  -4.639 0.6999999881
125569  -25.260  -46.995  -4.605 0.6000000238
34320  -24.876  -46.412  -4.727 0.5000000000
126633  -24.094  -43.185  -5.645 0.3000000119
37426  -30.791  -42.535  -9.360 0.6999999881
37383  -24.900  -42.959  -5.513 0.3000000119
41887  -26.211  -37.012  -16.322 0.6000000238
41886  -24.780  -36.432  -16.135 0.8000000119
35850  -26.344  -44.263  -4.926 0.6000000238
112438  -28.354  -45.244  -4.732 0.6999999881
37384  -26.744  -42.286  -4.991 0.4000000060
37443  -29.857  -42.188  -10.162 0.6999999881
39236  -26.512  -40.806  -11.482 0.8000000119
39239  -29.129  -40.335  -11.144 0.6999999881
40170  -21.403  -38.534  -14.649 0.8000000119
36602  -31.182  -43.236  -6.631 0.6999999881
38253  -28.145  -41.529  -5.254 0.5000000000
37415  -31.750  -42.351  -7.718 0.6999999881
38292  -30.995  -41.895  -9.276 0.6999999881
40086  -26.416  -39.764  -5.603 0.3000000119
38291  -30.894  -41.229  -9.657 0.6999999881
39224  -29.609  -40.897  -10.638 0.6999999881
40979  -30.031  -38.982  -11.669 0.6999999881
40157  -26.028  -39.327  -12.201 0.8000000119
123718  -26.687  -39.070  -12.436 0.8000000119
37398  -31.530  -42.448  -6.842 0.6999999881
39189  -28.155  -39.933  -5.555 0.5000000000
38283  -31.668  -41.664  -7.141 0.6999999881
40087  -27.289  -39.816  -5.569 0.3000000119
130218  -28.812  -40.368  -5.570 0.5000000000
112084  -31.401  -41.403  -8.882 0.6999999881
39225  -31.157  -40.286  -9.753 0.6999999881
40928  -26.554  -38.408  -6.166 0.3000000119
41778  -29.427  -37.593  -6.676 0.3000000119
42656  -29.326  -36.806  -7.107 0.3000000119
113317  -31.532  -40.185  -9.037 0.6999999881
43569  -27.989  -35.720  -7.541 0.3000000119
44604  -24.994  -33.914  -17.323 0.6999999881
122682  -31.342  -39.097  -7.486 0.6000000238
40119  -31.537  -39.540  -9.373 0.6999999881
40966  -31.536  -38.841  -9.979 0.6999999881
41827  -31.883  -37.619  -11.404 0.6000000238
45464  -28.108  -34.504  -15.553 0.8000000119
45495  -25.366  -33.416  -17.675 0.6000000238
120277  -25.742  -34.035  -17.548 0.6000000238
111971  -30.159  -36.997  -7.366 0.3000000119
40940  -30.130  -38.086  -6.801 0.5000000000
131131  -30.505  -35.865  -7.752 0.3000000119
126817  -30.357  -34.278  -8.834 0.3000000119
111416  -32.821  -35.911  -9.919 0.5000000000
42712  -30.218  -36.595  -13.721 0.8000000119
124093  -29.516  -34.943  -15.323 0.6999999881
47302  -24.684  -31.512  -17.894 0.6999999881
45429  -29.455  -33.554  -9.301 0.3000000119
46316  -29.062  -32.234  -10.150 0.3000000119
46317  -30.048  -32.276  -9.851 0.3000000119
113534  -32.763  -35.700  -11.965 0.6000000238
47290  -24.626  -31.639  -17.441 0.6999999881
44564  -32.842  -34.533  -13.254 0.6000000238
46374  -29.337  -32.374  -16.606 0.6000000238
48172  -25.010  -30.329  -17.255 0.6999999881
45440  -33.057  -33.823  -10.605 0.4000000060
49017  -26.067  -30.087  -17.340 0.6000000238
49036  -27.125  -29.789  -17.462 0.6000000238
46320  -33.118  -33.063  -10.925 0.4000000060
48113  -31.074  -30.976  -10.742 0.4000000060
48973  -29.144  -29.843  -11.536 0.3000000119
48989  -27.896  -28.881  -12.327 0.3000000119
49817  -28.674  -28.589  -12.398 0.3000000119
47276  -31.397  -31.465  -16.437 0.5000000000
47291  -30.153  -30.877  -17.126 0.5000000000
49016  -25.230  -29.575  -17.465 0.5000000000
46335  -33.135  -32.486  -13.893 0.4000000060
123841  -30.064  -28.457  -12.073 0.4000000060
47240  -33.498  -31.056  -13.683 0.4000000060
47277  -32.351  -30.380  -16.130 0.4000000060
52430  -28.284  -25.236  -14.426 0.3000000119
53241  -30.469  -24.262  -14.157 0.4000000060
122174  -30.474  -23.429  -20.562 0.4000000060
53288  -30.946  -23.961  -20.276 0.4000000060
54980  -32.030  -22.483  -20.197 0.4000000060
57798  -30.050  -19.882  -22.126 0.3000000119
115039  -24.894  -63.017  -9.541 0.5000000000
22054  -23.706  -62.047  -10.188 0.5000000000
20394  -25.578  -63.451  -6.858 0.4000000060
21218  -25.800  -62.961  -8.199 0.5000000000
20406  -25.512  -63.600  -8.543 0.5000000000
119767  -25.317  -62.270  -9.296 0.5000000000
22046  -25.144  -61.545  -9.700 0.6000000238
22045  -24.333  -61.451  -10.165 0.6000000238
21211  -25.821  -62.847  -7.456 0.5000000000
21206  -25.893  -61.982  -7.312 0.5000000000
21219  -25.789  -62.235  -8.592 0.5000000000
22047  -25.809  -61.567  -9.093 0.5000000000
124554  -25.705  -61.838  -6.746 0.5000000000
132396  -25.468  -60.260  -9.897 0.6000000238
23809  -24.776  -59.119  -10.448 0.6000000238
22896  -24.945  -60.807  -10.088 0.6000000238
22910  -24.832  -59.981  -10.328 0.6000000238
122660  -24.180  -58.869  -10.865 0.6000000238
24601  -24.682  -58.420  -10.741 0.6000000238
118900  -23.411  -58.902  -11.120 0.6000000238
118868  -22.817  -58.219  -11.226 0.6000000238
25380  -23.250  -57.418  -11.237 0.6000000238
22031  -26.410  -61.362  -7.704 0.5000000000
22898  -26.327  -60.857  -8.976 0.5000000000
22897  -26.130  -60.189  -9.496 0.6000000238
22023  -25.588  -61.253  -6.329 0.5000000000
22024  -26.166  -61.264  -7.041 0.5000000000
23796  -25.691  -59.451  -9.984 0.6000000238
22013  -24.275  -61.428  -5.616 0.5000000000
24600  -23.842  -58.270  -11.115 0.6000000238
25379  -22.047  -57.530  -11.367 0.6000000238
117375  -26.787  -60.631  -8.223 0.5000000000
113813  -26.660  -60.187  -8.953 0.5000000000
22869  -26.215  -60.495  -6.734 0.5000000000
23772  -26.998  -59.829  -7.789 0.5000000000
23788  -26.964  -59.713  -8.578 0.5000000000
24589  -26.314  -58.616  -9.912 0.6000000238
22868  -25.491  -60.313  -6.248 0.5000000000
24602  -25.453  -58.588  -10.334 0.6000000238
119533  -23.895  -60.894  -5.566 0.5000000000
22860  -24.809  -60.046  -5.954 0.5000000000
25382  -25.288  -57.848  -10.633 0.6000000238
25381  -24.442  -57.675  -11.054 0.6000000238
123287  -22.265  -56.824  -11.351 0.6000000238
121174  -26.679  -59.689  -7.047 0.5000000000
24591  -27.218  -58.416  -8.661 0.5000000000
24590  -26.908  -58.489  -9.313 0.6000000238
25368  -27.212  -57.733  -9.073 0.6000000238
23756  -26.777  -58.912  -6.981 0.5000000000
23797  -26.613  -59.398  -9.360 0.6000000238
25367  -26.657  -57.681  -9.796 0.6000000238
22858  -23.379  -60.323  -5.611 0.5000000000
113205  -22.819  -59.784  -5.773 0.5000000000
24567  -27.062  -58.358  -7.178 0.5000000000
23773  -27.005  -59.050  -7.508 0.5000000000
24581  -27.243  -58.397  -7.897 0.5000000000
23736  -25.256  -59.489  -6.099 0.5000000000
23735  -24.415  -59.449  -5.879 0.5000000000
24535  -24.856  -58.598  -5.868 0.6000000238
25342  -27.363  -57.733  -7.494 0.6000000238
123451  -27.435  -57.171  -8.619 0.5000000000
24536  -25.844  -58.835  -6.239 0.6000000238
24554  -26.541  -58.330  -6.574 0.6000000238
26142  -27.184  -56.814  -9.319 0.6000000238
24534  -23.880  -58.827  -5.917 0.5000000000
25326  -25.683  -57.800  -5.974 0.6000000238
23733  -22.327  -59.304  -6.187 0.4000000060
25327  -26.530  -57.580  -6.363 0.6000000238
25328  -27.061  -57.671  -6.820 0.6000000238
26120  -27.868  -56.583  -7.563 0.6000000238
114016  -27.607  -57.132  -7.900 0.5000000000
26131  -27.737  -56.460  -8.378 0.6000000238
37469  -27.150  -42.966  -13.984 0.5000000000
43671  -26.925  -35.222  -17.444 0.5000000000
47303  -25.002  -31.563  -18.324 0.5000000000
57799  -31.089  -19.665  -21.750 0.4000000060
57814  -30.603  -19.052  -22.378 0.3000000119
58728  -31.313  -18.459  -22.425 0.3000000119
59651  -31.546  -17.830  -22.742 0.3000000119
128610  -25.084  -64.747  -6.660 0.4000000060
124332  -25.399  -64.580  -7.758 0.5000000000
19672  -25.089  -63.729  -9.142 0.5000000000
113114  -23.565  -61.369  -10.462 0.5000000000
22909  -23.987  -60.628  -10.538 0.6000000238
23808  -23.932  -59.607  -10.796 0.6000000238
116753  -23.238  -60.209  -10.932 0.5000000000
23807  -22.881  -59.541  -11.138 0.5000000000
20387  -24.686  -63.358  -5.749 0.4000000060
21196  -25.333  -62.177  -6.270 0.5000000000
21194  -23.637  -62.327  -5.463 0.5000000000
114313  -24.880  -61.724  -5.850 0.5000000000
22012  -23.523  -61.622  -5.491 0.3000000119
22011  -22.645  -61.349  -5.504 0.4000000060
22022  -20.839  -61.032  -6.146 0.4000000060
125232  -28.091  -43.225  -13.584 0.4000000060
37470  -27.942  -42.458  -13.892 0.4000000060
118011  -29.715  -39.620  -6.067 0.5000000000
40931  -29.452  -38.377  -6.388 0.4000000060
44606  -27.458  -34.563  -17.657 0.5000000000
45497  -27.094  -33.901  -17.910 0.5000000000
43601  -33.055  -35.210  -10.586 0.4000000060
120663  -31.556  -18.909  -21.882 0.3000000119
59652  -32.236  -17.384  -22.470 0.3000000119
19641  -25.123  -64.015  -6.231 0.4000000060
119442  -26.006  -58.015  -10.299 0.6000000238
23734  -23.606  -59.586  -5.787 0.5000000000
122633  -27.795  -35.174  -17.349 0.5000000000
125158  -23.216  -60.950  -5.494 0.4000000060
21226  -24.565  -62.203  -9.803 0.6000000238
20401  -25.708  -63.790  -7.771 0.4000000060
124633  -26.087  -62.171  -7.909 0.5000000000
20388  -25.274  -63.050  -6.212 0.5000000000
23798  -27.077  -59.037  -8.897 0.5000000000
23789  -27.164  -59.084  -8.219 0.5000000000
23754  -26.062  -59.671  -6.492 0.5000000000
23755  -26.424  -59.093  -6.670 0.5000000000
22908  -23.024  -60.912  -10.821 0.4000000060
22907  -22.269  -60.265  -11.138 0.4000000060
129372  -24.158  -62.772  -5.527 0.4000000060
28543  -22.173  -53.100  -5.366 0.4000000060
123362  -22.071  -53.120  -6.345 0.3000000119
28556  -21.385  -52.869  -7.169 0.4000000060
27665  -20.699  -53.025  -8.178 0.4000000060
29500  -22.161  -52.136  -4.249 0.4000000060
28538  -22.439  -52.691  -4.976 0.4000000060
31286  -19.628  -51.001  -3.850 0.4000000060
125323  -21.057  -51.159  -3.610 0.4000000060
29491  -21.362  -52.653  -3.942 0.4000000060
30407  -17.967  -50.682  -4.299 0.3000000119
130593  -19.647  -50.309  -4.082 0.3000000119
31298  -18.336  -49.783  -4.522 0.4000000060
31288  -21.363  -50.509  -3.675 0.4000000060
31285  -18.927  -50.473  -4.158 0.4000000060
32044  -18.691  -49.067  -4.811 0.4000000060
32045  -19.519  -49.080  -4.590 0.4000000060
31300  -20.034  -49.732  -4.176 0.5000000000
32757  -19.107  -48.589  -5.002 0.4000000060
40930  -28.604  -38.468  -6.165 0.3000000119
43590  -31.543  -35.452  -8.527 0.3000000119
43599  -32.345  -35.781  -9.060 0.3000000119
49883  -29.932  -28.291  -18.276 0.4000000060
121038  -32.540  -33.185  -10.301 0.3000000119
49871  -30.457  -28.750  -17.660 0.4000000060
48114  -31.937  -31.088  -10.836 0.3000000119
48133  -30.594  -30.329  -11.152 0.3000000119
49872  -31.349  -28.567  -17.526 0.4000000060
50682  -31.686  -27.830  -17.869 0.3000000119
49884  -30.840  -28.081  -18.088 0.4000000060
48135  -32.601  -30.839  -11.259 0.3000000119
48136  -33.206  -30.497  -11.815 0.3000000119
48975  -31.056  -29.625  -11.432 0.3000000119
48134  -31.701  -30.361  -11.196 0.3000000119
124966  -32.545  -30.176  -11.532 0.3000000119
49803  -32.388  -28.905  -11.843 0.3000000119
48977  -32.897  -29.623  -11.842 0.3000000119
49804  -33.193  -28.926  -12.247 0.3000000119
48147  -33.617  -30.397  -13.073 0.3000000119
47246  -33.272  -30.938  -14.580 0.3000000119
49819  -30.806  -28.315  -11.948 0.3000000119
49802  -31.432  -28.929  -11.701 0.3000000119
50629  -30.196  -27.823  -12.353 0.3000000119
51532  -30.417  -27.104  -12.739 0.3000000119
47259  -32.897  -30.734  -15.438 0.3000000119
50648  -29.556  -27.410  -12.896 0.3000000119
51552  -29.764  -26.567  -13.379 0.3000000119
49019  -32.448  -29.503  -16.360 0.3000000119
49858  -32.665  -28.700  -16.649 0.3000000119
49873  -32.208  -28.316  -17.323 0.3000000119
53239  -28.641  -24.483  -14.595 0.3000000119
49018  -31.878  -29.083  -16.997 0.3000000119
54111  -27.533  -23.140  -15.526 0.3000000119
131674  -31.233  -26.342  -19.104 0.3000000119
48990  -33.436  -29.768  -12.467 0.3000000119
48992  -33.696  -29.586  -13.335 0.3000000119
48159  -33.410  -30.115  -14.883 0.3000000119
50630  -31.041  -27.617  -12.242 0.3000000119
49820  -31.718  -28.231  -11.962 0.3000000119
49821  -32.645  -28.213  -12.205 0.3000000119
49822  -33.383  -28.198  -12.709 0.3000000119
117259  -33.800  -28.769  -13.675 0.3000000119
48994  -33.686  -29.453  -14.249 0.3000000119
49003  -33.487  -29.268  -15.134 0.3000000119
51534  -32.196  -26.873  -12.643 0.3000000119
48158  -33.042  -29.863  -15.702 0.3000000119
117180  -29.006  -26.357  -13.751 0.3000000119
51553  -30.749  -26.361  -13.045 0.3000000119
51533  -31.309  -26.920  -12.579 0.3000000119
49020  -33.125  -29.010  -15.921 0.3000000119
120252  -30.326  -25.744  -13.562 0.3000000119
50683  -32.485  -27.519  -17.600 0.3000000119
53240  -29.522  -24.239  -14.473 0.3000000119
54096  -29.608  -23.337  -14.832 0.3000000119
128477  -30.348  -23.009  -14.694 0.3000000119
54925  -29.897  -22.646  -15.252 0.3000000119
52451  -31.672  -25.895  -19.080 0.3000000119
52467  -31.962  -25.036  -19.275 0.3000000119
53275  -31.445  -24.536  -19.781 0.3000000119
52466  -31.159  -25.316  -19.648 0.3000000119
122873  -33.660  -28.884  -12.909 0.3000000119
50633  -33.469  -27.475  -13.093 0.3000000119
49829  -33.699  -28.140  -13.371 0.3000000119
49830  -33.889  -27.993  -14.094 0.3000000119
49837  -33.776  -28.624  -14.553 0.3000000119
50649  -33.811  -27.380  -13.736 0.3000000119
52414  -31.199  -25.718  -13.303 0.3000000119
52415  -32.124  -25.703  -13.221 0.3000000119
49859  -33.289  -28.214  -16.168 0.3000000119
51578  -33.723  -26.500  -16.848 0.3000000119
50674  -33.596  -27.334  -16.351 0.3000000119
115622  -30.867  -23.504  -14.311 0.3000000119
50684  -33.190  -27.110  -17.247 0.3000000119
54926  -31.065  -22.851  -14.546 0.3000000119
51582  -32.723  -26.721  -17.849 0.3000000119
54942  -30.730  -22.333  -15.093 0.3000000119
52444  -33.052  -25.870  -18.043 0.3000000119
51595  -32.265  -26.292  -18.456 0.3000000119
52452  -32.472  -25.465  -18.690 0.3000000119
53276  -32.140  -24.333  -19.466 0.3000000119
50650  -34.102  -27.233  -14.378 0.3000000119
52416  -33.005  -25.380  -13.375 0.3000000119
115057  -33.720  -25.967  -13.572 0.3000000119
51574  -34.381  -26.561  -14.575 0.3000000119
49838  -34.000  -27.776  -14.899 0.3000000119
49849  -33.593  -28.451  -15.385 0.3000000119
134607  -31.557  -25.305  -13.417 0.3000000119
122497  -34.531  -26.008  -14.844 0.3000000119
50661  -34.344  -27.098  -14.919 0.3000000119
50669  -33.721  -27.796  -15.649 0.3000000119
53242  -31.430  -24.112  -13.888 0.3000000119
53225  -32.061  -24.840  -13.500 0.3000000119
53226  -33.075  -24.604  -13.597 0.3000000119
54927  -31.667  -22.389  -14.666 0.3000000119
55770  -32.316  -21.845  -14.836 0.3000000119
51583  -33.714  -25.813  -17.349 0.3000000119
134537  -33.296  -26.413  -17.494 0.3000000119
55780  -31.424  -21.769  -15.157 0.3000000119
52445  -33.569  -25.139  -17.794 0.3000000119
52453  -33.091  -25.116  -18.371 0.3000000119
53264  -32.740  -24.564  -18.901 0.3000000119
54136  -31.797  -23.801  -19.880 0.3000000119
51557  -34.062  -26.606  -13.949 0.3000000119
52417  -33.742  -25.191  -13.784 0.3000000119
51576  -34.449  -26.577  -15.230 0.3000000119
54088  -32.453  -23.986  -13.768 0.3000000119
53227  -33.764  -24.464  -13.984 0.3000000119
52432  -34.141  -25.010  -14.276 0.3000000119
51579  -34.201  -26.563  -16.020 0.3000000119
54099  -33.023  -23.318  -14.000 0.3000000119
54928  -32.703  -22.553  -14.408 0.3000000119
52440  -34.269  -25.729  -16.512 0.3000000119
111898  -31.266  -21.002  -15.415 0.3000000119
55771  -33.297  -21.933  -14.778 0.3000000119
117574  -31.979  -21.298  -15.154 0.3000000119
55781  -32.767  -21.188  -14.998 0.3000000119
53258  -33.989  -24.449  -17.576 0.3000000119
53265  -33.448  -24.474  -18.239 0.3000000119
54127  -33.328  -23.797  -18.715 0.3000000119
54137  -32.636  -23.657  -19.417 0.3000000119
54964  -32.802  -22.687  -19.649 0.3000000119
121523  -34.495  -25.876  -15.555 0.3000000119
53243  -34.221  -24.371  -14.576 0.3000000119
53253  -34.485  -24.343  -15.255 0.3000000119
52438  -34.484  -25.079  -15.797 0.3000000119
54929  -33.781  -22.799  -14.503 0.3000000119
54101  -34.394  -23.478  -14.852 0.3000000119
52441  -34.395  -24.956  -16.530 0.3000000119
125459  -32.132  -20.632  -15.266 0.3000000119
54124  -34.382  -23.771  -17.304 0.3000000119
55782  -33.750  -21.134  -15.092 0.3000000119
55772  -34.111  -22.030  -14.984 0.3000000119
54930  -34.405  -22.692  -14.971 0.3000000119
54123  -33.922  -23.766  -18.017 0.3000000119
54128  -33.885  -23.108  -18.571 0.3000000119
54138  -33.303  -23.171  -19.143 0.3000000119
55814  -32.557  -21.906  -20.003 0.3000000119
53255  -34.500  -24.354  -16.105 0.3000000119
111696  -34.618  -22.970  -15.384 0.3000000119
54120  -34.582  -23.715  -16.510 0.3000000119
56764  -33.065  -20.402  -15.221 0.3000000119
54943  -34.679  -22.240  -15.547 0.3000000119
119078  -34.805  -22.891  -16.150 0.3000000119
54959  -34.494  -22.972  -17.737 0.3000000119
54958  -34.312  -22.282  -18.483 0.3000000119
55816  -34.138  -20.772  -19.259 0.3000000119
55810  -33.862  -21.642  -19.082 0.3000000119
116347  -33.324  -21.130  -19.742 0.3000000119
55815  -33.159  -21.889  -19.556 0.3000000119
57742  -32.293  -19.694  -15.416 0.3000000119
57743  -33.443  -19.582  -15.414 0.3000000119
124165  -34.844  -20.955  -15.778 0.3000000119
55799  -35.110  -21.248  -16.305 0.3000000119
54944  -34.996  -22.024  -16.279 0.3000000119
54956  -34.933  -22.477  -16.961 0.3000000119
56767  -35.140  -20.375  -16.259 0.3000000119
55807  -34.900  -22.017  -17.751 0.3000000119
56792  -34.819  -20.224  -18.678 0.3000000119
55811  -34.680  -21.285  -18.464 0.3000000119
133071  -32.993  -20.553  -20.185 0.3000000119
56796  -33.583  -20.307  -19.843 0.3000000119
56812  -31.523  -20.289  -21.245 0.3000000119
56802  -32.368  -20.253  -20.670 0.3000000119
58661  -32.923  -18.818  -15.538 0.3000000119
58662  -33.885  -18.852  -15.543 0.3000000119
57744  -34.295  -19.561  -15.564 0.3000000119
57745  -34.931  -19.571  -15.976 0.3000000119
57763  -35.336  -19.571  -16.577 0.3000000119
56778  -35.316  -20.855  -16.885 0.3000000119
55812  -35.128  -20.672  -18.103 0.3000000119
55808  -35.146  -21.180  -17.644 0.3000000119
57789  -32.670  -19.514  -20.735 0.3000000119
57800  -32.034  -19.470  -21.282 0.3000000119
58663  -34.559  -18.962  -15.751 0.3000000119
24599  -21.685  -58.343  -11.459 0.4000000060
30394  -18.793  -51.316  -3.844 0.3000000119
30397  -21.753  -51.279  -3.752 0.4000000060
31287  -20.448  -50.548  -3.795 0.4000000060
125983  -20.616  -48.286  -4.553 0.4000000060
40099  -29.267  -39.057  -6.047 0.3000000119
44557  -32.611  -34.906  -9.721 0.3000000119
48143  -33.471  -30.596  -12.424 0.3000000119
52413  -29.448  -25.781  -13.872 0.3000000119
127383  -28.247  -23.987  -14.865 0.3000000119
54112  -28.270  -23.395  -15.280 0.3000000119
54113  -29.042  -22.901  -15.386 0.3000000119
48150  -33.599  -30.272  -13.967 0.3000000119
29488  -18.823  -52.216  -3.595 0.4000000060
29489  -19.606  -52.656  -3.574 0.4000000060
29490  -20.515  -52.523  -3.666 0.4000000060
30396  -21.222  -51.897  -3.761 0.4000000060
126274  -17.548  -49.838  -4.688 0.3000000119
31299  -19.191  -49.733  -4.381 0.4000000060
48976  -32.041  -29.589  -11.555 0.3000000119
50673  -32.970  -27.921  -16.965 0.3000000119
50631  -31.958  -27.539  -12.306 0.3000000119
50632  -32.852  -27.521  -12.605 0.3000000119
51554  -31.647  -26.287  -12.917 0.3000000119
51535  -32.968  -26.828  -12.906 0.3000000119
113877  -29.498  -22.189  -15.682 0.3000000119
51555  -33.022  -26.133  -13.147 0.3000000119
51556  -33.565  -26.744  -13.376 0.3000000119
54098  -31.875  -23.219  -14.172 0.3000000119
52418  -34.299  -25.794  -14.203 0.3000000119
50670  -34.120  -27.201  -15.488 0.3000000119
52433  -34.458  -25.216  -14.886 0.3000000119
54089  -33.237  -23.987  -13.834 0.3000000119
52446  -34.139  -25.111  -17.158 0.3000000119
55779  -30.653  -21.658  -15.503 0.3000000119
54100  -33.805  -23.720  -14.231 0.3000000119
128325  -34.693  -23.186  -16.933 0.3000000119
54965  -33.570  -22.471  -19.077 0.3000000119
120083  -34.363  -20.800  -15.421 0.3000000119
55783  -34.472  -21.450  -15.401 0.3000000119
55784  -34.873  -21.588  -15.843 0.3000000119
56766  -34.650  -20.247  -15.689 0.3000000119
124422  -35.184  -21.657  -16.961 0.3000000119
56803  -33.084  -19.883  -20.315 0.3000000119
56789  -35.353  -20.448  -17.490 0.3000000119
117436  -35.504  -19.628  -17.385 0.3000000119
35936  -27.859  -44.516  -13.284 0.4000000060
22877  -17.344  -60.769  -8.077 0.3000000119
22878  -18.260  -60.539  -7.336 0.3000000119
23769  -17.517  -59.754  -8.001 0.3000000119
32043  -17.717  -49.080  -5.093 0.3000000119
32774  -18.386  -48.436  -5.543 0.3000000119
28536  -21.144  -53.916  -4.433 0.3000000119
119166  -20.415  -51.516  -3.667 0.3000000119
27637  -21.629  -53.604  -4.907 0.3000000119
28537  -21.705  -53.079  -4.519 0.3000000119
117464  -20.098  -53.380  -3.620 0.3000000119
28531  -21.001  -53.372  -3.890 0.3000000119
35183  -27.852  -46.027  -12.854 0.3000000119
19656  -25.401  -64.291  -7.070 0.4000000060
19664  -25.227  -64.376  -8.458 0.5000000000
20417  -23.956  -62.853  -9.872 0.5000000000
21195  -24.819  -62.534  -5.816 0.5000000000
21205  -25.635  -62.586  -6.770 0.5000000000
21227  -25.442  -62.999  -8.944 0.5000000000
22014  -24.768  -60.839  -5.807 0.5000000000
22039  -26.322  -61.502  -8.382 0.5000000000
22859  -24.150  -60.189  -5.720 0.5000000000
22880  -26.638  -60.572  -7.403 0.5000000000
23732  -22.035  -60.012  -5.848 0.5000000000
25356  -27.359  -57.755  -8.297 0.5000000000
25378  -21.223  -56.712  -11.741 0.6999999881
26153  -25.164  -57.034  -10.861 0.6000000238
26179  -21.176  -56.182  -13.189 0.5000000000
27696  -27.994  -55.123  -8.985 0.8000000119
28559  -28.636  -53.387  -6.338 0.8000000119
28569  -20.991  -52.723  -7.500 0.5000000000
28570  -21.804  -53.176  -7.206 0.4000000060
28615  -22.240  -53.579  -11.525 0.6999999881
29543  -26.160  -52.188  -10.035 0.6999999881
30395  -19.619  -51.873  -3.629 0.4000000060
30413  -28.213  -51.319  -4.984 0.6000000238
30416  -29.195  -51.350  -6.151 0.6999999881
30422  -29.512  -51.381  -7.696 0.6999999881
30446  -21.170  -51.455  -11.775 0.6999999881
31337  -28.377  -50.168  -9.260 0.8000000119
31377  -22.417  -51.124  -13.193 0.6999999881
32093  -23.630  -49.197  -10.952 0.8000000119
32095  -25.587  -49.543  -10.356 0.8000000119
32113  -21.501  -49.739  -12.215 0.6999999881
32758  -19.788  -48.424  -4.765 0.4000000060
32810  -26.653  -48.765  -10.231 0.8999999762
32841  -27.198  -48.426  -12.634 0.4000000060
32853  -21.685  -48.646  -12.762 0.6999999881
32855  -24.709  -48.532  -13.718 0.6000000238
33580  -21.588  -47.428  -12.477 0.8000000119
33585  -21.495  -47.652  -12.679 0.8000000119
34367  -30.474  -46.761  -7.883 0.6999999881
34386  -25.389  -46.965  -10.696 0.8000000119
34406  -21.736  -46.132  -12.890 0.8000000119
35100  -25.538  -46.227  -4.675 0.6000000238
35162  -22.872  -45.430  -11.871 0.8000000119
35919  -25.154  -44.076  -11.332 0.8000000119
35937  -28.794  -44.414  -13.115 0.3000000119
35944  -25.155  -43.955  -14.476 0.6999999881
35945  -25.974  -44.406  -14.190 0.6000000238
36636  -23.111  -43.361  -12.015 0.8999999762
36662  -22.739  -43.490  -13.067 0.8000000119
37450  -23.190  -42.817  -12.325 1.0000000000
37480  -24.820  -42.766  -14.426 0.6999999881
38305  -24.045  -41.867  -11.689 0.8000000119
38316  -27.130  -41.224  -11.266 0.6999999881
39178  -25.516  -40.664  -5.437 0.3000000119
40175  -27.306  -39.459  -14.949 0.6999999881
40974  -23.319  -38.869  -12.349 0.8000000119
41019  -21.111  -37.782  -14.792 0.8000000119
41020  -21.962  -37.889  -15.247 0.8000000119
41804  -32.156  -37.381  -8.549 0.5000000000
41839  -25.414  -37.780  -13.110 0.8000000119
41852  -21.348  -37.173  -13.957 0.8000000119
41877  -28.010  -37.493  -15.786 0.6000000238
42705  -22.287  -36.658  -14.358 0.8000000119
43638  -31.781  -35.124  -14.209 0.6999999881
43669  -24.822  -34.436  -16.916 0.6999999881
43670  -26.136  -35.131  -17.384 0.6000000238
44569  -33.296  -34.025  -12.708 0.6000000238
44586  -24.442  -34.132  -15.958 0.8000000119
45496  -26.258  -33.694  -17.806 0.6000000238
46390  -24.869  -32.056  -18.011 0.6999999881
49056  -24.936  -29.292  -19.256 0.5000000000
51594  -30.713  -26.735  -19.039 0.5000000000
53259  -34.398  -24.416  -16.905 0.3000000119
54114  -34.582  -23.608  -15.659 0.3000000119
56765  -33.974  -20.266  -15.330 0.3000000119
56793  -35.315  -20.102  -18.020 0.3000000119
111817  -27.419  -41.341  -14.319 0.6000000238
112211  -27.615  -56.999  -7.039 0.6000000238
113095  -25.668  -60.881  -9.560 0.6000000238
115171  -27.613  -55.657  -6.416 0.6000000238
115925  -25.695  -40.904  -11.548 0.8000000119
116887  -28.857  -39.938  -14.584 0.6000000238
117342  -20.608  -54.024  -12.642 0.6999999881
118484  -21.546  -48.968  -12.335 0.6999999881
118655  -21.716  -50.232  -11.648 0.6999999881
118909  -23.947  -55.174  -11.437 0.6999999881
120236  -24.235  -62.065  -5.578 0.5000000000
120729  -21.247  -58.842  -6.719 0.5000000000
121110  -24.720  -47.223  -10.850 0.8000000119
122213  -24.464  -50.930  -10.685 0.6999999881
122403  -27.251  -29.161  -17.662 0.6000000238
122552  -20.001  -61.041  -6.482 0.5000000000
123279  -21.908  -45.920  -12.668 0.8000000119
123447  -27.404  -38.014  -13.323 0.8000000119
123600  -23.992  -46.829  -13.961 0.6999999881
124074  -22.780  -46.691  -13.564 0.8000000119
124126  -35.411  -20.175  -16.872 0.3000000119
124246  -20.640  -54.607  -11.661 0.6999999881
125781  -29.029  -39.730  -5.719 0.5000000000
126505  -26.006  -41.085  -5.313 0.3000000119
126648  -20.643  -52.575  -7.814 0.3000000119
126691  -30.519  -46.807  -7.381 0.6999999881
128662  -21.064  -48.837  -4.166 0.6000000238
128670  -28.638  -43.754  -10.654 0.6999999881
129625  -22.056  -50.652  -3.768 0.4000000060
129948  -26.080  -42.973  -11.155 0.8000000119
129965  -24.589  -32.435  -16.686 0.6999999881
130046  -32.405  -26.345  -12.936 0.3000000119
130509  -20.845  -37.624  -14.275 0.8000000119
130534  -21.741  -48.087  -13.002 0.8000000119
131738  -18.815  -58.784  -7.494 0.4000000060
133353  -22.422  -54.775  -7.194 0.5000000000
133403  -32.900  -21.525  -19.902 0.3000000119
134444  -32.548  -21.153  -20.254 0.3000000119
134558  -27.462  -37.648  -15.869 0.6000000238
134566  -28.346  -50.065  -4.819 0.6000000238
134652  -22.286  -49.875  -11.419 0.6999999881
134739  -24.970  -27.534  -18.317 0.5000000000
