#!ascii label  , from subject bert vox2ras=TkReg
490
13640  -21.805  -72.155  -12.042 0.6999999881
14344  -21.238  -71.392  -12.292 0.6000000238
14353  -20.509  -71.336  -13.116 0.6000000238
130869  -20.279  -72.212  -14.268 0.4000000060
15748  -21.243  -69.029  -6.505 0.6999999881
16518  -20.667  -69.047  -6.717 0.6999999881
15033  -20.958  -69.293  -7.066 0.6999999881
16531  -20.267  -69.249  -7.219 0.6000000238
15762  -20.235  -69.351  -7.418 0.6999999881
125757  -21.314  -69.876  -7.504 0.6000000238
15782  -20.477  -69.417  -8.193 0.6000000238
15047  -23.155  -70.336  -8.685 0.6000000238
15045  -20.701  -69.752  -8.118 0.6000000238
15801  -20.550  -69.513  -8.975 0.5000000000
120526  -21.128  -69.973  -9.567 0.5000000000
15800  -20.439  -69.307  -9.699 0.5000000000
15068  -20.282  -69.692  -10.951 0.6000000238
15070  -21.688  -70.537  -11.173 0.6000000238
15820  -19.915  -69.650  -11.532 0.6000000238
15077  -19.970  -69.901  -11.932 0.6000000238
14343  -20.641  -70.603  -12.331 0.6000000238
17334  -21.439  -68.560  -6.973 0.6000000238
17344  -22.190  -67.657  -8.210 0.6000000238
17343  -21.241  -68.365  -7.792 0.6000000238
118985  -21.266  -68.043  -8.618 0.6000000238
17372  -22.149  -67.341  -10.062 0.6000000238
16542  -20.652  -68.809  -8.260 0.6000000238
16555  -20.507  -69.045  -8.905 0.6000000238
17371  -21.147  -67.748  -10.359 0.6000000238
17370  -20.457  -68.251  -10.763 0.6000000238
15811  -20.267  -69.530  -10.644 0.6000000238
16565  -20.233  -69.032  -10.521 0.6999999881
16574  -20.066  -68.709  -11.343 0.6000000238
16573  -19.732  -68.982  -11.848 0.6000000238
15085  -19.909  -70.370  -13.072 0.5000000000
15091  -19.875  -70.534  -13.874 0.5000000000
17321  -21.646  -68.341  -6.054 0.6000000238
17335  -22.106  -67.706  -7.343 0.6000000238
17345  -23.117  -67.218  -8.556 0.6000000238
131596  -23.181  -67.144  -9.115 0.6000000238
17358  -22.370  -67.448  -9.122 0.6000000238
18168  -23.121  -66.846  -9.657 0.6000000238
18177  -22.524  -66.469  -10.483 0.6000000238
115204  -21.297  -67.866  -9.470 0.6000000238
123585  -21.689  -67.008  -10.855 0.6000000238
17384  -20.916  -67.499  -11.241 0.6999999881
15819  -19.698  -69.466  -12.061 0.6000000238
15826  -19.502  -69.481  -12.806 0.6000000238
15097  -19.878  -70.673  -14.205 0.4000000060
18146  -22.887  -67.015  -5.988 0.6000000238
17323  -23.017  -67.249  -6.839 0.6000000238
18156  -23.876  -66.870  -8.097 0.6000000238
18162  -23.664  -66.749  -8.907 0.6000000238
18930  -23.189  -65.826  -10.038 0.5000000000
18176  -21.911  -66.131  -11.256 0.6999999881
18187  -20.630  -66.449  -12.423 0.6000000238
133070  -20.613  -67.194  -11.983 0.6000000238
17383  -20.309  -67.902  -11.687 0.6000000238
17382  -19.922  -68.295  -12.175 0.6000000238
130400  -19.786  -67.891  -12.814 0.6000000238
16590  -19.485  -68.893  -13.156 0.6000000238
15832  -19.530  -69.564  -13.320 0.6000000238
15839  -19.876  -69.812  -14.099 0.4000000060
15838  -19.604  -69.546  -13.629 0.5000000000
18147  -23.695  -66.754  -6.402 0.5000000000
18148  -24.406  -66.276  -6.740 0.6000000238
123029  -23.854  -66.908  -7.213 0.6000000238
18916  -24.343  -65.946  -8.389 0.6000000238
18925  -24.068  -65.148  -9.089 0.5000000000
18924  -23.760  -66.027  -9.328 0.5000000000
19676  -23.095  -64.773  -10.104 0.6000000238
121003  -22.707  -64.024  -10.434 0.6000000238
18929  -22.621  -65.395  -10.807 0.6999999881
18928  -21.815  -65.206  -11.511 0.6999999881
18188  -21.204  -66.720  -11.675 0.6999999881
19679  -20.871  -64.401  -12.488 0.6000000238
18933  -20.612  -65.380  -12.661 0.6000000238
124578  -20.206  -67.334  -12.596 0.6000000238
17395  -20.089  -67.207  -13.083 0.6000000238
16599  -19.556  -69.077  -13.449 0.5000000000
16600  -19.809  -68.920  -13.772 0.4000000060
18909  -24.736  -65.744  -7.454 0.6000000238
18157  -24.345  -66.423  -7.583 0.5000000000
19663  -24.593  -65.004  -8.557 0.6000000238
20412  -24.224  -63.669  -9.528 0.5000000000
19670  -23.652  -64.387  -9.593 0.6000000238
20417  -23.956  -62.853  -9.872 0.5000000000
133889  -23.148  -64.144  -9.955 0.6000000238
20411  -23.285  -63.527  -9.960 0.5000000000
20416  -22.525  -63.112  -10.484 0.5000000000
114608  -21.959  -62.737  -11.033 0.5000000000
19675  -22.301  -64.537  -11.095 0.6000000238
21231  -21.664  -62.062  -11.235 0.5000000000
21242  -21.176  -62.703  -11.724 0.5000000000
19680  -21.534  -64.364  -11.756 0.6000000238
21230  -20.760  -61.765  -11.821 0.4000000060
121419  -21.167  -65.010  -12.104 0.6999999881
131977  -20.530  -62.260  -12.374 0.4000000060
20422  -20.565  -63.713  -12.837 0.5000000000
19688  -20.483  -64.509  -12.951 0.6000000238
20432  -20.461  -63.898  -13.049 0.5000000000
20443  -20.544  -63.771  -13.167 0.5000000000
18206  -20.314  -66.284  -13.262 0.6000000238
128888  -20.884  -67.231  -14.146 0.5000000000
19699  -20.525  -64.519  -13.301 0.6000000238
18215  -20.497  -66.256  -13.723 0.6000000238
116631  -20.471  -66.957  -13.859 0.6000000238
18910  -25.162  -65.037  -7.290 0.5000000000
18917  -25.029  -65.170  -8.001 0.5000000000
19671  -24.500  -64.410  -9.085 0.5000000000
21233  -23.086  -62.598  -10.250 0.4000000060
119091  -22.152  -61.685  -10.962 0.5000000000
22919  -20.490  -60.329  -12.277 0.4000000060
134115  -20.740  -61.150  -11.723 0.4000000060
22062  -20.442  -61.097  -12.239 0.4000000060
22066  -20.332  -61.506  -12.854 0.5000000000
21241  -20.277  -62.273  -12.912 0.5000000000
132598  -20.756  -60.958  -13.100 0.5000000000
119924  -20.375  -62.318  -13.022 0.5000000000
119880  -20.874  -62.371  -13.241 0.5000000000
18953  -21.896  -64.914  -14.156 0.5000000000
18216  -21.018  -66.363  -14.179 0.5000000000
19708  -20.769  -64.793  -13.892 0.6000000238
22053  -22.855  -61.732  -10.592 0.4000000060
22907  -22.269  -60.265  -11.138 0.5000000000
119073  -21.583  -60.649  -11.322 0.5000000000
23805  -20.796  -59.415  -11.905 0.5000000000
23824  -20.590  -60.116  -12.711 0.4000000060
22934  -21.429  -61.014  -13.355 0.5000000000
119516  -22.291  -64.077  -13.890 0.5000000000
18963  -21.491  -65.580  -14.261 0.3000000119
114452  -21.641  -60.092  -13.444 0.5000000000
21260  -21.514  -62.813  -13.522 0.5000000000
19709  -21.290  -64.405  -14.019 0.5000000000
23806  -21.729  -59.316  -11.404 0.4000000060
22905  -20.657  -59.981  -11.969 0.4000000060
122288  -21.007  -58.781  -11.837 0.4000000060
24630  -20.872  -58.040  -13.119 0.4000000060
130564  -20.634  -58.518  -12.775 0.4000000060
23833  -20.954  -59.612  -13.164 0.4000000060
25406  -21.500  -57.624  -13.426 0.4000000060
23834  -21.691  -59.220  -13.557 0.5000000000
20446  -22.942  -63.267  -13.721 0.4000000060
22077  -21.528  -61.952  -13.423 0.5000000000
20445  -22.135  -63.249  -13.749 0.5000000000
22078  -22.378  -61.534  -13.570 0.5000000000
20444  -21.432  -63.656  -13.687 0.5000000000
26180  -21.827  -56.915  -13.526 0.4000000060
24631  -21.686  -58.375  -13.522 0.4000000060
21262  -23.346  -62.502  -13.595 0.4000000060
133208  -23.034  -61.901  -13.637 0.5000000000
24632  -22.679  -58.794  -13.770 0.5000000000
22935  -22.454  -60.680  -13.566 0.5000000000
22937  -23.951  -60.930  -13.435 0.4000000060
22079  -23.675  -61.781  -13.536 0.3000000119
127170  -22.762  -57.768  -13.718 0.5000000000
23835  -22.730  -59.768  -13.682 0.5000000000
118979  -23.157  -61.224  -13.605 0.5000000000
122617  -22.271  -56.096  -13.567 0.4000000060
127336  -23.776  -59.998  -13.556 0.3000000119
22938  -24.617  -60.257  -13.242 0.3000000119
26181  -23.049  -56.773  -13.663 0.4000000060
127100  -23.614  -59.165  -13.766 0.5000000000
25407  -23.677  -57.268  -13.681 0.4000000060
132056  -23.499  -58.455  -13.798 0.5000000000
26937  -22.696  -55.257  -13.559 0.4000000060
23836  -24.514  -59.420  -13.458 0.3000000119
24622  -25.399  -58.821  -13.062 0.3000000119
120235  -23.490  -55.945  -13.671 0.4000000060
25408  -24.386  -57.261  -13.549 0.4000000060
24633  -23.929  -57.895  -13.764 0.4000000060
27749  -23.001  -54.319  -13.542 0.5000000000
24634  -24.749  -57.966  -13.421 0.3000000119
127868  -25.456  -57.932  -12.993 0.4000000060
25400  -25.925  -57.393  -12.683 0.4000000060
123305  -26.224  -58.170  -12.642 0.4000000060
26938  -23.966  -55.125  -13.738 0.4000000060
26183  -24.805  -56.549  -13.449 0.5000000000
25409  -25.119  -57.288  -13.209 0.4000000060
114314  -24.484  -55.822  -13.655 0.5000000000
26182  -24.045  -56.599  -13.639 0.5000000000
26939  -24.981  -55.013  -13.711 0.5000000000
120177  -25.215  -55.847  -13.359 0.4000000060
26168  -25.516  -56.629  -12.911 0.4000000060
26923  -26.446  -55.384  -12.547 0.4000000060
25401  -26.860  -57.564  -12.500 0.3000000119
27750  -24.348  -54.358  -13.692 0.5000000000
123839  -26.534  -53.541  -12.504 0.4000000060
27735  -27.241  -53.988  -12.438 0.3000000119
120234  -23.825  -52.081  -13.529 0.5000000000
28647  -25.752  -53.606  -12.753 0.4000000060
26922  -25.621  -55.234  -12.999 0.4000000060
130026  -26.130  -54.805  -12.662 0.4000000060
117895  -27.096  -54.774  -12.444 0.4000000060
26924  -27.378  -55.584  -12.358 0.3000000119
29591  -24.288  -52.822  -13.475 0.5000000000
27751  -24.986  -54.311  -13.601 0.5000000000
27733  -25.494  -54.437  -13.063 0.5000000000
28663  -24.679  -53.658  -13.537 0.5000000000
29580  -26.257  -52.738  -12.567 0.4000000060
29581  -27.370  -52.327  -12.403 0.4000000060
30481  -24.187  -51.414  -13.577 0.5000000000
28649  -28.119  -53.800  -12.415 0.3000000119
115416  -24.808  -51.945  -13.402 0.5000000000
31364  -25.483  -51.297  -13.173 0.5000000000
29579  -25.611  -52.076  -12.928 0.5000000000
28664  -25.208  -53.810  -13.302 0.5000000000
29592  -25.226  -52.945  -13.197 0.5000000000
30468  -27.662  -51.419  -12.439 0.4000000060
32131  -24.223  -49.697  -13.693 0.5000000000
31365  -25.992  -50.642  -12.948 0.5000000000
30469  -28.636  -51.301  -12.557 0.3000000119
114109  -28.255  -52.986  -12.466 0.3000000119
31380  -24.820  -50.184  -13.637 0.5000000000
31381  -25.525  -49.943  -13.318 0.5000000000
126101  -25.307  -50.606  -13.387 0.5000000000
132541  -21.339  -70.787  -11.799 0.6000000238
13651  -20.443  -72.181  -13.746 0.5000000000
15058  -20.671  -69.618  -8.818 0.6000000238
17394  -19.672  -68.020  -13.124 0.6000000238
17404  -20.118  -67.271  -13.428 0.6000000238
18934  -21.175  -65.805  -11.964 0.6999999881
122946  -20.635  -62.913  -12.611 0.5000000000
18198  -20.308  -66.312  -12.948 0.6000000238
22050  -20.806  -60.618  -11.728 0.5000000000
20423  -21.153  -63.584  -12.156 0.4000000060
20455  -20.824  -64.073  -13.582 0.5000000000
130439  -21.126  -64.986  -14.219 0.5000000000
23825  -20.661  -59.224  -12.704 0.4000000060
126520  -20.867  -60.425  -13.101 0.5000000000
23819  -20.551  -58.766  -12.281 0.4000000060
119060  -24.287  -58.615  -13.640 0.4000000060
116124  -26.711  -56.003  -12.393 0.3000000119
30482  -24.789  -51.002  -13.558 0.5000000000
8328  -22.910  -80.086  -6.653 0.5000000000
8985  -24.415  -79.962  -7.400 0.5000000000
128265  -23.608  -79.905  -6.871 0.5000000000
9605  -24.525  -78.123  -10.682 0.5000000000
132128  -25.692  -79.835  -8.330 0.5000000000
131552  -25.132  -79.917  -7.784 0.4000000060
9555  -23.468  -78.610  -6.814 0.5000000000
122835  -24.186  -78.398  -7.938 0.6000000238
9565  -23.963  -78.602  -7.254 0.6000000238
9596  -24.470  -78.282  -9.552 0.5000000000
9586  -24.517  -78.543  -8.343 0.5000000000
112741  -24.034  -78.870  -12.060 0.4000000060
128891  -22.726  -76.287  -6.492 0.6999999881
10817  -23.446  -76.314  -6.778 0.6999999881
119559  -23.834  -77.306  -7.609 0.6999999881
10221  -23.887  -77.529  -8.546 0.5000000000
9604  -24.052  -77.788  -10.562 0.5000000000
9595  -23.934  -77.797  -9.760 0.5000000000
9585  -23.965  -78.073  -8.821 0.5000000000
10270  -22.677  -78.519  -12.513 0.5000000000
9615  -24.020  -78.297  -11.396 0.5000000000
12141  -20.968  -74.355  -6.667 0.5000000000
11462  -21.242  -75.297  -6.771 0.6999999881
125656  -22.620  -74.767  -6.459 0.6999999881
11463  -22.258  -75.428  -6.490 0.6999999881
11464  -23.259  -75.388  -6.558 0.6999999881
119086  -23.485  -77.104  -6.969 0.6000000238
10860  -23.822  -76.968  -9.189 0.6999999881
10849  -24.189  -76.564  -8.166 0.6000000238
9603  -23.785  -77.511  -10.649 0.5000000000
10865  -23.635  -77.059  -10.152 0.6000000238
10261  -23.291  -77.970  -11.706 0.5000000000
9630  -22.132  -78.651  -13.354 0.5000000000
12142  -21.637  -73.947  -6.246 0.5000000000
12143  -22.463  -74.088  -6.291 0.6999999881
11481  -23.980  -75.622  -6.962 0.6999999881
12145  -24.339  -74.024  -6.833 0.6999999881
118047  -23.824  -73.842  -6.469 0.6999999881
10835  -23.912  -76.456  -7.312 0.8000000119
12173  -24.536  -74.446  -8.184 0.6999999881
130778  -23.792  -76.292  -9.815 0.6000000238
133253  -23.944  -75.526  -9.544 0.6999999881
10872  -23.359  -77.061  -11.286 0.6999999881
120509  -23.464  -76.302  -10.653 0.6000000238
10269  -22.229  -78.094  -12.834 0.6000000238
10260  -22.790  -77.694  -12.142 0.6000000238
10878  -21.851  -76.922  -13.276 0.6000000238
12840  -21.012  -73.479  -5.267 0.5000000000
12841  -21.756  -73.133  -5.190 0.6000000238
12854  -21.543  -73.590  -5.803 0.5000000000
13570  -22.523  -72.548  -5.287 0.6000000238
129844  -23.006  -73.016  -5.729 0.6000000238
12855  -23.113  -73.622  -6.143 0.6999999881
12878  -24.544  -73.293  -7.075 0.6999999881
13582  -24.336  -72.419  -6.851 0.6000000238
11482  -24.414  -74.913  -7.320 0.6999999881
12896  -24.590  -73.422  -7.931 0.6999999881
11509  -24.173  -75.081  -8.899 0.6999999881
11529  -22.619  -75.753  -11.655 0.6999999881
10879  -22.338  -77.160  -12.614 0.6999999881
11541  -21.983  -76.101  -12.513 0.6999999881
12826  -21.074  -72.998  -4.678 0.5000000000
132599  -22.836  -71.908  -5.314 0.6000000238
13571  -23.231  -72.276  -5.725 0.6000000238
13581  -23.853  -72.386  -6.293 0.6000000238
12914  -24.391  -73.553  -8.846 0.8000000119
13608  -24.488  -72.586  -8.615 0.5000000000
14306  -24.206  -71.569  -7.404 0.6000000238
12189  -23.864  -74.725  -9.777 0.6999999881
12930  -23.387  -73.454  -10.438 0.6999999881
12213  -22.853  -74.877  -11.354 0.6999999881
12945  -23.093  -74.066  -10.911 0.6999999881
11540  -21.204  -76.134  -13.552 0.5000000000
121786  -21.402  -75.313  -12.999 0.6999999881
12227  -20.102  -74.702  -14.364 0.5000000000
13559  -20.500  -72.642  -4.214 0.5000000000
118708  -21.111  -72.284  -4.425 0.5000000000
15007  -21.868  -70.943  -4.746 0.6000000238
13560  -21.775  -72.423  -4.739 0.6000000238
15016  -22.211  -70.690  -5.265 0.6000000238
14288  -22.894  -71.370  -5.630 0.6000000238
15021  -22.418  -70.505  -6.068 0.6000000238
14297  -23.174  -71.095  -6.417 0.6000000238
15022  -22.507  -70.430  -6.897 0.6000000238
13618  -23.782  -72.089  -10.041 0.6000000238
130322  -23.460  -70.959  -9.621 0.5000000000
15034  -22.733  -70.381  -7.764 0.5000000000
13629  -22.685  -72.086  -11.311 0.6000000238
13630  -23.249  -72.609  -10.563 0.6000000238
133265  -21.957  -73.609  -12.369 0.6000000238
131157  -22.253  -72.999  -11.829 0.6000000238
113032  -21.007  -72.938  -13.534 0.5000000000
125558  -20.726  -71.649  -4.121 0.5000000000
15006  -21.228  -70.820  -4.419 0.6000000238
15020  -21.744  -69.738  -5.957 0.6000000238
129405  -24.006  -70.949  -8.839 0.5000000000
15046  -21.738  -70.093  -8.329 0.5000000000
14336  -22.501  -71.036  -10.932 0.4000000060
14327  -22.738  -70.729  -10.183 0.5000000000
15059  -22.275  -70.125  -9.407 0.5000000000
14270  -20.145  -71.380  -3.747 0.5000000000
120609  -21.062  -70.122  -4.420 0.6000000238
15739  -21.513  -69.300  -5.462 0.6000000238
15015  -21.594  -70.126  -4.922 0.6000000238
15069  -20.978  -70.031  -10.503 0.5000000000
14996  -19.798  -70.749  -3.594 0.5000000000
15732  -20.665  -69.705  -4.094 0.5000000000
15733  -21.196  -69.494  -4.718 0.6000000238
14995  -19.035  -70.980  -3.431 0.5000000000
15720  -20.116  -69.897  -3.646 0.5000000000
16490  -20.726  -68.956  -4.289 0.6000000238
16504  -21.523  -68.678  -5.822 0.6000000238
15718  -18.246  -69.771  -3.428 0.5000000000
118494  -19.771  -69.175  -3.528 0.5000000000
17287  -20.845  -68.220  -4.430 0.5000000000
17306  -21.466  -67.967  -5.050 0.6000000238
16491  -21.278  -68.756  -4.976 0.6000000238
114555  -18.870  -69.096  -3.427 0.5000000000
16479  -20.226  -68.444  -3.749 0.5000000000
129981  -18.580  -68.395  -3.523 0.5000000000
17322  -22.138  -67.643  -6.435 0.5000000000
17278  -19.688  -67.641  -3.664 0.5000000000
131830  -21.745  -67.302  -4.888 0.5000000000
17276  -17.995  -67.945  -3.704 0.5000000000
18106  -19.995  -66.899  -3.856 0.5000000000
18120  -21.312  -67.167  -4.575 0.5000000000
17307  -22.109  -67.372  -5.406 0.4000000060
18118  -19.686  -66.180  -4.083 0.5000000000
120941  -21.097  -66.285  -4.293 0.5000000000
18134  -21.952  -66.658  -4.682 0.4000000060
18135  -22.691  -66.520  -5.206 0.4000000060
125171  -20.341  -66.335  -4.118 0.4000000060
18895  -22.357  -65.777  -4.702 0.4000000060
112198  -23.086  -65.726  -5.189 0.4000000060
14345  -21.979  -71.309  -11.639 0.6000000238
12955  -21.603  -72.917  -12.564 0.5000000000
12953  -20.438  -73.850  -13.942 0.4000000060
14316  -23.812  -70.817  -8.050 0.6000000238
119548  -23.419  -66.383  -5.719 0.4000000060
18137  -24.386  -65.659  -6.117 0.4000000060
12190  -24.136  -74.313  -9.048 0.6999999881
11530  -23.254  -75.573  -11.022 0.6999999881
12203  -23.429  -74.803  -10.628 0.6999999881
14317  -24.358  -71.610  -8.323 0.6000000238
14298  -23.888  -71.646  -6.663 0.6000000238
12212  -22.051  -75.109  -12.026 0.6999999881
13619  -24.192  -72.742  -9.474 0.6999999881
122330  -23.533  -74.137  -10.277 0.6999999881
12229  -21.757  -74.400  -12.613 0.6000000238
12228  -21.015  -74.559  -13.580 0.6000000238
8975  -23.194  -79.354  -6.679 0.5000000000
8984  -23.845  -79.284  -7.028 0.6000000238
9003  -24.983  -79.299  -7.885 0.4000000060
9566  -24.363  -79.005  -7.576 0.6000000238
9587  -25.198  -78.883  -8.678 0.5000000000
9614  -23.688  -77.999  -11.352 0.5000000000
9631  -23.308  -78.729  -12.127 0.5000000000
10199  -23.737  -77.912  -6.999 0.5000000000
10238  -23.833  -77.574  -9.535 0.5000000000
10268  -21.801  -77.865  -13.706 0.5000000000
10816  -23.047  -76.952  -6.621 0.6000000238
10836  -24.292  -75.821  -7.558 0.8000000119
10871  -22.728  -76.662  -11.909 0.6999999881
11465  -23.976  -74.729  -6.705 0.6999999881
11493  -24.435  -75.508  -8.147 0.8000000119
11508  -24.146  -76.018  -8.928 0.6999999881
11521  -23.642  -75.530  -10.254 0.6000000238
11539  -20.664  -75.402  -14.039 0.5000000000
12144  -23.267  -74.414  -6.440 0.6999999881
12842  -22.318  -73.434  -5.815 0.6000000238
12856  -23.589  -73.071  -6.102 0.6999999881
12857  -24.183  -73.197  -6.552 0.6000000238
12913  -23.908  -73.707  -9.715 0.6999999881
12929  -22.881  -73.215  -11.107 0.6000000238
12944  -22.449  -74.042  -11.736 0.6000000238
12954  -21.410  -73.688  -13.139 0.6000000238
13596  -24.502  -72.474  -7.649 0.6999999881
13652  -21.091  -72.148  -12.854 0.6000000238
14269  -19.492  -71.628  -3.564 0.5000000000
14280  -21.535  -71.610  -4.508 0.5000000000
14281  -22.369  -71.602  -4.919 0.6000000238
14305  -23.472  -70.965  -7.189 0.6000000238
14328  -24.253  -71.765  -9.255 0.5000000000
14337  -23.106  -71.598  -10.452 0.4000000060
14362  -20.123  -71.431  -14.006 0.5000000000
14994  -18.440  -70.599  -3.421 0.5000000000
15005  -20.552  -70.615  -3.966 0.6000000238
15076  -19.703  -69.775  -12.419 0.6000000238
15078  -20.781  -70.219  -11.455 0.6000000238
15084  -19.595  -69.944  -13.223 0.6000000238
15090  -19.651  -70.055  -13.705 0.5000000000
15719  -19.222  -70.027  -3.458 0.5000000000
15810  -19.965  -69.382  -11.299 0.6000000238
15812  -20.615  -69.609  -9.814 0.6000000238
16478  -19.361  -68.406  -3.521 0.5000000000
16566  -20.621  -68.555  -9.757 0.6000000238
16582  -19.578  -68.742  -12.596 0.6000000238
17277  -18.800  -67.715  -3.627 0.5000000000
17279  -20.417  -67.606  -3.985 0.5000000000
17336  -23.035  -67.249  -7.717 0.6000000238
17357  -20.770  -68.464  -8.943 0.6000000238
17403  -19.708  -68.333  -13.458 0.6000000238
17414  -20.238  -67.881  -13.914 0.5000000000
18105  -19.075  -66.838  -3.856 0.5000000000
18119  -20.653  -66.959  -4.233 0.5000000000
18136  -24.052  -66.245  -6.069 0.6000000238
18896  -23.776  -65.722  -5.659 0.4000000060
18902  -24.825  -65.434  -6.693 0.5000000000
18941  -20.373  -65.372  -13.116 0.6000000238
18952  -20.519  -65.414  -13.571 0.6000000238
18962  -20.795  -65.496  -14.069 0.5000000000
20415  -21.903  -63.575  -11.189 0.6000000238
21232  -22.385  -62.309  -10.687 0.5000000000
21249  -20.441  -63.144  -13.008 0.5000000000
21259  -20.787  -63.196  -13.241 0.5000000000
21261  -22.441  -62.458  -13.646 0.5000000000
22051  -21.419  -61.274  -11.355 0.5000000000
22052  -22.238  -61.096  -11.042 0.5000000000
22076  -20.645  -61.555  -13.118 0.5000000000
22906  -21.261  -60.034  -11.562 0.5000000000
22924  -20.432  -60.774  -12.657 0.4000000060
22933  -20.519  -60.905  -12.877 0.5000000000
22936  -23.236  -60.516  -13.615 0.5000000000
23818  -20.522  -59.615  -12.292 0.4000000060
23837  -25.225  -59.726  -13.046 0.3000000119
24614  -20.778  -58.111  -11.961 0.4000000060
26169  -26.525  -56.716  -12.495 0.3000000119
27734  -26.316  -54.196  -12.579 0.4000000060
28648  -27.297  -53.217  -12.403 0.4000000060
28662  -23.719  -53.549  -13.586 0.5000000000
29582  -28.391  -52.123  -12.504 0.3000000119
112005  -23.878  -78.035  -7.864 0.5000000000
112559  -20.945  -58.818  -13.208 0.4000000060
114220  -28.051  -55.074  -12.407 0.3000000119
115160  -20.308  -69.222  -3.763 0.5000000000
115637  -21.950  -70.298  -10.340 0.5000000000
117106  -20.313  -73.670  -5.472 0.5000000000
118483  -25.934  -55.966  -12.681 0.4000000060
122646  -24.572  -74.047  -7.397 0.6999999881
122704  -23.122  -76.257  -11.308 0.6999999881
123553  -20.381  -72.977  -14.381 0.4000000060
123669  -23.708  -72.951  -10.079 0.6999999881
123830  -21.843  -74.592  -6.487 0.6999999881
123886  -23.472  -71.727  -6.122 0.6000000238
124575  -23.553  -65.198  -9.601 0.5000000000
125161  -20.060  -69.105  -6.992 0.6000000238
125250  -21.757  -69.877  -6.674 0.6000000238
129361  -27.879  -54.426  -12.387 0.3000000119
130612  -20.921  -67.583  -4.461 0.5000000000
131301  -20.364  -61.745  -12.568 0.4000000060
131887  -21.700  -65.840  -4.469 0.4000000060
132444  -21.140  -69.964  -8.794 0.6000000238
133089  -18.541  -71.139  -3.419 0.5000000000
134309  -20.813  -73.818  -6.208 0.5000000000
134450  -22.059  -77.567  -13.081 0.6000000238
134790  -22.740  -64.671  -10.636 0.6999999881
