#!ascii label  , from subject bert vox2ras=TkReg
2164
32114  -26.420  -49.878  -12.850 0.5000000000
31366  -27.011  -50.652  -12.590 0.5000000000
32840  -26.849  -49.146  -12.705 0.4000000060
116738  -27.894  -49.101  -12.549 0.5000000000
32842  -28.251  -48.317  -12.558 0.5000000000
33589  -28.472  -47.565  -12.574 0.5000000000
52475  -25.461  -25.127  -20.503 0.5000000000
53284  -25.793  -23.985  -20.775 0.4000000060
119371  -26.310  -23.451  -21.085 0.4000000060
54150  -26.986  -22.979  -21.210 0.6000000238
54151  -27.504  -23.426  -20.853 0.5000000000
54975  -26.967  -22.623  -21.666 0.5000000000
133378  -28.003  -23.028  -21.019 0.5000000000
54976  -27.844  -22.625  -21.347 0.4000000060
55823  -27.639  -22.271  -21.693 0.4000000060
54977  -29.038  -22.789  -21.102 0.5000000000
55824  -28.523  -22.161  -21.541 0.5000000000
56809  -28.150  -20.822  -22.250 0.4000000060
29580  -26.257  -52.738  -12.567 0.5000000000
31367  -28.093  -50.593  -12.457 0.5000000000
120391  -28.912  -49.042  -12.661 0.5000000000
32843  -29.351  -48.162  -12.793 0.5000000000
33590  -29.189  -47.311  -12.717 0.5000000000
35197  -29.425  -45.849  -12.920 0.5000000000
51602  -24.995  -26.130  -19.821 0.5000000000
50713  -24.827  -26.603  -20.130 0.5000000000
50722  -25.074  -26.037  -20.221 0.5000000000
52481  -25.668  -24.454  -20.933 0.5000000000
54162  -26.401  -23.156  -21.648 0.6000000238
59658  -27.829  -17.746  -24.581 0.3000000119
119081  -27.545  -21.174  -22.461 0.4000000060
58741  -28.487  -18.277  -23.780 0.3000000119
57797  -28.867  -20.116  -22.472 0.4000000060
57796  -27.776  -20.238  -22.739 0.3000000119
57812  -28.305  -19.584  -22.932 0.4000000060
30467  -26.450  -51.576  -12.636 0.5000000000
32116  -28.516  -49.820  -12.536 0.5000000000
35184  -28.736  -46.092  -12.684 0.5000000000
53294  -26.023  -23.702  -21.478 0.6000000238
132283  -29.288  -17.964  -23.736 0.3000000119
58726  -28.933  -18.935  -23.209 0.3000000119
17366  -34.117  -67.361  -9.748 0.3000000119
18173  -33.561  -66.908  -9.788 0.3000000119
18172  -32.728  -66.849  -9.684 0.4000000060
18181  -33.483  -66.553  -10.375 0.4000000060
122766  -31.959  -67.109  -9.300 0.4000000060
18171  -31.800  -66.668  -9.910 0.4000000060
18179  -31.990  -66.530  -10.876 0.4000000060
130116  -31.257  -66.650  -10.362 0.4000000060
18190  -31.997  -66.641  -11.929 0.4000000060
130661  -32.578  -66.512  -12.682 0.4000000060
18182  -34.791  -66.422  -10.864 0.3000000119
18193  -34.728  -65.898  -11.581 0.4000000060
126155  -34.173  -66.325  -11.038 0.4000000060
18180  -32.753  -66.478  -10.592 0.4000000060
18201  -33.561  -66.133  -12.290 0.4000000060
18191  -32.930  -66.423  -11.952 0.4000000060
18200  -33.057  -66.180  -12.752 0.4000000060
19703  -31.802  -65.935  -13.622 0.4000000060
18199  -32.298  -66.329  -13.196 0.4000000060
19686  -36.117  -64.215  -11.822 0.3000000119
19685  -35.384  -64.267  -11.738 0.3000000119
18935  -34.340  -65.433  -11.950 0.4000000060
18192  -34.110  -65.988  -11.983 0.4000000060
19694  -32.996  -65.322  -12.488 0.4000000060
18945  -32.815  -65.944  -13.025 0.4000000060
19682  -31.942  -64.341  -11.986 0.4000000060
19693  -32.022  -65.245  -12.900 0.4000000060
21243  -30.505  -62.319  -11.505 0.4000000060
130914  -31.070  -63.809  -11.898 0.4000000060
19681  -31.131  -64.352  -12.538 0.4000000060
20439  -36.371  -63.550  -12.148 0.3000000119
122958  -36.478  -65.072  -11.900 0.3000000119
20429  -35.554  -63.479  -11.848 0.3000000119
19684  -34.610  -64.590  -11.821 0.3000000119
19683  -33.847  -65.035  -12.146 0.3000000119
18946  -33.549  -65.818  -12.402 0.4000000060
120880  -33.000  -64.428  -11.772 0.4000000060
20425  -31.434  -63.447  -11.418 0.4000000060
20426  -32.327  -63.626  -11.310 0.4000000060
21244  -31.092  -62.696  -11.108 0.4000000060
22063  -30.528  -61.461  -11.430 0.4000000060
21247  -34.895  -62.574  -11.875 0.3000000119
21246  -34.125  -62.566  -11.445 0.4000000060
21245  -33.676  -63.182  -11.285 0.4000000060
20427  -33.118  -63.669  -11.337 0.4000000060
22913  -32.532  -60.629  -10.477 0.3000000119
21236  -32.199  -62.119  -10.585 0.4000000060
22912  -31.657  -60.796  -10.567 0.3000000119
21235  -31.475  -62.255  -10.757 0.4000000060
20418  -31.858  -62.885  -10.900 0.4000000060
22055  -30.981  -61.081  -10.847 0.4000000060
21274  -36.572  -62.037  -14.653 0.3000000119
21268  -36.255  -62.128  -13.586 0.3000000119
22946  -36.372  -60.382  -14.920 0.3000000119
131937  -36.108  -62.434  -12.896 0.3000000119
21256  -35.777  -62.752  -12.370 0.3000000119
115758  -35.234  -62.070  -12.447 0.3000000119
22064  -34.729  -61.623  -12.102 0.3000000119
126577  -33.810  -61.265  -10.935 0.3000000119
112879  -34.331  -61.952  -11.665 0.3000000119
22915  -33.938  -60.586  -10.899 0.3000000119
21237  -33.487  -62.418  -10.927 0.3000000119
113096  -32.762  -61.494  -10.527 0.3000000119
22058  -33.407  -61.709  -10.747 0.4000000060
23811  -32.619  -59.699  -10.415 0.3000000119
116073  -31.878  -59.988  -10.540 0.4000000060
23810  -31.425  -59.366  -10.760 0.4000000060
23820  -30.920  -59.536  -11.310 0.4000000060
22942  -36.050  -60.820  -14.138 0.3000000119
22084  -35.844  -61.393  -13.501 0.3000000119
120547  -36.120  -59.971  -13.979 0.3000000119
21267  -35.743  -62.017  -12.906 0.3000000119
22073  -35.322  -61.229  -12.720 0.3000000119
23821  -34.733  -59.484  -11.509 0.3000000119
117148  -34.732  -60.734  -12.108 0.3000000119
23813  -34.144  -59.629  -10.778 0.3000000119
22921  -34.424  -60.275  -11.413 0.3000000119
22059  -34.256  -61.178  -11.465 0.3000000119
116993  -33.988  -58.813  -10.475 0.3000000119
116431  -33.366  -60.138  -10.540 0.3000000119
23812  -33.367  -59.262  -10.387 0.3000000119
24605  -33.298  -58.322  -10.230 0.3000000119
24604  -32.454  -58.201  -10.362 0.3000000119
25383  -31.952  -57.698  -10.651 0.3000000119
25394  -31.102  -58.008  -11.644 0.4000000060
23843  -36.515  -59.410  -14.606 0.3000000119
23847  -36.715  -59.676  -15.547 0.3000000119
22941  -35.675  -60.528  -13.360 0.3000000119
23839  -36.312  -59.126  -13.811 0.3000000119
24649  -36.900  -58.772  -15.155 0.3000000119
24644  -36.977  -57.973  -14.853 0.3000000119
23830  -35.816  -59.540  -13.087 0.3000000119
23831  -36.249  -58.698  -13.216 0.3000000119
133916  -37.245  -57.513  -15.271 0.3000000119
24618  -35.350  -58.070  -11.369 0.3000000119
117260  -35.221  -58.809  -11.720 0.3000000119
23822  -35.238  -59.464  -12.256 0.3000000119
24607  -34.862  -57.881  -10.755 0.3000000119
24617  -34.675  -58.692  -10.934 0.3000000119
25386  -34.552  -57.180  -10.414 0.3000000119
25385  -33.629  -57.404  -10.147 0.3000000119
25384  -32.724  -57.508  -10.262 0.3000000119
25395  -31.434  -58.032  -11.017 0.4000000060
129968  -31.458  -57.204  -11.335 0.4000000060
25404  -30.842  -57.943  -12.537 0.5000000000
24643  -36.649  -58.524  -14.284 0.3000000119
129144  -36.452  -58.597  -13.726 0.3000000119
25420  -36.853  -57.811  -14.259 0.3000000119
24627  -35.763  -58.719  -12.424 0.3000000119
24628  -36.279  -58.057  -12.775 0.3000000119
111052  -37.432  -56.867  -15.456 0.3000000119
110759  -37.602  -56.049  -15.742 0.3000000119
25396  -35.856  -57.332  -11.608 0.3000000119
24619  -35.850  -57.997  -12.066 0.3000000119
26953  -37.648  -55.504  -15.046 0.3000000119
25387  -35.304  -57.305  -10.943 0.3000000119
27774  -37.929  -55.091  -16.039 0.3000000119
26902  -34.627  -55.518  -10.260 0.3000000119
26155  -34.611  -56.279  -10.318 0.3000000119
28686  -38.349  -53.554  -16.137 0.3000000119
25370  -33.904  -56.581  -10.013 0.3000000119
26143  -33.368  -55.978  -10.085 0.3000000119
118123  -32.638  -55.964  -10.436 0.3000000119
118545  -32.183  -56.738  -10.679 0.3000000119
26899  -31.979  -55.560  -11.276 0.4000000060
26911  -31.654  -55.593  -11.892 0.5000000000
25405  -36.730  -57.409  -13.069 0.3000000119
25413  -36.969  -57.323  -13.854 0.3000000119
110757  -37.157  -57.229  -14.667 0.3000000119
25397  -36.354  -57.395  -12.317 0.3000000119
121460  -36.778  -56.863  -12.601 0.3000000119
26186  -37.138  -56.597  -13.317 0.3000000119
26195  -37.253  -56.687  -14.146 0.3000000119
26161  -35.716  -56.586  -11.187 0.3000000119
111057  -37.411  -56.367  -14.860 0.3000000119
123307  -35.318  -55.862  -10.710 0.3000000119
27765  -37.897  -54.766  -15.135 0.3000000119
117989  -37.984  -54.099  -14.643 0.3000000119
28677  -38.140  -53.379  -15.192 0.3000000119
31392  -38.910  -50.609  -14.267 0.3000000119
30494  -38.575  -51.522  -14.330 0.3000000119
27699  -34.530  -54.726  -10.115 0.3000000119
27698  -33.594  -54.762  -10.077 0.3000000119
27711  -32.877  -54.652  -10.413 0.3000000119
26900  -32.424  -55.188  -10.796 0.3000000119
26174  -36.938  -56.195  -12.504 0.3000000119
26175  -37.286  -55.669  -13.078 0.3000000119
26912  -36.103  -55.760  -11.400 0.3000000119
26913  -36.572  -55.354  -11.798 0.3000000119
26162  -36.393  -56.588  -11.908 0.3000000119
26927  -36.950  -55.444  -12.320 0.3000000119
27740  -37.248  -54.823  -12.749 0.3000000119
112686  -37.556  -54.185  -13.268 0.3000000119
27753  -37.581  -54.991  -13.577 0.3000000119
119534  -35.130  -55.130  -10.464 0.3000000119
27722  -35.739  -55.083  -10.878 0.3000000119
128886  -36.493  -54.527  -11.451 0.3000000119
27739  -36.798  -54.732  -11.941 0.3000000119
28637  -37.282  -53.133  -12.329 0.3000000119
28654  -37.639  -53.283  -13.072 0.3000000119
126932  -37.831  -54.400  -13.935 0.3000000119
27712  -35.349  -54.446  -10.455 0.3000000119
30485  -38.042  -51.949  -13.090 0.3000000119
131702  -37.914  -52.577  -13.273 0.3000000119
118686  -38.634  -50.525  -12.983 0.3000000119
31384  -38.650  -50.984  -13.624 0.3000000119
29596  -38.242  -52.209  -13.791 0.3000000119
32137  -39.021  -49.826  -13.142 0.3000000119
127184  -38.883  -50.341  -13.627 0.3000000119
29547  -33.672  -53.355  -10.014 0.4000000060
32138  -39.499  -49.106  -13.414 0.3000000119
132211  -33.238  -53.317  -10.306 0.4000000060
34423  -40.172  -46.519  -13.985 0.3000000119
27710  -32.493  -54.142  -10.838 0.3000000119
27709  -32.102  -54.819  -11.519 0.4000000060
35205  -40.348  -45.003  -14.292 0.3000000119
123145  -31.837  -54.988  -12.301 0.5000000000
26926  -31.577  -55.602  -12.916 0.5000000000
28623  -36.411  -53.430  -10.998 0.3000000119
29574  -36.708  -52.647  -11.255 0.3000000119
29575  -37.143  -52.698  -11.892 0.3000000119
31371  -38.226  -50.803  -12.273 0.3000000119
131134  -34.227  -53.397  -9.893 0.4000000060
32120  -38.634  -49.959  -12.239 0.3000000119
32845  -39.597  -48.550  -12.639 0.3000000119
117516  -33.938  -51.990  -10.242 0.4000000060
28619  -32.822  -53.312  -10.635 0.5000000000
32846  -39.762  -47.878  -12.825 0.3000000119
33605  -39.944  -47.360  -13.478 0.4000000060
124471  -40.168  -45.813  -12.660 0.4000000060
29561  -32.737  -52.581  -10.960 0.5000000000
29573  -32.570  -52.718  -11.621 0.6000000238
122359  -40.274  -45.770  -13.638 0.3000000119
28634  -32.328  -53.379  -12.073 0.6000000238
28652  -32.322  -53.835  -13.021 0.6000000238
29565  -36.063  -52.659  -10.618 0.3000000119
120289  -36.498  -51.898  -10.829 0.3000000119
32101  -37.446  -49.792  -10.861 0.3000000119
29564  -35.348  -52.647  -10.269 0.3000000119
30455  -37.039  -51.202  -10.958 0.3000000119
31360  -37.955  -50.285  -11.571 0.3000000119
32111  -38.929  -49.309  -11.796 0.3000000119
32835  -38.635  -48.824  -11.272 0.4000000060
29563  -34.057  -52.749  -9.966 0.4000000060
32836  -39.305  -48.648  -11.802 0.4000000060
133462  -39.327  -48.048  -11.580 0.4000000060
30452  -33.795  -51.212  -10.506 0.5000000000
33593  -39.602  -47.891  -12.058 0.4000000060
117866  -39.961  -45.890  -11.713 0.4000000060
35187  -40.268  -45.099  -12.174 0.4000000060
30451  -33.229  -51.859  -10.727 0.5000000000
30462  -33.276  -51.072  -11.064 0.6000000238
33594  -39.815  -47.243  -12.583 0.4000000060
34404  -39.886  -46.562  -12.203 0.4000000060
35929  -40.604  -44.390  -12.637 0.4000000060
36658  -40.901  -43.702  -12.266 0.4000000060
30461  -32.899  -51.812  -11.708 0.6000000238
131370  -40.729  -44.366  -13.381 0.3000000119
36659  -41.574  -43.166  -12.930 0.4000000060
29584  -32.672  -52.563  -12.423 0.6000000238
29594  -32.706  -52.573  -13.426 0.6000000238
28666  -32.601  -53.343  -13.842 0.6999999881
30454  -35.565  -51.810  -10.371 0.3000000119
31351  -36.830  -50.463  -10.634 0.3000000119
32102  -37.853  -48.952  -10.845 0.3000000119
120546  -34.689  -52.233  -10.137 0.3000000119
31349  -35.457  -50.882  -10.354 0.3000000119
32826  -38.300  -48.223  -10.743 0.4000000060
130267  -34.892  -50.533  -10.349 0.5000000000
32827  -38.988  -48.134  -11.204 0.4000000060
34403  -39.621  -46.642  -11.425 0.4000000060
32098  -34.762  -49.729  -10.475 0.5000000000
35180  -40.000  -45.160  -11.261 0.4000000060
122975  -33.888  -49.939  -10.736 0.5000000000
31358  -33.349  -50.265  -11.277 0.6000000238
35923  -40.388  -44.354  -11.719 0.4000000060
36654  -41.246  -43.119  -11.937 0.4000000060
31357  -32.998  -50.774  -11.886 0.6000000238
37458  -41.841  -42.528  -12.018 0.4000000060
38321  -42.781  -41.455  -11.865 0.4000000060
30484  -32.667  -51.098  -13.458 0.6999999881
116280  -32.596  -51.049  -14.587 0.6999999881
29604  -32.542  -52.601  -14.531 0.6999999881
32824  -36.253  -48.880  -10.420 0.4000000060
121386  -37.059  -49.027  -10.550 0.4000000060
32825  -37.367  -48.279  -10.505 0.4000000060
33572  -37.960  -47.522  -10.407 0.4000000060
32099  -35.724  -49.628  -10.369 0.4000000060
121518  -36.530  -48.131  -10.464 0.4000000060
34393  -38.458  -46.750  -10.408 0.4000000060
119860  -35.716  -48.216  -10.512 0.4000000060
34394  -39.183  -46.711  -10.811 0.4000000060
35173  -39.534  -45.127  -10.602 0.4000000060
35179  -39.619  -45.934  -10.943 0.4000000060
35914  -40.015  -44.340  -10.888 0.4000000060
36653  -40.583  -43.453  -11.359 0.4000000060
117747  -40.473  -42.685  -10.768 0.4000000060
32833  -33.936  -48.639  -11.122 0.6000000238
37457  -41.123  -42.599  -11.383 0.4000000060
37447  -41.645  -41.925  -11.371 0.4000000060
115453  -33.452  -48.562  -11.803 0.6000000238
32119  -33.029  -49.085  -12.324 0.6999999881
32118  -32.680  -49.623  -13.069 0.6999999881
39244  -43.192  -40.182  -12.030 0.4000000060
31383  -32.528  -50.236  -13.957 0.6999999881
118802  -32.504  -51.803  -15.142 0.6999999881
33571  -37.035  -47.470  -10.406 0.4000000060
120732  -35.035  -48.333  -10.587 0.4000000060
116191  -36.738  -46.707  -10.460 0.4000000060
35172  -38.936  -45.857  -10.394 0.4000000060
32097  -34.097  -49.277  -10.795 0.6000000238
33569  -35.144  -47.686  -10.674 0.5000000000
35913  -39.395  -44.280  -10.166 0.4000000060
33581  -33.858  -47.871  -11.549 0.6999999881
36645  -39.955  -43.478  -10.545 0.4000000060
130118  -33.456  -48.039  -12.175 0.6999999881
37446  -40.987  -41.926  -10.831 0.4000000060
32844  -33.229  -48.480  -12.492 0.6999999881
39243  -42.708  -40.697  -11.673 0.4000000060
39242  -41.902  -40.368  -11.285 0.4000000060
32136  -32.571  -49.438  -14.047 0.6999999881
40152  -43.042  -39.518  -12.077 0.4000000060
31391  -32.748  -50.307  -15.242 0.6999999881
41003  -43.741  -38.401  -13.005 0.4000000060
41860  -44.347  -38.006  -13.646 0.4000000060
34390  -35.971  -46.485  -10.681 0.4000000060
133030  -36.547  -46.055  -10.583 0.4000000060
34391  -37.233  -46.051  -10.344 0.4000000060
114943  -38.058  -46.041  -10.167 0.4000000060
33582  -34.497  -47.294  -11.209 0.6999999881
35168  -35.996  -45.717  -10.891 0.5000000000
35912  -38.985  -45.023  -10.151 0.4000000060
34401  -34.716  -46.006  -11.666 0.6999999881
37445  -39.788  -42.663  -10.207 0.4000000060
121006  -40.249  -41.913  -10.344 0.4000000060
33591  -33.635  -47.364  -12.286 0.6999999881
122212  -39.525  -41.901  -9.881 0.4000000060
38310  -40.708  -41.162  -10.470 0.4000000060
33604  -33.463  -47.318  -13.316 0.6999999881
39230  -41.118  -40.407  -10.700 0.4000000060
114196  -32.907  -48.752  -13.302 0.6999999881
40150  -41.946  -39.380  -11.505 0.4000000060
40151  -42.587  -39.878  -11.712 0.4000000060
40986  -42.542  -39.063  -11.946 0.4000000060
32860  -32.819  -48.784  -14.469 0.6999999881
40998  -43.221  -38.830  -12.413 0.4000000060
32145  -32.783  -49.537  -15.019 0.6999999881
41859  -43.414  -37.703  -13.461 0.4000000060
115826  -44.158  -36.823  -14.679 0.4000000060
35911  -37.238  -44.762  -10.081 0.4000000060
35893  -37.886  -44.679  -9.722 0.4000000060
35894  -38.630  -44.519  -9.791 0.4000000060
35909  -36.026  -44.905  -11.069 0.6000000238
35910  -36.581  -44.282  -10.516 0.5000000000
36626  -38.001  -43.071  -9.529 0.5000000000
120369  -38.114  -43.838  -9.574 0.4000000060
35938  -29.690  -44.344  -13.362 0.4000000060
37473  -30.543  -43.055  -14.109 0.5000000000
35178  -35.293  -45.375  -11.495 0.6000000238
37430  -39.122  -42.599  -9.734 0.4000000060
34412  -34.220  -45.928  -12.383 0.6000000238
117449  -39.868  -41.071  -9.980 0.4000000060
131309  -34.401  -45.172  -12.791 0.6000000238
40134  -40.707  -39.675  -10.547 0.4000000060
35200  -33.879  -45.846  -13.238 0.6999999881
40135  -41.354  -39.621  -10.995 0.4000000060
35199  -33.677  -45.905  -14.075 0.6999999881
40985  -41.967  -38.532  -11.745 0.4000000060
32871  -33.096  -48.152  -15.031 0.6999999881
41847  -42.287  -37.585  -12.543 0.4000000060
42718  -42.992  -37.113  -13.960 0.4000000060
126560  -42.813  -36.556  -15.023 0.4000000060
43645  -43.109  -36.218  -16.037 0.4000000060
36625  -37.413  -43.239  -9.661 0.5000000000
35922  -35.896  -44.152  -11.160 0.6000000238
36642  -36.732  -43.357  -10.116 0.5000000000
37428  -37.597  -42.491  -9.595 0.5000000000
38332  -29.328  -42.303  -13.842 0.3000000119
37472  -29.670  -42.918  -13.658 0.4000000060
132989  -34.628  -44.531  -12.606 0.6000000238
35921  -35.373  -44.533  -11.585 0.6000000238
37429  -38.352  -42.508  -9.549 0.4000000060
35941  -34.374  -44.442  -13.270 0.6000000238
39215  -39.101  -40.585  -9.687 0.5000000000
35949  -33.990  -44.166  -14.147 0.6999999881
35940  -33.974  -45.118  -13.823 0.6000000238
40133  -39.957  -39.615  -10.176 0.4000000060
35948  -33.687  -44.298  -15.130 0.8000000119
40983  -40.771  -38.367  -10.967 0.4000000060
40984  -41.392  -38.813  -11.268 0.4000000060
41834  -42.018  -37.843  -11.984 0.4000000060
42717  -42.381  -36.725  -13.724 0.4000000060
42724  -42.663  -36.568  -14.418 0.4000000060
42734  -42.770  -36.314  -15.496 0.4000000060
43661  -42.812  -36.061  -16.644 0.4000000060
37455  -35.548  -42.844  -11.622 0.6000000238
37456  -36.056  -42.390  -11.048 0.6000000238
37444  -36.453  -42.706  -10.431 0.5000000000
37427  -36.904  -42.575  -9.864 0.5000000000
38343  -29.465  -41.567  -14.116 0.4000000060
38344  -30.453  -41.701  -14.344 0.4000000060
36668  -34.447  -43.666  -13.476 0.6000000238
114502  -35.080  -43.130  -12.097 0.6000000238
113755  -37.615  -40.878  -9.771 0.5000000000
122982  -30.663  -42.377  -14.388 0.5000000000
37486  -34.329  -42.848  -14.683 0.6999999881
38295  -38.489  -41.097  -9.600 0.5000000000
124061  -31.610  -41.730  -15.498 0.5000000000
132665  -33.911  -43.217  -15.412 0.6999999881
36684  -33.935  -43.591  -14.829 0.6999999881
39214  -38.307  -40.217  -9.679 0.5000000000
39280  -32.060  -40.454  -16.796 0.6999999881
38352  -31.886  -40.972  -15.897 0.6000000238
37494  -33.777  -43.334  -16.360 0.6999999881
37495  -34.012  -42.626  -15.710 0.6999999881
36683  -33.747  -43.818  -15.751 0.6999999881
40969  -39.494  -38.878  -10.257 0.5000000000
40200  -32.257  -39.659  -18.494 0.6999999881
38359  -32.022  -41.369  -17.025 0.6999999881
121494  -33.769  -44.082  -16.843 0.6999999881
40970  -40.317  -38.939  -10.538 0.4000000060
36689  -33.932  -43.652  -17.576 0.6999999881
115893  -33.766  -44.737  -17.212 0.8000000119
41832  -40.533  -37.511  -11.213 0.4000000060
41833  -41.364  -37.888  -11.555 0.4000000060
42703  -41.910  -36.871  -12.969 0.4000000060
132194  -42.281  -36.195  -14.107 0.4000000060
43640  -42.351  -35.994  -14.940 0.4000000060
129888  -42.568  -35.858  -16.022 0.4000000060
38318  -35.744  -42.056  -11.857 0.6000000238
38319  -36.157  -41.542  -11.278 0.6000000238
38309  -36.575  -41.867  -10.398 0.6000000238
39227  -36.979  -41.141  -10.182 0.5000000000
39266  -29.793  -40.104  -14.473 0.4000000060
112817  -30.139  -40.875  -14.288 0.4000000060
116358  -31.090  -41.100  -14.843 0.6999999881
38334  -35.236  -41.547  -13.539 0.6999999881
38325  -35.498  -41.780  -12.694 0.6000000238
37462  -35.239  -42.521  -12.365 0.6000000238
40131  -36.969  -39.471  -10.818 0.5000000000
38353  -34.686  -41.120  -15.352 0.6999999881
38345  -34.497  -41.981  -15.017 0.6999999881
38333  -34.787  -42.155  -14.089 0.6999999881
37475  -34.971  -42.314  -13.188 0.6999999881
115602  -37.077  -40.286  -10.346 0.5000000000
39213  -37.657  -40.007  -9.865 0.5000000000
39274  -31.783  -40.060  -15.966 0.6999999881
121586  -39.004  -38.180  -10.350 0.5000000000
38360  -34.084  -41.680  -17.324 0.6999999881
121120  -34.110  -41.789  -16.080 0.6999999881
41822  -39.174  -37.511  -10.628 0.4000000060
112366  -32.092  -39.988  -17.625 0.6999999881
39281  -34.533  -40.838  -17.617 0.6999999881
40196  -35.685  -39.235  -18.387 0.6000000238
39288  -34.765  -40.801  -18.825 0.6000000238
38366  -34.413  -41.632  -18.516 0.6999999881
41823  -39.911  -38.022  -10.582 0.4000000060
120191  -40.804  -36.368  -11.909 0.4000000060
41047  -32.422  -38.132  -18.886 0.6999999881
39298  -35.284  -40.071  -19.265 0.6000000238
42702  -41.314  -36.581  -12.343 0.4000000060
39297  -35.017  -40.682  -19.789 0.6000000238
43629  -41.419  -35.598  -13.238 0.4000000060
114001  -41.931  -35.621  -14.002 0.4000000060
112418  -42.207  -35.301  -15.563 0.4000000060
43659  -42.170  -35.393  -17.426 0.4000000060
39226  -36.583  -40.149  -11.132 0.6000000238
40177  -29.436  -39.392  -14.641 0.6000000238
40178  -30.441  -39.542  -14.814 0.6000000238
39267  -30.554  -40.326  -14.615 0.6999999881
39268  -35.303  -40.545  -14.777 0.6000000238
39253  -35.475  -40.760  -13.870 0.6999999881
39254  -35.840  -40.158  -13.271 0.6999999881
39248  -36.035  -40.465  -12.409 0.6000000238
39276  -35.038  -40.300  -15.731 0.6000000238
40179  -35.692  -39.746  -15.164 0.6000000238
38346  -34.975  -41.334  -14.412 0.6999999881
39273  -31.274  -40.197  -15.183 0.6999999881
39282  -34.877  -40.140  -16.801 0.6000000238
40968  -38.245  -38.403  -10.385 0.5000000000
40186  -31.869  -39.389  -16.602 0.6999999881
41035  -31.757  -38.369  -16.709 0.6999999881
39289  -35.047  -40.078  -17.990 0.6000000238
41821  -38.486  -37.595  -10.632 0.4000000060
40195  -32.244  -38.862  -18.503 0.6999999881
40194  -32.056  -38.945  -17.644 0.6999999881
41042  -32.108  -38.305  -18.094 0.6999999881
42689  -39.524  -36.348  -11.408 0.4000000060
42690  -40.317  -36.707  -11.502 0.4000000060
40202  -35.908  -39.525  -19.934 0.6000000238
43615  -40.160  -35.176  -12.288 0.4000000060
42701  -40.932  -35.797  -12.435 0.4000000060
41052  -33.448  -38.634  -19.729 0.6999999881
114745  -34.411  -39.246  -20.520 0.6999999881
39304  -35.160  -40.384  -20.290 0.6000000238
44572  -41.352  -34.793  -13.732 0.4000000060
112767  -41.963  -34.606  -15.181 0.4000000060
44584  -41.912  -35.075  -14.638 0.4000000060
44592  -42.118  -34.696  -15.983 0.4000000060
44597  -42.075  -34.813  -16.928 0.4000000060
45500  -42.197  -33.902  -17.444 0.3000000119
38326  -35.899  -41.268  -12.141 0.6000000238
41012  -29.044  -38.704  -14.835 0.5000000000
40187  -36.094  -38.823  -15.594 0.6000000238
40164  -35.732  -39.949  -14.191 0.6000000238
40158  -36.255  -39.548  -12.561 0.6000000238
40149  -36.571  -39.455  -11.618 0.6000000238
41013  -29.862  -38.904  -14.866 0.6000000238
41027  -30.605  -38.780  -15.297 0.5000000000
40191  -35.783  -38.908  -16.894 0.6000000238
117380  -35.474  -39.555  -16.187 0.6000000238
127469  -36.780  -38.207  -11.732 0.5000000000
40981  -36.914  -38.767  -11.324 0.4000000060
40967  -37.494  -38.731  -10.590 0.5000000000
41028  -31.361  -38.625  -15.954 0.6999999881
40982  -37.228  -38.029  -11.221 0.5000000000
41820  -37.788  -37.794  -10.769 0.4000000060
41897  -31.568  -37.451  -16.798 0.8000000119
41036  -35.945  -38.343  -17.764 0.6000000238
131099  -38.253  -36.401  -11.237 0.4000000060
42688  -38.764  -36.011  -11.440 0.4000000060
41898  -31.965  -37.453  -17.857 0.6999999881
41043  -36.075  -38.611  -19.323 0.6000000238
43607  -39.409  -35.536  -11.811 0.4000000060
41048  -36.031  -39.102  -20.339 0.6000000238
44567  -40.155  -34.412  -12.774 0.4000000060
43628  -40.843  -34.962  -12.882 0.4000000060
132031  -33.002  -37.940  -19.415 0.6999999881
41910  -33.554  -37.673  -19.978 0.6999999881
41053  -34.395  -38.490  -20.496 0.6999999881
41917  -35.282  -37.840  -20.362 0.6999999881
45457  -40.957  -34.027  -13.756 0.4000000060
45469  -41.462  -34.086  -14.496 0.4000000060
41915  -34.302  -37.634  -20.475 0.6999999881
45468  -40.780  -33.394  -14.110 0.4000000060
116889  -41.767  -33.013  -15.796 0.3000000119
45483  -41.828  -33.866  -15.397 0.4000000060
124200  -41.889  -32.055  -17.153 0.4000000060
45490  -42.093  -33.908  -16.360 0.3000000119
41879  -36.381  -37.795  -15.382 0.6000000238
41030  -36.435  -38.353  -14.612 0.6000000238
115851  -36.358  -38.706  -13.920 0.6000000238
128589  -36.393  -37.789  -12.997 0.6000000238
41878  -29.730  -37.398  -15.630 0.6000000238
123360  -30.674  -38.015  -15.640 0.6000000238
41029  -36.110  -38.102  -16.466 0.6000000238
40996  -36.522  -37.986  -12.338 0.5000000000
41034  -31.350  -37.909  -16.168 0.6999999881
43613  -37.363  -35.806  -12.053 0.5000000000
42686  -37.016  -36.708  -11.869 0.4000000060
42687  -37.651  -36.467  -11.453 0.4000000060
41899  -35.957  -37.675  -18.388 0.6000000238
42757  -35.755  -36.788  -17.714 0.6000000238
43605  -37.941  -35.196  -11.958 0.5000000000
115638  -38.055  -35.794  -11.569 0.5000000000
42762  -31.876  -36.544  -18.134 0.8000000119
42756  -31.460  -36.701  -17.351 0.8000000119
124945  -38.349  -34.598  -12.299 0.4000000060
41903  -32.302  -37.142  -18.586 0.8000000119
41904  -35.987  -37.818  -19.377 0.6000000238
43614  -39.271  -34.633  -12.328 0.4000000060
42763  -32.412  -36.392  -19.040 0.6999999881
41911  -35.604  -37.412  -19.789 0.6999999881
49005  -39.173  -29.811  -15.586 0.5000000000
134384  -39.369  -30.333  -15.304 0.5000000000
47249  -39.583  -31.374  -14.659 0.5000000000
46338  -39.320  -32.639  -13.802 0.4000000060
45449  -39.555  -33.926  -12.850 0.4000000060
42769  -33.188  -36.716  -19.806 0.6999999881
41916  -34.689  -37.545  -20.460 0.6999999881
42781  -34.871  -36.394  -20.134 0.6999999881
49862  -39.180  -28.580  -16.439 0.5000000000
48161  -39.830  -30.724  -15.124 0.5000000000
47263  -40.389  -31.346  -15.032 0.4000000060
47250  -40.118  -31.936  -14.510 0.4000000060
46349  -40.516  -32.624  -14.387 0.4000000060
49863  -39.688  -28.222  -17.015 0.4000000060
49006  -39.989  -29.990  -15.600 0.5000000000
49025  -40.440  -29.505  -16.304 0.4000000060
48162  -41.242  -30.638  -16.188 0.4000000060
47264  -41.212  -31.464  -15.643 0.4000000060
46367  -41.382  -32.319  -15.461 0.4000000060
49877  -40.371  -28.516  -17.551 0.4000000060
49026  -41.116  -29.944  -16.670 0.4000000060
46378  -41.726  -32.148  -16.173 0.4000000060
42733  -36.284  -36.707  -15.057 0.6000000238
41865  -36.475  -37.474  -14.390 0.6000000238
42730  -29.163  -36.692  -15.986 0.5000000000
42749  -35.887  -36.619  -16.757 0.6000000238
42732  -35.953  -36.265  -15.927 0.6000000238
43643  -36.102  -35.656  -15.219 0.6000000238
42723  -36.366  -36.594  -13.983 0.5000000000
120762  -36.406  -35.903  -13.591 0.5000000000
42715  -36.412  -36.427  -13.097 0.5000000000
42731  -30.102  -36.640  -16.155 0.6000000238
41890  -30.818  -37.285  -16.071 0.6999999881
114451  -35.661  -35.990  -17.207 0.6000000238
41891  -36.000  -37.467  -17.177 0.6000000238
43627  -36.499  -35.169  -13.734 0.5000000000
43612  -36.768  -35.563  -12.914 0.5000000000
43657  -30.240  -36.079  -16.744 0.6000000238
42764  -35.669  -36.862  -18.853 0.6000000238
45447  -37.518  -34.153  -13.126 0.5000000000
129562  -37.532  -34.837  -12.558 0.5000000000
43673  -31.253  -35.969  -17.750 0.8000000119
47248  -38.734  -31.622  -14.486 0.5000000000
46336  -37.936  -33.051  -13.697 0.5000000000
45448  -38.048  -34.118  -12.706 0.5000000000
43685  -31.738  -35.742  -18.501 0.8000000119
42771  -35.215  -36.357  -19.603 0.6000000238
49022  -38.023  -29.557  -15.937 0.5000000000
48160  -38.733  -30.367  -15.349 0.5000000000
116548  -38.151  -32.360  -14.109 0.5000000000
45454  -38.035  -33.563  -13.181 0.5000000000
46337  -38.616  -32.998  -13.538 0.4000000060
129122  -37.940  -30.401  -15.622 0.5000000000
49004  -38.522  -29.869  -15.667 0.5000000000
46347  -38.814  -32.296  -14.001 0.5000000000
43686  -32.885  -35.861  -19.817 0.8000000119
116490  -34.380  -36.075  -20.368 0.6999999881
49861  -38.156  -28.703  -16.310 0.5000000000
50677  -38.656  -28.039  -16.734 0.4000000060
132644  -34.052  -36.105  -20.511 0.6999999881
132332  -39.180  -28.126  -16.851 0.4000000060
43639  -36.256  -35.819  -14.337 0.5000000000
42746  -28.581  -36.213  -16.425 0.5000000000
114171  -35.749  -35.926  -16.516 0.6000000238
43642  -35.805  -35.414  -16.009 0.6000000238
43656  -28.889  -35.677  -16.728 0.5000000000
112989  -36.372  -34.065  -14.861 0.5000000000
45467  -36.877  -33.460  -14.456 0.5000000000
43655  -28.132  -35.689  -16.864 0.5000000000
127593  -28.785  -35.122  -17.203 0.5000000000
130940  -29.588  -35.539  -16.945 0.5000000000
115261  -35.512  -36.013  -18.060 0.6000000238
43674  -35.530  -35.265  -17.531 0.6000000238
46365  -37.316  -32.050  -15.175 0.5000000000
124366  -37.591  -32.330  -14.592 0.5000000000
45453  -37.355  -33.617  -13.692 0.5000000000
125613  -35.358  -35.933  -18.821 0.6000000238
43687  -35.365  -35.215  -18.339 0.6000000238
47280  -37.117  -30.847  -15.964 0.5000000000
47260  -36.880  -31.695  -15.772 0.5000000000
43684  -30.953  -35.230  -18.163 0.6999999881
43698  -35.077  -35.243  -19.194 0.6000000238
47262  -38.326  -31.017  -15.073 0.5000000000
47247  -37.925  -31.709  -14.721 0.5000000000
44619  -31.437  -34.995  -18.957 0.6999999881
129238  -34.764  -35.648  -19.952 0.6999999881
119177  -37.501  -29.268  -16.284 0.5000000000
50688  -38.395  -27.368  -17.083 0.4000000060
121037  -33.867  -35.484  -20.446 0.6999999881
51586  -38.893  -26.966  -17.646 0.5000000000
44630  -31.909  -34.802  -19.574 0.6999999881
43705  -33.288  -35.456  -20.244 0.8000000119
50678  -39.204  -27.690  -17.240 0.4000000060
50689  -39.621  -27.372  -17.963 0.5000000000
51624  -39.584  -26.713  -21.223 0.4000000060
51633  -39.603  -26.309  -22.068 0.5000000000
114684  -39.458  -28.570  -22.171 0.5000000000
122347  -39.632  -27.089  -22.013 0.5000000000
117379  -39.597  -26.873  -22.751 0.5000000000
44591  -36.067  -34.747  -15.445 0.6000000238
44596  -35.558  -34.616  -17.046 0.6000000238
44590  -35.744  -34.551  -16.302 0.6000000238
45482  -36.076  -33.889  -15.718 0.6000000238
123416  -36.531  -33.276  -15.256 0.5000000000
46345  -37.076  -32.746  -14.878 0.5000000000
44607  -28.347  -34.529  -17.647 0.5000000000
131955  -29.658  -35.046  -17.383 0.6999999881
44610  -35.358  -34.548  -17.751 0.6000000238
117485  -35.463  -33.866  -17.167 0.6000000238
132683  -35.613  -34.193  -16.742 0.6000000238
48177  -36.656  -30.405  -16.466 0.5000000000
46364  -36.691  -32.499  -15.554 0.5000000000
122633  -27.795  -35.174  -17.349 0.5000000000
44620  -35.105  -34.421  -18.565 0.6000000238
44609  -30.164  -34.748  -17.864 0.6999999881
45510  -34.980  -33.489  -18.440 0.6000000238
49021  -36.852  -29.528  -16.531 0.5000000000
44618  -30.681  -34.479  -18.598 0.6999999881
133016  -34.920  -34.576  -19.157 0.6000000238
50676  -37.859  -27.891  -16.705 0.5000000000
50687  -37.650  -27.211  -17.137 0.6000000238
50675  -37.203  -27.772  -16.942 0.4000000060
51584  -37.425  -26.592  -17.592 0.5000000000
43697  -34.282  -35.159  -20.261 0.6999999881
44632  -34.621  -34.682  -19.699 0.6999999881
51585  -38.153  -26.690  -17.500 0.5000000000
127464  -38.801  -24.950  -19.601 0.4000000060
122598  -39.372  -24.148  -20.933 0.4000000060
45529  -33.778  -33.900  -20.250 0.6999999881
53291  -39.354  -25.181  -20.741 0.4000000060
45527  -32.538  -33.674  -20.397 0.6999999881
52479  -39.535  -25.774  -21.399 0.4000000060
45516  -31.741  -33.575  -20.045 0.6999999881
50738  -39.494  -27.796  -22.474 0.5000000000
49917  -39.351  -28.872  -23.058 0.5000000000
51638  -39.563  -26.638  -23.660 0.5000000000
45481  -35.757  -33.747  -16.453 0.5000000000
45489  -36.106  -33.024  -16.042 0.5000000000
117295  -35.312  -33.071  -17.604 0.6000000238
134439  -35.509  -32.608  -17.143 0.5000000000
46377  -36.298  -32.226  -16.178 0.5000000000
45507  -28.389  -33.359  -18.422 0.6000000238
44616  -28.839  -33.960  -18.127 0.6000000238
45499  -35.198  -33.884  -17.887 0.6000000238
47279  -36.349  -31.351  -16.433 0.5000000000
45508  -29.387  -33.365  -18.717 0.6000000238
117673  -34.935  -32.461  -18.302 0.5000000000
49042  -36.363  -29.048  -17.001 0.5000000000
44617  -29.793  -34.114  -18.329 0.6999999881
46404  -34.635  -33.054  -19.192 0.6000000238
49860  -37.185  -28.579  -16.614 0.5000000000
49875  -36.551  -28.138  -17.164 0.6000000238
45509  -30.423  -33.708  -18.934 0.6999999881
45518  -34.318  -33.739  -19.792 0.6999999881
53279  -37.785  -24.254  -19.259 0.5000000000
54142  -38.212  -23.807  -19.715 0.4000000060
44644  -34.184  -34.435  -20.154 0.6999999881
45528  -33.239  -33.333  -20.482 0.6999999881
52447  -37.885  -26.037  -17.918 0.5000000000
53267  -38.001  -24.888  -18.799 0.5000000000
53280  -38.346  -24.554  -19.373 0.4000000060
54158  -38.756  -23.347  -20.364 0.4000000060
54143  -38.857  -24.333  -20.034 0.4000000060
44629  -31.315  -34.166  -19.398 0.6999999881
125741  -33.250  -34.143  -20.422 0.6999999881
122471  -39.589  -23.493  -21.581 0.4000000060
53297  -39.695  -24.154  -21.960 0.4000000060
45515  -31.004  -33.295  -19.605 0.6999999881
45526  -32.622  -32.839  -20.658 0.6999999881
112997  -39.500  -24.957  -21.594 0.4000000060
46402  -31.477  -32.880  -20.264 0.6999999881
128320  -32.070  -33.101  -20.463 0.6999999881
53304  -39.695  -24.165  -22.928 0.4000000060
53313  -39.512  -24.981  -23.445 0.4000000060
126503  -39.567  -27.343  -24.336 0.5000000000
47292  -35.652  -31.383  -17.070 0.5000000000
47293  -36.091  -30.726  -16.840 0.5000000000
46384  -35.363  -32.182  -17.452 0.5000000000
48194  -35.597  -30.526  -17.364 0.5000000000
46393  -28.737  -32.796  -18.802 0.6000000238
47307  -35.018  -31.355  -17.877 0.5000000000
121143  -36.184  -29.956  -16.906 0.5000000000
47306  -34.678  -31.727  -18.615 0.5000000000
50685  -35.982  -27.731  -17.716 0.6000000238
134675  -36.793  -26.548  -17.786 0.5000000000
46394  -34.603  -32.251  -19.038 0.6000000238
46403  -34.254  -32.395  -19.735 0.6999999881
51598  -37.156  -25.996  -18.002 0.5000000000
54141  -37.527  -23.574  -19.581 0.4000000060
131057  -30.201  -32.946  -19.275 0.6999999881
53266  -37.200  -24.701  -18.869 0.5000000000
54165  -39.331  -23.118  -21.056 0.4000000060
54166  -39.577  -22.869  -21.651 0.4000000060
48225  -33.283  -30.729  -21.438 0.6000000238
53298  -39.762  -23.188  -22.421 0.4000000060
47339  -33.221  -31.650  -21.094 0.6000000238
46407  -31.270  -32.197  -20.597 0.6999999881
47337  -31.815  -31.965  -21.171 0.6000000238
47338  -32.599  -32.033  -21.197 0.6999999881
47356  -32.859  -31.202  -21.602 0.6000000238
48237  -32.970  -30.520  -21.892 0.6000000238
54180  -39.709  -23.478  -23.497 0.4000000060
127373  -30.764  -32.565  -19.895 0.6999999881
49079  -32.646  -29.913  -22.090 0.6000000238
49080  -33.139  -29.781  -21.972 0.6000000238
52497  -39.594  -24.961  -24.379 0.5000000000
49914  -32.500  -28.572  -22.777 0.6000000238
49086  -32.887  -29.204  -22.494 0.6000000238
51640  -39.582  -26.465  -24.582 0.5000000000
125501  -39.664  -27.098  -25.074 0.5000000000
49041  -35.680  -29.578  -17.489 0.6000000238
46398  -27.536  -31.791  -19.000 0.5000000000
49051  -35.090  -29.121  -18.011 0.6000000238
49874  -35.804  -28.626  -17.551 0.6000000238
46399  -28.570  -32.039  -19.187 0.6000000238
46400  -29.407  -32.531  -19.181 0.6000000238
49050  -34.589  -29.489  -18.652 0.6000000238
120298  -35.018  -30.185  -18.146 0.6000000238
50701  -36.168  -26.924  -17.977 0.5000000000
51597  -36.409  -26.200  -18.249 0.5000000000
133811  -28.770  -31.481  -19.573 0.6000000238
47322  -28.872  -30.906  -19.987 0.6000000238
48206  -34.461  -30.212  -18.898 0.6000000238
49058  -34.183  -29.707  -19.376 0.6000000238
52454  -35.895  -25.809  -18.842 0.5000000000
54140  -36.778  -23.586  -19.622 0.5000000000
54967  -37.949  -22.991  -19.923 0.4000000060
54984  -38.337  -22.556  -20.357 0.4000000060
47324  -30.445  -31.846  -20.145 0.6999999881
47335  -29.917  -31.138  -20.407 0.6000000238
47340  -34.062  -31.631  -20.021 0.6999999881
48215  -34.087  -30.705  -19.732 0.6000000238
52455  -36.759  -25.472  -18.505 0.5000000000
53278  -36.517  -24.273  -19.379 0.5000000000
128536  -37.198  -24.064  -19.322 0.5000000000
55831  -38.995  -21.911  -21.026 0.4000000060
54994  -39.352  -22.376  -21.316 0.4000000060
55848  -39.701  -22.159  -21.999 0.4000000060
113297  -33.709  -32.092  -20.425 0.6999999881
134305  -33.641  -30.475  -20.672 0.6999999881
50716  -33.672  -28.113  -21.275 0.6999999881
52469  -35.331  -25.441  -19.530 0.5000000000
52470  -36.223  -25.003  -19.088 0.5000000000
55001  -39.830  -22.381  -22.737 0.4000000060
112443  -30.255  -30.642  -20.910 0.6000000238
49909  -33.477  -29.063  -21.767 0.6000000238
50728  -33.662  -27.474  -22.081 0.6999999881
47336  -31.066  -31.292  -20.956 0.6999999881
48235  -31.649  -30.741  -21.490 0.6000000238
48236  -32.398  -30.641  -21.755 0.6000000238
49916  -33.413  -28.368  -22.269 0.6000000238
122947  -39.794  -22.806  -23.234 0.4000000060
49078  -31.706  -29.960  -21.836 0.6000000238
50737  -33.285  -27.683  -22.706 0.6000000238
128904  -33.492  -26.225  -23.076 0.6000000238
118112  -39.678  -22.821  -24.150 0.4000000060
50736  -32.739  -27.714  -23.077 0.6000000238
50743  -33.186  -26.902  -23.116 0.6000000238
52500  -39.777  -24.940  -25.142 0.5000000000
53317  -39.643  -24.223  -24.767 0.4000000060
51643  -39.785  -26.429  -25.367 0.5000000000
126090  -40.440  -25.771  -25.858 0.5000000000
49885  -34.665  -28.684  -18.610 0.6000000238
50699  -34.789  -27.884  -18.802 0.6000000238
51596  -35.624  -26.595  -18.596 0.5000000000
119992  -28.123  -31.273  -19.517 0.6000000238
49891  -34.306  -28.403  -19.313 0.6000000238
50707  -34.889  -27.062  -19.015 0.5000000000
54157  -36.247  -23.121  -20.114 0.5000000000
54983  -37.599  -22.239  -20.332 0.4000000060
48224  -29.437  -30.345  -20.588 0.6000000238
117177  -34.029  -29.026  -19.817 0.6000000238
49900  -33.918  -28.241  -20.163 0.6000000238
51608  -34.460  -26.797  -19.826 0.5000000000
53289  -34.589  -24.926  -21.249 0.5000000000
53290  -35.010  -24.392  -20.521 0.5000000000
132987  -35.445  -24.086  -20.125 0.5000000000
55830  -38.385  -21.852  -20.687 0.4000000060
55846  -38.850  -21.361  -21.165 0.4000000060
55847  -39.353  -21.651  -21.491 0.4000000060
49069  -33.788  -29.785  -20.230 0.6999999881
51615  -34.176  -26.589  -20.744 0.5000000000
52478  -34.844  -25.158  -20.342 0.5000000000
55859  -39.956  -21.647  -22.704 0.4000000060
48234  -29.984  -29.937  -21.136 0.6000000238
52488  -34.041  -25.013  -22.782 0.6000000238
55871  -40.162  -21.346  -23.525 0.4000000060
49077  -30.675  -29.535  -21.616 0.6000000238
49913  -31.529  -28.498  -22.560 0.6000000238
52487  -33.481  -25.291  -23.202 0.6000000238
112784  -39.930  -22.002  -24.196 0.4000000060
54183  -39.648  -23.376  -25.260 0.4000000060
50742  -32.489  -26.633  -23.317 0.6000000238
115300  -40.305  -24.904  -25.677 0.5000000000
53324  -40.905  -24.305  -26.066 0.5000000000
54190  -41.620  -23.647  -26.241 0.4000000060
50706  -34.344  -27.615  -19.565 0.5000000000
54981  -35.671  -22.831  -20.870 0.5000000000
54993  -35.977  -22.208  -21.199 0.5000000000
54982  -36.655  -22.346  -20.551 0.5000000000
55829  -37.618  -21.545  -20.738 0.4000000060
49067  -29.082  -29.536  -20.854 0.6000000238
49076  -29.682  -29.127  -21.409 0.6000000238
53296  -34.744  -24.118  -21.344 0.5000000000
54156  -35.374  -23.638  -20.547 0.5000000000
56804  -38.228  -21.120  -21.054 0.4000000060
56816  -38.799  -20.693  -21.410 0.4000000060
57805  -39.398  -20.457  -21.818 0.4000000060
56817  -39.723  -21.144  -22.047 0.4000000060
49908  -30.467  -28.624  -21.949 0.6000000238
125302  -30.735  -27.960  -22.414 0.6000000238
53312  -33.596  -24.402  -23.232 0.6000000238
55885  -39.836  -21.792  -24.936 0.4000000060
50741  -31.641  -26.164  -23.360 0.6000000238
52495  -33.123  -24.522  -23.393 0.6000000238
55019  -39.691  -22.424  -24.988 0.4000000060
50735  -31.905  -27.167  -23.161 0.6000000238
51636  -32.176  -25.596  -23.441 0.6000000238
52494  -32.701  -25.001  -23.380 0.6000000238
121726  -39.846  -22.627  -25.700 0.4000000060
54189  -40.441  -23.232  -26.022 0.4000000060
55028  -41.528  -22.165  -26.265 0.3000000119
130576  -40.196  -23.998  -25.695 0.5000000000
131835  -41.263  -22.791  -26.213 0.4000000060
55029  -42.497  -22.068  -26.387 0.3000000119
55828  -36.695  -21.501  -21.120 0.5000000000
56815  -37.989  -20.347  -21.407 0.5000000000
57803  -38.141  -19.612  -21.730 0.5000000000
54992  -35.108  -22.576  -21.711 0.5000000000
111291  -34.874  -22.095  -22.282 0.6000000238
57804  -38.814  -19.954  -21.696 0.5000000000
57819  -39.465  -19.703  -22.321 0.4000000060
50727  -29.932  -27.753  -22.070 0.6000000238
50734  -30.486  -27.204  -22.556 0.6000000238
54169  -34.218  -23.458  -22.837 0.6000000238
57820  -40.002  -20.092  -22.893 0.4000000060
131230  -40.177  -20.583  -23.380 0.4000000060
51630  -31.076  -26.677  -23.050 0.6000000238
53302  -34.106  -24.185  -22.863 0.6999999881
57841  -39.730  -20.373  -24.748 0.3000000119
51635  -30.875  -25.704  -23.265 0.6000000238
115948  -33.340  -23.046  -23.492 0.6000000238
56850  -39.807  -21.142  -24.872 0.3000000119
133341  -31.436  -25.295  -23.428 0.6000000238
54178  -32.939  -23.350  -23.540 0.6000000238
52493  -31.822  -24.623  -23.481 0.6000000238
122747  -32.569  -24.298  -23.483 0.6000000238
54177  -32.513  -23.162  -23.580 0.6000000238
113460  -39.991  -21.830  -25.773 0.3000000119
55027  -40.424  -22.299  -26.078 0.3000000119
120081  -41.864  -21.568  -26.328 0.3000000119
55896  -42.767  -21.424  -26.445 0.3000000119
55858  -35.070  -21.404  -22.390 0.6000000238
56813  -35.983  -20.927  -21.803 0.5000000000
57802  -37.302  -19.723  -21.748 0.5000000000
54170  -34.490  -22.745  -22.616 0.6000000238
58734  -39.133  -18.843  -22.733 0.4000000060
112710  -39.671  -19.361  -23.171 0.4000000060
50733  -29.566  -26.904  -22.314 0.6000000238
51629  -30.244  -26.265  -22.786 0.6000000238
55000  -33.924  -22.958  -23.244 0.6000000238
57828  -39.953  -19.989  -23.797 0.3000000119
52486  -30.085  -25.320  -23.041 0.6000000238
52492  -30.848  -24.788  -23.445 0.6000000238
54176  -31.423  -23.577  -23.551 0.6000000238
55010  -32.916  -22.744  -23.630 0.6000000238
53309  -31.216  -24.103  -23.513 0.6000000238
55892  -39.920  -21.429  -25.522 0.3000000119
125877  -32.022  -23.264  -23.592 0.6000000238
128556  -40.341  -21.603  -26.061 0.3000000119
56879  -42.103  -20.357  -26.803 0.3000000119
56872  -42.390  -20.941  -26.481 0.3000000119
56873  -43.228  -20.783  -26.532 0.3000000119
56824  -35.399  -20.539  -22.518 0.6000000238
56825  -36.324  -20.034  -22.030 0.6000000238
57816  -36.719  -19.062  -22.315 0.5000000000
57817  -37.785  -19.007  -22.024 0.4000000060
55870  -34.620  -21.147  -23.134 0.6000000238
58746  -38.713  -18.134  -23.082 0.4000000060
58747  -39.295  -18.574  -23.636 0.4000000060
126277  -33.841  -21.690  -23.599 0.6000000238
58760  -39.429  -18.922  -24.684 0.3000000119
56835  -33.410  -21.243  -23.958 0.6000000238
57840  -39.481  -19.797  -25.316 0.3000000119
54175  -30.746  -23.795  -23.535 0.6000000238
55869  -33.141  -22.057  -23.808 0.6000000238
57860  -39.716  -19.526  -27.127 0.3000000119
55009  -32.329  -22.796  -23.646 0.6000000238
56870  -40.358  -21.044  -26.203 0.3000000119
55008  -31.595  -22.954  -23.651 0.6000000238
55018  -32.025  -22.321  -23.812 0.6000000238
57871  -41.855  -19.588  -27.287 0.3000000119
58791  -43.218  -19.370  -26.513 0.3000000119
56837  -34.882  -20.242  -23.245 0.6000000238
57815  -35.659  -19.618  -22.703 0.5000000000
58731  -36.708  -18.198  -22.744 0.5000000000
58732  -37.517  -18.361  -22.490 0.4000000060
59654  -38.057  -17.805  -22.794 0.4000000060
59665  -38.395  -17.445  -23.391 0.4000000060
59666  -38.845  -17.860  -23.688 0.4000000060
57825  -34.445  -20.043  -23.783 0.6000000238
59679  -39.056  -18.040  -24.386 0.4000000060
58776  -39.188  -19.133  -25.790 0.3000000119
125544  -30.463  -24.224  -23.477 0.6000000238
59694  -38.901  -18.415  -26.143 0.3000000119
121878  -30.262  -23.399  -23.607 0.6000000238
131795  -30.431  -22.987  -23.678 0.6000000238
56848  -33.031  -20.724  -24.285 0.6000000238
124149  -32.407  -21.007  -24.288 0.6000000238
55007  -30.914  -23.324  -23.599 0.6000000238
55017  -31.412  -22.316  -23.837 0.6000000238
55882  -31.635  -21.732  -24.062 0.6000000238
57826  -34.983  -19.264  -23.444 0.6000000238
58745  -35.984  -17.869  -23.099 0.4000000060
59663  -36.819  -17.497  -23.079 0.4000000060
59664  -37.660  -17.189  -23.237 0.4000000060
57839  -34.212  -19.477  -24.094 0.5000000000
58743  -34.602  -18.470  -24.006 0.5000000000
59693  -38.788  -17.542  -25.234 0.4000000060
57838  -33.318  -19.672  -24.404 0.5000000000
59708  -38.774  -18.408  -27.113 0.3000000119
55006  -29.643  -22.738  -23.641 0.6000000238
55867  -30.104  -22.227  -23.816 0.6000000238
55881  -30.751  -21.707  -24.060 0.6000000238
57836  -31.677  -20.335  -24.490 0.6000000238
56846  -30.174  -20.714  -24.487 0.6000000238
56847  -31.153  -20.944  -24.298 0.6000000238
57834  -29.597  -19.931  -25.037 0.5000000000
57835  -30.627  -20.066  -24.729 0.5000000000
59662  -34.496  -17.530  -24.274 0.4000000060
131037  -35.286  -17.551  -23.683 0.3000000119
60472  -35.687  -16.692  -23.851 0.4000000060
60474  -37.441  -16.557  -23.775 0.4000000060
60475  -38.143  -16.770  -23.826 0.3000000119
58759  -33.876  -18.911  -24.377 0.5000000000
60490  -37.802  -16.206  -24.394 0.3000000119
59678  -38.675  -17.287  -24.128 0.3000000119
121743  -32.553  -19.268  -24.765 0.5000000000
61345  -38.210  -15.982  -26.256 0.3000000119
60491  -38.404  -16.670  -24.710 0.3000000119
59707  -38.671  -17.580  -26.447 0.3000000119
57837  -31.925  -19.599  -24.757 0.5000000000
58804  -39.805  -18.340  -28.245 0.3000000119
57852  -31.047  -19.358  -25.118 0.5000000000
60488  -34.303  -16.659  -24.576 0.3000000119
127297  -34.958  -16.896  -24.082 0.3000000119
61312  -36.119  -16.010  -24.169 0.3000000119
60487  -33.419  -16.832  -25.048 0.3000000119
59677  -33.900  -18.137  -24.527 0.4000000060
61313  -37.007  -16.014  -24.220 0.3000000119
61329  -37.420  -15.538  -24.797 0.3000000119
59676  -33.084  -17.754  -24.934 0.3000000119
61330  -38.127  -15.974  -25.244 0.3000000119
58775  -31.805  -18.874  -25.176 0.4000000060
60503  -38.513  -16.701  -25.771 0.3000000119
60517  -38.415  -16.827  -26.886 0.3000000119
59725  -38.599  -17.621  -28.341 0.3000000119
116174  -40.235  -17.048  -28.984 0.3000000119
57851  -30.057  -19.419  -25.519 0.4000000060
116266  -30.355  -18.860  -25.804 0.5000000000
61325  -33.772  -15.977  -25.111 0.3000000119
61326  -34.505  -15.828  -24.735 0.3000000119
60489  -35.168  -16.105  -24.317 0.3000000119
60502  -32.865  -16.118  -25.546 0.3000000119
119962  -33.858  -17.394  -24.668 0.3000000119
61327  -35.744  -15.402  -24.516 0.3000000119
61328  -36.589  -15.364  -24.564 0.3000000119
59692  -32.533  -16.985  -25.516 0.3000000119
61344  -37.669  -15.322  -25.657 0.3000000119
61358  -37.743  -15.373  -26.736 0.3000000119
59690  -31.570  -17.260  -25.991 0.3000000119
61359  -37.944  -16.265  -27.389 0.3000000119
60528  -38.120  -17.107  -27.969 0.3000000119
59706  -30.614  -17.337  -26.591 0.3000000119
123260  -31.047  -17.920  -26.082 0.4000000060
60527  -37.763  -16.495  -28.436 0.3000000119
60536  -38.391  -16.989  -28.901 0.3000000119
58788  -30.281  -18.182  -26.367 0.4000000060
60537  -39.665  -16.585  -29.251 0.3000000119
58773  -29.656  -18.831  -26.197 0.4000000060
116401  -40.820  -16.147  -29.130 0.3000000119
60529  -41.272  -16.037  -28.358 0.3000000119
61341  -33.251  -15.283  -25.692 0.3000000119
113413  -35.045  -15.345  -24.707 0.3000000119
133716  -35.505  -15.023  -24.758 0.3000000119
62183  -36.073  -14.684  -24.911 0.3000000119
62199  -35.548  -14.090  -25.500 0.3000000119
62200  -36.497  -14.187  -25.636 0.3000000119
62201  -37.274  -14.625  -26.092 0.3000000119
60515  -30.991  -16.575  -26.827 0.3000000119
60501  -31.931  -16.268  -26.310 0.3000000119
61378  -37.416  -15.791  -28.793 0.3000000119
61379  -37.898  -16.331  -29.243 0.3000000119
60543  -38.973  -16.146  -29.479 0.3000000119
58787  -29.266  -17.965  -26.467 0.4000000060
61380  -40.150  -15.626  -29.432 0.3000000119
118454  -40.145  -14.450  -28.608 0.3000000119
61360  -40.947  -15.402  -27.589 0.3000000119
62202  -39.888  -14.026  -26.097 0.3000000119
62197  -33.662  -14.480  -26.018 0.3000000119
62198  -34.588  -14.201  -25.654 0.3000000119
117258  -32.589  -14.759  -26.642 0.3000000119
63034  -34.995  -13.624  -26.168 0.3000000119
63035  -35.940  -13.627  -26.201 0.3000000119
60516  -31.200  -15.886  -27.104 0.3000000119
61357  -31.738  -15.357  -26.949 0.3000000119
62215  -36.838  -13.915  -26.578 0.3000000119
62230  -37.113  -14.989  -28.249 0.3000000119
61355  -30.340  -15.803  -27.370 0.3000000119
63049  -36.850  -14.010  -27.608 0.3000000119
59705  -29.722  -17.287  -26.805 0.4000000060
62241  -36.930  -15.213  -29.180 0.3000000119
60513  -29.219  -16.366  -27.056 0.4000000060
61386  -37.636  -15.607  -29.562 0.3000000119
61387  -38.442  -15.700  -29.683 0.3000000119
59704  -28.783  -17.035  -26.623 0.4000000060
62232  -40.392  -14.677  -27.848 0.3000000119
59703  -28.151  -17.012  -26.237 0.4000000060
62218  -40.348  -14.734  -26.784 0.3000000119
62214  -33.972  -13.684  -26.560 0.3000000119
133143  -33.159  -14.106  -26.790 0.3000000119
63047  -35.335  -13.252  -26.784 0.3000000119
62213  -31.315  -14.538  -27.789 0.3000000119
63048  -36.211  -13.358  -27.027 0.3000000119
61370  -29.593  -14.716  -27.578 0.3000000119
62248  -37.231  -15.009  -30.005 0.3000000119
62249  -38.439  -14.880  -30.006 0.3000000119
62250  -39.432  -14.356  -29.751 0.3000000119
63077  -39.784  -14.010  -29.114 0.3000000119
63064  -39.632  -13.875  -28.335 0.3000000119
60485  -28.141  -16.688  -25.665 0.3000000119
62217  -39.862  -14.176  -27.126 0.3000000119
63899  -39.726  -12.416  -24.782 0.3000000119
63900  -40.275  -12.492  -24.217 0.3000000119
114321  -32.229  -14.063  -27.629 0.3000000119
63045  -32.948  -13.577  -27.584 0.3000000119
63918  -34.615  -12.982  -27.504 0.3000000119
62228  -29.879  -13.797  -28.257 0.3000000119
130347  -35.580  -13.049  -28.266 0.3000000119
63062  -36.200  -13.468  -27.969 0.3000000119
63075  -36.012  -13.702  -29.058 0.3000000119
62240  -36.535  -14.463  -28.703 0.3000000119
62247  -36.542  -14.563  -29.547 0.3000000119
62255  -37.822  -14.183  -30.389 0.3000000119
63085  -39.221  -13.604  -29.481 0.3000000119
63063  -39.149  -13.387  -27.949 0.3000000119
63931  -38.763  -12.828  -28.073 0.3000000119
63050  -38.880  -12.961  -27.122 0.3000000119
63919  -39.086  -12.798  -26.185 0.3000000119
64747  -38.725  -11.999  -26.354 0.3000000119
64730  -39.499  -11.727  -24.917 0.3000000119
65592  -40.377  -10.741  -24.126 0.3000000119
62229  -30.919  -13.526  -28.446 0.3000000119
63058  -31.871  -13.417  -28.359 0.3000000119
63060  -33.521  -13.092  -27.816 0.3000000119
63073  -30.612  -12.472  -29.088 0.3000000119
63059  -32.047  -12.873  -28.648 0.3000000119
63928  -33.473  -12.550  -28.659 0.3000000119
63929  -34.736  -12.779  -28.204 0.3000000119
62239  -29.659  -12.704  -28.493 0.3000000119
63043  -29.445  -13.418  -27.596 0.3000000119
129930  -38.716  -13.937  -30.099 0.3000000119
63941  -38.796  -12.765  -29.045 0.3000000119
118851  -38.577  -12.102  -27.420 0.3000000119
64738  -38.783  -10.990  -26.122 0.3000000119
63937  -29.633  -11.698  -29.515 0.3000000119
63917  -30.116  -11.994  -28.154 0.3000000119
63925  -29.663  -11.615  -29.315 0.3000000119
63057  -29.705  -12.273  -28.625 0.3000000119
63071  -29.775  -12.114  -28.932 0.3000000119
63072  -29.924  -12.562  -28.822 0.3000000119
63044  -29.600  -12.676  -27.828 0.3000000119
51609  -35.086  -26.260  -19.282 0.5000000000
51623  -34.019  -26.481  -21.863 0.6999999881
52468  -34.649  -25.982  -20.105 0.5000000000
51632  -33.892  -25.921  -22.670 0.6000000238
127539  -32.756  -34.405  -20.318 0.6999999881
16558  -34.007  -68.291  -9.517 0.3000000119
16548  -32.935  -68.361  -8.841 0.3000000119
17364  -32.457  -67.616  -9.027 0.3000000119
17349  -31.674  -67.598  -8.762 0.4000000060
17363  -31.264  -67.019  -9.190 0.4000000060
18178  -30.532  -66.823  -10.505 0.4000000060
17376  -30.519  -66.950  -11.305 0.4000000060
17388  -31.151  -66.932  -12.010 0.4000000060
17389  -31.859  -66.789  -12.772 0.4000000060
17399  -31.570  -66.912  -13.420 0.4000000060
19702  -31.058  -64.989  -13.384 0.4000000060
20438  -30.570  -63.548  -12.367 0.4000000060
128355  -30.557  -59.713  -11.990 0.4000000060
111021  -37.471  -58.064  -16.358 0.3000000119
126439  -37.626  -56.682  -16.368 0.3000000119
24615  -30.696  -58.815  -12.024 0.5000000000
129488  -38.082  -54.656  -16.769 0.3000000119
27775  -38.184  -54.325  -16.256 0.3000000119
26172  -31.063  -57.206  -12.905 0.5000000000
36679  -40.884  -43.837  -14.578 0.3000000119
126264  -40.957  -44.065  -13.832 0.3000000119
133263  -42.088  -42.810  -13.479 0.3000000119
37463  -42.187  -42.617  -12.769 0.4000000060
126610  -32.434  -54.309  -14.123 0.6000000238
122216  -43.256  -41.527  -12.323 0.4000000060
39250  -44.312  -40.551  -12.895 0.4000000060
40159  -43.580  -39.611  -12.408 0.4000000060
41004  -44.418  -38.879  -13.179 0.4000000060
41861  -45.068  -37.925  -14.055 0.4000000060
119281  -29.455  -45.073  -13.166 0.4000000060
35939  -30.484  -44.459  -13.887 0.5000000000
32151  -32.765  -49.770  -16.164 0.6999999881
43646  -44.083  -36.005  -15.946 0.4000000060
32877  -32.983  -48.308  -16.361 0.6999999881
43662  -43.539  -35.885  -16.770 0.4000000060
37485  -31.093  -42.820  -14.861 0.5000000000
36678  -31.055  -43.593  -14.860 0.5000000000
123733  -31.793  -41.895  -16.414 0.6000000238
37493  -31.526  -42.561  -15.763 0.6000000238
121880  -31.595  -42.014  -17.331 0.8000000119
34440  -33.347  -46.809  -16.274 0.8000000119
33619  -33.205  -47.464  -15.633 0.6999999881
113040  -33.583  -45.409  -16.781 0.8000000119
33625  -33.297  -47.699  -17.023 0.6999999881
43677  -42.876  -36.048  -17.520 0.4000000060
35954  -33.658  -44.543  -16.188 0.8000000119
39287  -32.112  -40.918  -17.673 0.8000000119
126873  -33.966  -44.433  -17.957 0.8000000119
118430  -33.747  -45.260  -18.056 0.8000000119
43676  -42.511  -35.751  -17.935 0.4000000060
40201  -32.708  -39.216  -19.153 0.6999999881
36700  -34.386  -43.174  -18.967 0.8000000119
116152  -32.969  -40.296  -19.275 0.6999999881
125058  -34.012  -40.413  -19.915 0.6999999881
36710  -34.236  -42.851  -19.251 0.8000000119
40208  -34.804  -39.992  -20.594 0.6999999881
38383  -34.618  -40.993  -19.644 0.6000000238
116077  -41.913  -34.006  -18.629 0.3000000119
49043  -40.849  -29.216  -17.107 0.4000000060
127622  -41.734  -31.328  -17.380 0.4000000060
118202  -42.107  -32.954  -16.804 0.4000000060
132254  -40.571  -28.609  -18.249 0.4000000060
49044  -41.316  -29.954  -17.618 0.4000000060
48180  -41.531  -30.631  -17.053 0.4000000060
47281  -41.641  -31.329  -16.539 0.4000000060
50703  -40.182  -28.048  -18.323 0.4000000060
49892  -40.327  -29.009  -20.018 0.4000000060
49901  -39.692  -28.326  -20.974 0.5000000000
129482  -39.504  -25.989  -20.717 0.4000000060
50718  -39.661  -27.489  -20.647 0.5000000000
119698  -39.622  -28.915  -21.574 0.5000000000
49081  -39.877  -30.118  -21.663 0.4000000060
49910  -39.553  -29.616  -22.281 0.5000000000
52458  -38.947  -25.887  -18.715 0.5000000000
52471  -38.576  -25.224  -19.057 0.5000000000
120026  -39.362  -25.787  -20.076 0.4000000060
119626  -39.293  -29.835  -24.092 0.5000000000
127006  -39.427  -28.419  -24.195 0.5000000000
50749  -39.929  -27.422  -25.818 0.5000000000
50750  -40.552  -27.099  -26.206 0.5000000000
47305  -26.634  -31.537  -18.929 0.5000000000
52504  -41.307  -25.468  -26.118 0.5000000000
54191  -42.378  -22.962  -26.335 0.4000000060
127702  -27.054  -30.170  -19.901 0.6000000238
48214  -27.884  -30.481  -19.896 0.6000000238
48223  -28.497  -30.029  -20.393 0.6000000238
118327  -43.205  -22.726  -26.461 0.3000000119
48222  -28.138  -29.230  -20.706 0.6000000238
49075  -28.688  -28.787  -21.206 0.6000000238
49907  -29.336  -28.310  -21.613 0.6000000238
127284  -43.443  -21.352  -26.486 0.3000000119
115909  -44.540  -20.534  -26.364 0.3000000119
50726  -28.966  -27.495  -21.801 0.6000000238
53308  -29.495  -24.248  -23.311 0.6000000238
117301  -29.951  -23.812  -23.531 0.6000000238
54174  -29.181  -23.234  -23.442 0.6000000238
55866  -28.809  -21.777  -23.777 0.6000000238
55880  -29.637  -21.294  -24.177 0.6000000238
130976  -29.053  -20.496  -24.665 0.5000000000
57850  -29.077  -19.458  -25.961 0.5000000000
58772  -28.629  -18.600  -26.237 0.4000000060
58786  -28.219  -17.685  -26.264 0.4000000060
59688  -27.267  -17.727  -25.580 0.4000000060
63948  -38.357  -12.463  -29.788 0.3000000119
114650  -38.566  -12.050  -28.299 0.3000000119
65603  -38.654  -10.423  -26.679 0.3000000119
66475  -39.378  -10.018  -25.172 0.3000000119
66463  -40.058  -9.994  -24.519 0.3000000119
63906  -30.381  -12.620  -27.101 0.3000000119
63033  -31.342  -13.057  -26.129 0.3000000119
42736  -44.617  -36.391  -15.330 0.4000000060
118635  -39.469  -30.445  -23.126 0.5000000000
125294  -35.807  -64.865  -11.784 0.3000000119
18936  -35.186  -65.227  -11.756 0.3000000119
20428  -34.620  -63.486  -11.622 0.3000000119
22911  -31.203  -60.200  -10.853 0.4000000060
21269  -36.940  -62.567  -14.072 0.3000000119
130351  -32.958  -62.165  -10.619 0.4000000060
22930  -35.216  -60.232  -12.643 0.3000000119
26160  -31.107  -57.358  -12.111 0.4000000060
28685  -38.104  -54.204  -15.552 0.3000000119
114296  -37.787  -54.944  -14.390 0.3000000119
29595  -38.028  -52.960  -13.848 0.3000000119
31385  -39.252  -49.800  -14.028 0.3000000119
32863  -39.733  -48.233  -13.431 0.3000000119
28653  -37.167  -53.930  -12.377 0.3000000119
28636  -36.911  -53.315  -11.725 0.3000000119
29585  -37.583  -52.458  -12.524 0.3000000119
30472  -37.869  -51.597  -12.335 0.3000000119
35950  -40.456  -44.259  -14.950 0.3000000119
31370  -37.639  -51.074  -11.620 0.3000000119
31369  -32.735  -50.465  -12.812 0.6000000238
114613  -32.552  -51.822  -14.006 0.6999999881
31350  -36.044  -50.338  -10.392 0.3000000119
39249  -43.766  -40.374  -12.474 0.4000000060
131217  -32.662  -49.874  -14.569 0.6999999881
127849  -36.804  -48.579  -10.481 0.4000000060
33570  -36.041  -47.373  -10.535 0.4000000060
129108  -34.759  -46.599  -11.272 0.6000000238
34411  -33.745  -46.586  -12.774 0.6999999881
32861  -33.221  -48.067  -13.887 0.6999999881
32870  -32.771  -48.923  -15.666 0.6999999881
35895  -38.883  -43.876  -9.721 0.4000000060
35185  -34.640  -45.438  -12.040 0.6000000238
41848  -42.988  -38.003  -12.791 0.4000000060
33612  -33.349  -47.357  -14.394 0.6999999881
42725  -43.278  -36.819  -14.608 0.4000000060
42735  -43.514  -36.485  -15.313 0.4000000060
36666  -29.065  -43.564  -13.312 0.3000000119
35928  -34.913  -44.192  -12.129 0.6000000238
34430  -33.437  -46.510  -14.923 0.6999999881
36669  -34.783  -43.132  -12.820 0.6000000238
40121  -39.055  -39.647  -9.846 0.5000000000
35204  -33.582  -45.544  -14.768 0.6999999881
37474  -34.608  -42.922  -13.734 0.6999999881
117751  -33.567  -45.064  -15.523 0.6999999881
121859  -33.442  -45.920  -15.808 0.8000000119
37504  -33.835  -42.664  -17.075 0.6999999881
42716  -41.866  -36.228  -13.523 0.4000000060
39247  -35.734  -41.021  -13.014 0.6999999881
39275  -34.408  -40.908  -16.421 0.6000000238
37513  -34.139  -43.240  -18.252 0.6999999881
38374  -34.521  -41.399  -19.297 0.6999999881
37521  -34.391  -42.335  -19.070 0.6999999881
37528  -34.256  -41.913  -19.312 0.8000000119
40209  -35.625  -39.715  -20.693 0.6000000238
43675  -42.079  -35.454  -18.488 0.4000000060
44611  -41.965  -34.851  -17.971 0.3000000119
40180  -36.148  -39.175  -14.528 0.6000000238
40165  -36.151  -39.361  -13.596 0.6000000238
41002  -36.390  -38.596  -13.044 0.6999999881
128511  -35.343  -39.533  -17.206 0.6000000238
40207  -33.741  -39.671  -19.884 0.6999999881
41060  -34.946  -38.348  -20.669 0.6999999881
41054  -35.070  -39.198  -20.942 0.6999999881
39303  -34.576  -40.725  -19.912 0.8000000119
41055  -35.580  -38.886  -20.661 0.6999999881
45456  -40.241  -33.731  -13.365 0.3000000119
41857  -36.361  -37.231  -13.430 0.5000000000
42700  -36.739  -36.307  -12.451 0.5000000000
42755  -30.837  -36.204  -17.190 0.6999999881
128422  -38.739  -33.817  -12.804 0.4000000060
45455  -39.401  -33.306  -13.308 0.4000000060
49864  -40.083  -28.812  -16.681 0.4000000060
116942  -40.598  -30.674  -15.543 0.4000000060
46348  -39.390  -32.017  -14.230 0.4000000060
46339  -40.014  -33.005  -13.840 0.4000000060
49023  -38.762  -29.254  -15.910 0.5000000000
46366  -40.868  -32.089  -14.953 0.4000000060
44583  -36.283  -34.925  -14.561 0.5000000000
44566  -36.989  -34.684  -13.272 0.5000000000
43672  -30.402  -35.526  -17.413 0.6999999881
47261  -37.581  -31.268  -15.378 0.5000000000
44631  -32.605  -35.029  -20.025 0.8000000119
44608  -29.277  -34.531  -17.721 0.5000000000
45519  -34.801  -33.993  -19.159 0.6999999881
51600  -39.294  -26.643  -18.368 0.5000000000
45517  -32.126  -34.286  -20.002 0.6999999881
52489  -39.493  -25.851  -22.932 0.5000000000
52483  -39.542  -25.561  -22.095 0.4000000060
50730  -39.544  -27.829  -21.563 0.5000000000
45498  -27.944  -33.938  -17.973 0.5000000000
134392  -35.964  -32.610  -16.445 0.5000000000
52457  -38.282  -25.576  -18.423 0.5000000000
52472  -39.077  -25.553  -19.477 0.4000000060
46410  -33.811  -33.007  -20.140 0.8000000119
46392  -27.929  -32.617  -18.659 0.5000000000
52456  -37.575  -25.418  -18.380 0.5000000000
46409  -33.227  -32.492  -20.685 0.6000000238
53314  -39.575  -24.237  -23.913 0.4000000060
52499  -39.611  -25.674  -24.912 0.5000000000
46401  -30.087  -32.291  -19.564 0.6999999881
47325  -34.387  -31.613  -19.315 0.6000000238
49068  -33.506  -29.834  -21.201 0.6999999881
49087  -33.214  -29.009  -22.355 0.6000000238
49085  -32.166  -29.277  -22.429 0.6000000238
51644  -40.190  -26.450  -25.845 0.5000000000
47321  -27.052  -30.908  -19.427 0.5000000000
50700  -35.429  -27.390  -18.345 0.6000000238
54139  -35.980  -23.838  -19.845 0.5000000000
54966  -37.119  -22.892  -19.894 0.4000000060
49899  -33.720  -29.018  -20.769 0.6999999881
50729  -33.823  -27.193  -21.269 0.6999999881
111845  -30.877  -30.374  -21.353 0.6000000238
49084  -31.319  -29.209  -22.140 0.6000000238
131893  -37.154  -21.875  -20.643 0.4000000060
54164  -34.937  -23.354  -21.445 0.5000000000
52477  -34.379  -25.758  -21.048 0.5000000000
56838  -40.137  -20.804  -24.105 0.4000000060
54179  -33.596  -23.624  -23.329 0.6000000238
114065  -40.041  -21.460  -24.290 0.4000000060
117223  -31.306  -27.602  -22.801 0.6000000238
55844  -35.572  -21.757  -21.686 0.6000000238
55845  -37.514  -20.989  -21.147 0.4000000060
53295  -34.400  -24.621  -22.152 0.6999999881
128303  -34.618  -23.192  -22.173 0.6000000238
52482  -34.288  -25.494  -22.055 0.6000000238
56814  -36.952  -20.545  -21.471 0.5000000000
58733  -38.359  -18.511  -22.476 0.4000000060
56860  -39.696  -20.655  -25.684 0.3000000119
55011  -33.535  -22.487  -23.542 0.6000000238
53310  -32.182  -23.755  -23.556 0.6000000238
55868  -32.612  -22.227  -23.809 0.6000000238
55895  -40.803  -21.770  -26.198 0.3000000119
119109  -43.965  -20.926  -26.483 0.3000000119
55857  -34.356  -22.116  -23.092 0.6000000238
57862  -41.068  -20.470  -26.873 0.3000000119
56871  -41.268  -21.208  -26.389 0.3000000119
56849  -33.768  -20.351  -24.081 0.6000000238
119701  -39.096  -18.387  -25.239 0.4000000060
57853  -39.467  -19.827  -26.270 0.3000000119
57861  -40.142  -20.257  -26.617 0.3000000119
55883  -32.286  -21.708  -24.056 0.6000000238
58730  -35.861  -18.706  -22.883 0.5000000000
114507  -32.487  -20.129  -24.455 0.5000000000
58744  -35.331  -18.366  -23.415 0.4000000060
60473  -36.563  -16.536  -23.758 0.4000000060
58758  -33.216  -18.712  -24.693 0.5000000000
59717  -38.856  -18.267  -27.992 0.3000000119
59716  -38.531  -17.688  -27.513 0.3000000119
58757  -32.473  -18.428  -25.111 0.4000000060
62184  -36.987  -14.787  -25.100 0.3000000119
129442  -32.288  -17.714  -25.414 0.3000000119
59691  -31.699  -18.111  -25.553 0.3000000119
61342  -34.280  -15.100  -25.224 0.3000000119
114935  -37.541  -15.630  -27.820 0.3000000119
60514  -30.061  -16.571  -27.139 0.3000000119
61381  -40.788  -15.201  -28.746 0.3000000119
61340  -32.492  -15.540  -26.159 0.3000000119
62216  -37.350  -14.668  -27.180 0.3000000119
61388  -39.339  -15.221  -29.671 0.3000000119
63027  -40.129  -13.150  -24.615 0.3000000119
63046  -34.549  -13.304  -26.847 0.3000000119
61356  -30.637  -15.047  -27.587 0.3000000119
63061  -35.488  -13.042  -27.497 0.3000000119
63910  -39.218  -12.260  -25.499 0.3000000119
63930  -35.166  -12.815  -29.008 0.3000000119
62227  -29.432  -13.683  -27.875 0.3000000119
63084  -36.812  -14.310  -30.350 0.3000000119
117758  -38.674  -13.206  -29.792 0.3000000119
111359  -38.587  -11.234  -26.977 0.3000000119
120329  -39.610  -10.888  -24.793 0.3000000119
66464  -40.782  -9.933  -24.014 0.3000000119
63927  -31.902  -12.262  -29.246 0.3000000119
63032  -30.138  -13.325  -26.694 0.3000000119
62196  -30.565  -14.144  -25.966 0.3000000119
65609  -38.546  -10.564  -27.536 0.3000000119
35972  -33.840  -44.665  -18.578 0.8000000119
37527  -34.105  -42.438  -19.453 0.8000000119
49902  -39.975  -29.280  -20.906 0.4000000060
132292  -28.565  -20.977  -24.278 0.5000000000
50702  -39.794  -27.272  -18.802 0.4000000060
50719  -39.903  -28.231  -20.258 0.4000000060
120689  -41.633  -31.178  -24.116 0.3000000119
130749  -41.342  -31.884  -25.380 0.4000000060
50745  -42.170  -28.711  -24.255 0.3000000119
115334  -39.375  -31.534  -24.006 0.4000000060
123432  -39.861  -30.867  -25.689 0.4000000060
49091  -39.477  -30.807  -25.011 0.4000000060
50746  -42.376  -27.505  -24.286 0.3000000119
49100  -42.043  -30.449  -26.569 0.4000000060
49097  -42.298  -30.262  -26.294 0.3000000119
51616  -39.611  -26.586  -20.255 0.3000000119
49094  -39.751  -29.717  -25.960 0.4000000060
49095  -40.459  -30.526  -26.207 0.4000000060
111158  -42.620  -27.366  -26.329 0.3000000119
49924  -41.203  -28.847  -26.626 0.4000000060
51646  -43.704  -26.365  -26.047 0.3000000119
50754  -42.576  -28.160  -26.282 0.3000000119
111220  -41.578  -27.381  -26.468 0.4000000060
134787  -40.006  -28.141  -26.109 0.4000000060
53322  -44.396  -25.142  -26.091 0.3000000119
53327  -43.934  -24.776  -26.327 0.3000000119
115462  -43.182  -25.029  -26.360 0.3000000119
126549  -43.729  -23.746  -26.404 0.3000000119
53325  -42.086  -24.696  -26.261 0.3000000119
49057  -26.666  -29.475  -20.021 0.5000000000
50724  -26.383  -27.105  -20.904 0.5000000000
49066  -27.174  -28.915  -20.455 0.5000000000
50715  -26.524  -27.997  -20.631 0.5000000000
49906  -28.340  -28.026  -21.401 0.5000000000
55031  -44.544  -22.721  -26.409 0.3000000119
53326  -42.837  -24.121  -26.402 0.3000000119
50725  -27.979  -27.251  -21.568 0.5000000000
51622  -28.516  -26.589  -21.993 0.5000000000
51626  -26.615  -25.429  -21.401 0.5000000000
53301  -27.307  -24.285  -22.466 0.5000000000
51621  -27.407  -26.333  -21.571 0.5000000000
52484  -26.155  -24.386  -21.647 0.5000000000
51625  -25.605  -25.096  -21.044 0.5000000000
133467  -28.351  -24.156  -22.987 0.5000000000
53300  -26.383  -23.555  -22.232 0.4000000060
54173  -27.757  -23.102  -23.144 0.5000000000
54168  -26.408  -23.192  -22.131 0.4000000060
54999  -26.983  -22.666  -22.483 0.4000000060
55005  -28.335  -22.504  -23.405 0.5000000000
54172  -26.788  -23.078  -22.620 0.4000000060
54991  -26.772  -22.724  -22.119 0.4000000060
131130  -27.419  -21.745  -22.802 0.5000000000
55879  -27.557  -20.895  -23.954 0.4000000060
56823  -27.295  -20.972  -22.828 0.5000000000
125572  -27.289  -20.886  -23.251 0.4000000060
55839  -27.353  -21.955  -22.460 0.3000000119
56845  -27.745  -20.339  -24.724 0.4000000060
56834  -26.998  -20.225  -23.801 0.3000000119
56808  -27.524  -20.687  -22.677 0.3000000119
57810  -27.039  -19.920  -23.436 0.3000000119
57832  -26.674  -19.072  -24.973 0.3000000119
57833  -27.223  -19.578  -25.332 0.3000000119
57824  -26.819  -19.478  -24.192 0.3000000119
57811  -27.437  -19.768  -23.206 0.3000000119
57849  -27.882  -19.181  -25.972 0.3000000119
58724  -27.039  -19.208  -23.782 0.3000000119
58739  -26.787  -18.702  -24.588 0.3000000119
58756  -26.846  -18.303  -25.265 0.3000000119
58771  -27.565  -18.267  -26.079 0.3000000119
58725  -27.819  -19.044  -23.481 0.3000000119
58740  -27.376  -18.460  -24.178 0.3000000119
59657  -27.050  -17.966  -24.928 0.3000000119
59675  -27.573  -17.350  -25.374 0.3000000119
50714  -25.450  -27.208  -20.467 0.5000000000
116756  -41.933  -30.139  -22.584 0.3000000119
48248  -39.498  -32.709  -24.617 0.4000000060
49896  -24.750  -27.260  -20.046 0.4000000060
50723  -25.469  -26.431  -20.553 0.5000000000
51619  -25.378  -25.668  -20.542 0.4000000060
50708  -39.822  -27.305  -19.735 0.4000000060
51628  -29.206  -25.911  -22.566 0.5000000000
49887  -40.632  -28.843  -19.017 0.4000000060
51610  -39.468  -26.404  -19.315 0.3000000119
49088  -39.868  -31.086  -22.382 0.4000000060
49919  -39.383  -29.175  -25.165 0.4000000060
51648  -42.149  -26.510  -26.328 0.3000000119
129862  -27.581  -29.735  -20.278 0.5000000000
49898  -27.756  -28.420  -20.903 0.5000000000
52485  -28.936  -24.864  -22.865 0.5000000000
126943  -28.713  -23.710  -23.241 0.5000000000
126305  -28.405  -19.908  -25.393 0.3000000119
49918  -41.887  -29.280  -23.342 0.3000000119
48249  -41.414  -32.089  -24.898 0.4000000060
49092  -42.152  -30.582  -25.208 0.3000000119
48251  -40.376  -31.508  -25.649 0.4000000060
46433  -39.992  -34.334  -25.144 0.4000000060
47376  -41.048  -33.732  -25.111 0.4000000060
49096  -42.193  -31.012  -25.874 0.3000000119
112265  -39.830  -32.086  -23.288 0.4000000060
49923  -42.471  -29.216  -26.219 0.3000000119
49920  -42.413  -29.394  -25.195 0.3000000119
49925  -42.154  -28.881  -26.607 0.4000000060
51649  -43.246  -26.560  -26.249 0.3000000119
52505  -42.760  -25.707  -26.331 0.3000000119
54192  -44.778  -24.136  -26.295 0.3000000119
133312  -25.778  -29.197  -19.712 0.5000000000
49897  -25.254  -27.902  -20.183 0.5000000000
49065  -26.093  -28.674  -20.144 0.5000000000
49905  -27.392  -27.669  -21.150 0.5000000000
124375  -27.110  -26.975  -21.300 0.5000000000
51620  -26.206  -26.145  -21.074 0.5000000000
53307  -27.339  -23.586  -22.811 0.4000000060
51627  -27.726  -25.405  -22.080 0.4000000060
55004  -27.338  -22.519  -23.002 0.5000000000
131557  -27.122  -20.367  -24.317 0.3000000119
57795  -27.311  -20.352  -22.992 0.3000000119
47367  -39.891  -33.594  -23.458 0.4000000060
36698  -31.316  -44.025  -17.815 0.6999999881
36709  -34.150  -43.598  -19.122 0.6999999881
36715  -34.046  -43.187  -19.415 0.6999999881
36714  -33.262  -43.238  -19.332 0.6999999881
36707  -32.153  -44.284  -18.697 0.6999999881
37520  -31.595  -42.372  -18.377 0.6999999881
37512  -31.363  -42.459  -17.835 0.6999999881
37526  -33.343  -42.630  -19.379 0.6999999881
122475  -32.279  -42.720  -19.024 0.6999999881
130756  -32.096  -41.261  -18.358 0.6999999881
38365  -31.602  -41.729  -17.959 0.6999999881
48195  -41.543  -30.936  -18.180 0.3000000119
120030  -41.743  -31.888  -18.143 0.3000000119
49053  -41.280  -30.162  -18.687 0.3000000119
48217  -41.050  -31.575  -20.537 0.3000000119
49060  -41.038  -30.481  -19.666 0.3000000119
48207  -41.276  -31.114  -19.383 0.3000000119
39302  -33.699  -41.086  -19.557 0.6999999881
39296  -32.649  -41.316  -19.061 0.6999999881
49059  -40.720  -29.784  -19.842 0.3000000119
48216  -40.694  -30.935  -20.586 0.3000000119
47341  -40.967  -32.080  -21.525 0.3000000119
47342  -41.429  -32.572  -21.704 0.3000000119
39295  -32.274  -40.587  -18.450 0.6999999881
123653  -41.031  -29.629  -19.096 0.3000000119
117384  -40.308  -31.444  -21.850 0.3000000119
48244  -40.405  -32.733  -22.842 0.3000000119
47368  -40.007  -34.058  -23.621 0.3000000119
129277  -40.177  -30.497  -21.250 0.3000000119
47374  -41.204  -33.498  -24.907 0.3000000119
50709  -40.146  -28.074  -19.334 0.3000000119
47373  -40.132  -33.862  -25.122 0.3000000119
121019  -33.477  -46.106  -18.342 0.6999999881
35218  -33.570  -46.195  -17.747 0.6999999881
35234  -33.313  -46.089  -18.525 0.6999999881
35217  -30.587  -45.689  -16.792 0.6999999881
35979  -33.806  -44.434  -18.848 0.6999999881
120748  -33.415  -45.307  -18.709 0.6999999881
35978  -33.308  -44.542  -19.018 0.6999999881
114233  -31.620  -43.220  -18.429 0.6999999881
130899  -31.204  -43.670  -17.196 0.6999999881
35984  -33.798  -43.833  -19.245 0.6999999881
121385  -31.330  -43.208  -17.494 0.6999999881
46385  -42.067  -32.907  -18.051 0.3000000119
47308  -41.500  -31.766  -19.142 0.3000000119
125036  -41.311  -32.025  -20.320 0.3000000119
129936  -41.468  -32.404  -19.989 0.3000000119
48239  -41.552  -32.404  -22.225 0.3000000119
48245  -41.228  -33.305  -22.991 0.3000000119
49082  -41.809  -31.718  -22.473 0.3000000119
48247  -41.363  -32.812  -24.043 0.3000000119
22945  -30.576  -60.118  -14.269 0.4000000060
23842  -30.919  -59.566  -15.051 0.4000000060
127080  -30.609  -59.224  -13.948 0.4000000060
111098  -30.379  -59.946  -13.402 0.4000000060
23846  -31.051  -59.897  -15.898 0.4000000060
27738  -31.969  -54.687  -13.056 0.5000000000
133672  -31.702  -55.976  -13.900 0.4000000060
25412  -31.255  -57.220  -13.759 0.4000000060
25419  -31.288  -57.795  -14.551 0.4000000060
24626  -30.580  -58.562  -13.145 0.4000000060
26194  -31.675  -56.766  -14.525 0.5000000000
24641  -31.146  -58.731  -14.850 0.4000000060
24642  -31.553  -58.265  -15.516 0.4000000060
26185  -31.391  -56.533  -13.358 0.4000000060
26942  -31.952  -55.206  -13.912 0.5000000000
126642  -32.021  -56.555  -15.538 0.5000000000
24648  -31.599  -58.195  -16.351 0.5000000000
26951  -32.100  -55.830  -14.892 0.5000000000
25433  -31.203  -57.952  -17.115 0.5000000000
24654  -30.441  -58.340  -17.280 0.5000000000
26961  -32.218  -55.970  -16.077 0.5000000000
27764  -32.518  -54.467  -15.374 0.6000000238
25434  -31.683  -57.336  -16.740 0.5000000000
26962  -32.318  -55.324  -16.791 0.5000000000
26209  -31.815  -56.519  -17.064 0.5000000000
26215  -30.663  -56.362  -17.347 0.6000000238
25437  -31.162  -57.038  -17.235 0.5000000000
26977  -30.150  -55.716  -17.128 0.5000000000
28676  -32.591  -53.502  -15.155 0.6000000238
27773  -32.479  -54.705  -16.288 0.6000000238
26969  -32.005  -55.739  -17.250 0.5000000000
26216  -31.497  -56.128  -17.318 0.6000000238
26978  -31.034  -55.634  -17.442 0.6000000238
27794  -30.959  -54.306  -17.420 0.5000000000
124362  -29.270  -53.271  -15.857 0.5000000000
28690  -29.446  -53.858  -16.322 0.5000000000
28691  -30.184  -53.616  -16.960 0.5000000000
29612  -29.637  -52.985  -16.417 0.5000000000
32135  -30.113  -49.179  -13.912 0.4000000060
28684  -32.524  -54.002  -16.268 0.6000000238
33611  -30.437  -47.866  -15.064 0.5000000000
113494  -32.517  -53.176  -16.347 0.6000000238
27784  -32.334  -54.453  -16.970 0.5000000000
28692  -32.371  -53.643  -16.972 0.6000000238
27796  -32.055  -54.035  -17.317 0.6000000238
32869  -29.989  -48.593  -15.665 0.5000000000
27795  -31.758  -54.618  -17.434 0.6000000238
28700  -31.147  -53.430  -17.428 0.6000000238
133461  -31.697  -53.962  -17.438 0.5000000000
30502  -29.509  -51.496  -16.241 0.5000000000
30509  -30.628  -51.964  -17.220 0.5000000000
29613  -30.410  -52.776  -17.068 0.5000000000
32858  -30.167  -48.374  -13.524 0.4000000060
33603  -30.524  -47.752  -14.057 0.5000000000
111892  -29.669  -49.055  -13.156 0.4000000060
117043  -30.501  -46.252  -14.928 0.5000000000
29608  -32.570  -52.548  -15.707 0.6000000238
34429  -30.444  -47.161  -15.612 0.5000000000
29614  -32.566  -52.419  -16.667 0.6000000238
33618  -30.183  -47.935  -16.182 0.5000000000
29621  -32.365  -52.382  -17.172 0.6000000238
28701  -31.843  -53.289  -17.440 0.6000000238
31407  -32.218  -50.958  -17.540 0.6000000238
30510  -31.654  -51.711  -17.522 0.6000000238
30503  -29.993  -51.341  -16.859 0.5000000000
127279  -30.778  -51.278  -17.326 0.5000000000
32154  -29.797  -49.889  -16.829 0.5000000000
125279  -30.401  -47.031  -13.788 0.4000000060
34421  -30.490  -46.405  -13.996 0.5000000000
35209  -30.679  -45.514  -15.568 0.5000000000
35953  -30.870  -44.796  -16.240 0.5000000000
34439  -30.498  -46.424  -16.181 0.5000000000
32876  -32.851  -49.103  -17.002 0.6000000238
31402  -32.643  -51.166  -16.763 0.6000000238
33624  -30.203  -47.268  -16.790 0.5000000000
32155  -32.656  -49.886  -17.379 0.6000000238
31400  -29.584  -50.669  -16.484 0.5000000000
32159  -32.170  -50.033  -17.732 0.5000000000
32150  -29.623  -49.220  -16.301 0.5000000000
121086  -30.199  -49.064  -17.266 0.5000000000
32158  -30.831  -49.963  -17.467 0.5000000000
35946  -30.886  -44.523  -14.945 0.5000000000
35962  -30.906  -44.961  -17.493 0.6000000238
35226  -30.873  -45.974  -17.770 0.5000000000
32881  -33.333  -48.520  -17.749 0.6000000238
117827  -32.384  -50.255  -17.445 0.6000000238
33627  -30.596  -47.484  -17.770 0.5000000000
32875  -29.872  -48.578  -16.613 0.5000000000
125828  -32.832  -49.519  -18.001 0.6000000238
112721  -32.467  -49.214  -18.204 0.5000000000
32885  -31.228  -48.494  -17.977 0.5000000000
125136  -31.391  -49.362  -17.759 0.5000000000
35198  -30.151  -45.704  -13.580 0.4000000060
35947  -31.149  -43.962  -15.815 0.4000000060
33602  -29.934  -47.397  -13.236 0.4000000060
35971  -31.586  -44.829  -18.354 0.6000000238
35227  -31.511  -45.603  -18.349 0.6000000238
131562  -33.299  -48.253  -18.326 0.6000000238
34455  -30.996  -46.825  -18.152 0.5000000000
33628  -31.627  -47.675  -18.410 0.5000000000
33633  -33.096  -47.623  -18.466 0.6000000238
35203  -30.563  -45.341  -14.343 0.5000000000
36682  -31.270  -43.268  -15.550 0.4000000060
36688  -31.332  -43.351  -16.519 0.5000000000
36677  -30.722  -43.856  -14.181 0.4000000060
120809  -32.609  -45.339  -18.777 0.6000000238
34456  -31.955  -46.966  -18.555 0.5000000000
35233  -33.086  -46.199  -18.721 0.5000000000
122447  -29.662  -50.229  -14.942 0.5000000000
31395  -29.459  -50.833  -15.709 0.5000000000
27763  -32.299  -55.001  -14.779 0.6000000238
118313  -32.693  -51.100  -15.789 0.6000000238
131920  -33.450  -46.262  -16.829 0.6000000238
34450  -33.437  -47.018  -17.497 0.6000000238
34457  -33.375  -47.021  -18.172 0.6000000238
34462  -33.259  -46.823  -18.322 0.6000000238
33629  -33.444  -47.939  -18.140 0.6000000238
25426  -31.814  -57.411  -15.710 0.5000000000
26201  -32.034  -56.686  -16.440 0.5000000000
25436  -30.584  -57.642  -17.312 0.5000000000
26979  -31.714  -55.342  -17.394 0.6000000238
26970  -32.056  -54.921  -17.296 0.6000000238
30504  -32.592  -51.754  -17.027 0.6000000238
31406  -31.424  -50.784  -17.532 0.5000000000
30511  -32.285  -51.729  -17.373 0.6000000238
129949  -32.558  -50.627  -17.170 0.6000000238
32880  -33.158  -49.122  -18.128 0.6000000238
32887  -33.164  -48.904  -18.363 0.6000000238
32892  -33.247  -48.279  -18.396 0.6000000238
32886  -32.592  -48.461  -18.492 0.6000000238
33632  -32.697  -47.719  -18.569 0.5000000000
37465  -43.445  -41.969  -12.882 0.3000000119
37477  -42.840  -42.497  -13.337 0.3000000119
38335  -44.099  -41.765  -13.358 0.3000000119
39255  -44.965  -40.272  -13.350 0.3000000119
38336  -44.696  -41.620  -13.754 0.3000000119
39256  -45.718  -40.337  -13.841 0.3000000119
40181  -46.648  -39.159  -14.546 0.3000000119
40160  -44.291  -39.733  -12.867 0.3000000119
40166  -44.881  -39.427  -13.352 0.3000000119
41005  -45.999  -38.965  -14.095 0.3000000119
41015  -46.428  -38.376  -14.553 0.3000000119
122386  -45.160  -38.697  -13.725 0.3000000119
41014  -45.721  -38.173  -14.274 0.3000000119
43692  -44.611  -35.460  -18.398 0.3000000119
43678  -43.615  -35.809  -17.861 0.3000000119
43701  -44.174  -36.793  -20.526 0.3000000119
115174  -42.898  -36.158  -18.485 0.3000000119
43700  -42.205  -36.711  -20.661 0.3000000119
114350  -43.045  -36.706  -19.900 0.3000000119
43689  -42.454  -36.006  -19.125 0.3000000119
24653  -31.100  -58.910  -16.875 0.4000000060
37478  -43.613  -42.250  -13.591 0.3000000119
38347  -45.091  -41.765  -14.431 0.3000000119
128387  -30.682  -59.638  -16.934 0.4000000060
39270  -46.770  -39.947  -14.688 0.3000000119
40182  -47.231  -39.352  -15.090 0.3000000119
42727  -45.769  -37.028  -14.913 0.3000000119
42737  -45.564  -36.467  -15.368 0.3000000119
43679  -44.551  -35.340  -17.301 0.3000000119
43663  -45.407  -35.166  -16.805 0.3000000119
44598  -45.598  -34.978  -17.870 0.3000000119
44622  -45.469  -35.356  -19.260 0.3000000119
118371  -44.698  -35.893  -19.557 0.3000000119
42773  -43.631  -37.941  -21.712 0.3000000119
132611  -45.813  -40.789  -14.067 0.3000000119
41016  -47.053  -38.561  -14.964 0.3000000119
20447  -23.800  -63.191  -13.493 0.4000000060
21263  -24.086  -62.411  -13.392 0.3000000119
22080  -24.377  -61.694  -13.242 0.3000000119
22067  -24.830  -61.034  -12.989 0.3000000119
26950  -29.388  -55.801  -15.068 0.4000000060
27762  -29.192  -54.938  -15.498 0.4000000060
26193  -29.298  -56.742  -14.557 0.4000000060
25418  -29.096  -57.477  -15.378 0.4000000060
28675  -29.321  -53.594  -15.210 0.4000000060
28683  -29.223  -54.132  -15.721 0.4000000060
26960  -29.266  -55.672  -15.994 0.4000000060
26208  -29.393  -56.452  -16.449 0.4000000060
27782  -29.762  -55.134  -16.801 0.4000000060
25425  -29.168  -57.248  -16.290 0.4000000060
29582  -28.391  -52.123  -12.504 0.3000000119
30497  -29.504  -51.718  -15.427 0.4000000060
27783  -29.907  -54.440  -16.882 0.4000000060
127815  -29.510  -50.470  -13.162 0.3000000119
31368  -28.975  -50.527  -12.620 0.3000000119
117432  -29.569  -57.139  -16.950 0.4000000060
27772  -29.327  -54.819  -16.242 0.4000000060
32144  -29.748  -49.349  -15.096 0.4000000060
127595  -29.280  -56.559  -15.714 0.4000000060
17387  -30.273  -67.195  -11.940 0.3000000119
17398  -30.989  -67.301  -12.878 0.3000000119
18211  -31.451  -66.525  -13.813 0.3000000119
128211  -30.614  -64.472  -14.189 0.3000000119
19719  -30.702  -64.603  -15.933 0.3000000119
20462  -30.919  -63.668  -16.420 0.3000000119
115540  -30.568  -65.143  -16.865 0.3000000119
124492  -31.054  -62.756  -16.219 0.3000000119
20467  -30.827  -63.664  -17.259 0.3000000119
111888  -30.960  -61.989  -15.886 0.3000000119
21279  -31.040  -62.195  -16.856 0.3000000119
129916  -30.719  -60.376  -15.264 0.3000000119
114151  -30.625  -61.134  -16.730 0.3000000119
119761  -30.583  -64.007  -13.238 0.3000000119
112373  -30.813  -60.641  -16.169 0.3000000119
18959  -30.850  -65.404  -14.339 0.3000000119
17365  -33.316  -67.643  -9.340 0.3000000119
18170  -30.877  -66.778  -9.746 0.4000000060
18189  -31.209  -66.714  -11.133 0.4000000060
18937  -35.824  -65.555  -11.684 0.3000000119
18968  -30.957  -66.191  -14.469 0.3000000119
19723  -30.787  -64.423  -16.836 0.3000000119
20419  -32.810  -62.913  -10.837 0.4000000060
20424  -30.707  -63.161  -11.655 0.4000000060
21234  -30.922  -61.902  -10.928 0.4000000060
21238  -33.897  -61.843  -11.196 0.3000000119
22056  -31.512  -61.583  -10.626 0.4000000060
22057  -32.107  -61.330  -10.493 0.4000000060
22085  -36.242  -61.516  -14.282 0.3000000119
22089  -30.705  -61.181  -15.546 0.3000000119
22093  -30.832  -61.502  -16.472 0.3000000119
22098  -30.766  -61.768  -17.102 0.3000000119
22914  -33.343  -60.974  -10.632 0.3000000119
22922  -34.776  -60.012  -12.053 0.3000000119
24603  -31.797  -58.585  -10.606 0.4000000060
24606  -34.211  -58.067  -10.412 0.3000000119
24616  -31.124  -58.701  -11.119 0.4000000060
24636  -30.796  -58.390  -14.012 0.4000000060
24637  -36.583  -58.054  -13.603 0.3000000119
24647  -31.413  -59.069  -15.897 0.3000000119
25369  -33.046  -56.699  -10.155 0.3000000119
25411  -30.885  -57.830  -13.493 0.4000000060
26144  -34.068  -55.871  -9.980 0.3000000119
26154  -32.131  -55.925  -10.884 0.3000000119
26156  -35.129  -56.647  -10.691 0.3000000119
26173  -31.295  -56.491  -12.230 0.5000000000
26202  -32.143  -56.079  -16.863 0.5000000000
26214  -29.830  -56.415  -17.029 0.4000000060
26887  -33.644  -55.438  -10.055 0.3000000119
26888  -34.115  -55.261  -10.016 0.3000000119
26901  -33.040  -55.316  -10.281 0.3000000119
26943  -37.503  -55.846  -14.047 0.3000000119
26952  -32.416  -55.232  -15.708 0.6000000238
26968  -29.561  -55.700  -16.561 0.4000000060
27720  -32.083  -54.266  -12.218 0.5000000000
27721  -32.233  -53.970  -11.517 0.4000000060
27723  -36.137  -54.305  -10.954 0.3000000119
27793  -30.482  -55.041  -17.254 0.5000000000
28604  -33.978  -54.041  -9.852 0.4000000060
28620  -33.172  -53.928  -10.226 0.4000000060
28621  -34.753  -53.866  -10.075 0.3000000119
28622  -35.591  -53.499  -10.438 0.3000000119
28635  -32.457  -53.329  -11.219 0.5000000000
28667  -37.921  -53.723  -13.853 0.3000000119
28702  -32.159  -53.134  -17.237 0.6000000238
29562  -33.352  -52.713  -10.374 0.4000000060
29603  -29.450  -52.704  -15.073 0.4000000060
29619  -31.375  -52.616  -17.448 0.6000000238
29620  -32.048  -52.483  -17.469 0.6000000238
30453  -34.642  -51.301  -10.278 0.5000000000
30463  -37.222  -51.947  -11.621 0.3000000119
30469  -28.636  -51.301  -12.557 0.3000000119
30471  -32.902  -51.866  -12.917 0.6000000238
30473  -38.360  -51.267  -12.956 0.3000000119
31347  -33.696  -50.589  -10.734 0.5000000000
31348  -34.268  -50.545  -10.472 0.5000000000
31359  -37.410  -50.568  -11.073 0.3000000119
31396  -32.704  -50.526  -16.494 0.6999999881
31401  -30.312  -50.637  -17.155 0.5000000000
31408  -32.416  -51.088  -17.258 0.6000000238
32100  -36.577  -49.690  -10.463 0.4000000060
32108  -32.943  -49.910  -12.088 0.6000000238
32109  -33.471  -49.362  -11.388 0.6000000238
32110  -38.254  -49.548  -11.404 0.3000000119
32115  -27.482  -49.862  -12.559 0.5000000000
32117  -29.273  -49.782  -12.811 0.4000000060
32121  -39.267  -49.281  -12.466 0.3000000119
32149  -29.386  -49.992  -15.951 0.5000000000
32822  -34.589  -48.818  -10.669 0.4000000060
32823  -35.343  -48.930  -10.471 0.4000000060
32834  -34.472  -48.087  -10.892 0.6000000238
32859  -30.312  -48.541  -14.508 0.5000000000
32888  -33.297  -48.517  -18.334 0.6000000238
33573  -38.749  -47.487  -10.754 0.4000000060
33574  -39.348  -47.462  -11.334 0.4000000060
33583  -39.669  -47.177  -11.890 0.4000000060
33592  -34.139  -46.681  -11.852 0.6999999881
33634  -33.245  -47.701  -18.314 0.6000000238
34389  -35.250  -46.915  -10.807 0.5000000000
34392  -37.597  -46.771  -10.306 0.4000000060
34402  -35.314  -46.168  -11.078 0.6000000238
34409  -28.433  -46.779  -12.612 0.5000000000
34410  -29.344  -46.643  -12.818 0.5000000000
34413  -40.064  -46.553  -13.091 0.4000000060
34420  -29.985  -46.497  -13.351 0.4000000060
34422  -33.572  -46.579  -13.764 0.6999999881
34449  -30.444  -46.582  -17.314 0.5000000000
34460  -32.813  -46.994  -18.565 0.5000000000
34461  -33.117  -46.954  -18.439 0.6000000238
35169  -36.751  -45.317  -10.495 0.4000000060
35170  -37.602  -45.384  -10.046 0.4000000060
35171  -38.353  -45.269  -9.944 0.4000000060
35186  -34.823  -44.870  -12.068 0.6000000238
35201  -40.408  -44.971  -13.253 0.3000000119
35228  -33.564  -45.261  -18.577 0.6999999881
35232  -32.279  -46.253  -18.646 0.5000000000
35927  -34.648  -43.923  -12.757 0.6000000238
35942  -40.645  -44.441  -14.055 0.3000000119
36627  -38.655  -43.224  -9.630 0.4000000060
36643  -37.307  -44.048  -9.836 0.5000000000
36644  -39.347  -43.376  -9.942 0.4000000060
36651  -35.360  -43.676  -11.657 0.6000000238
36652  -36.084  -43.344  -10.929 0.6000000238
36657  -34.910  -43.602  -12.272 0.6000000238
36667  -30.096  -43.678  -13.625 0.4000000060
36670  -41.012  -43.866  -13.155 0.3000000119
36671  -41.324  -43.570  -13.967 0.3000000119
36699  -34.177  -43.965  -18.679 0.8000000119
36708  -32.701  -43.673  -19.115 0.6999999881
37459  -42.262  -41.911  -11.763 0.4000000060
37464  -42.697  -42.123  -12.361 0.4000000060
37471  -28.790  -42.718  -13.610 0.3000000119
37484  -30.059  -42.291  -13.965 0.4000000060
37492  -31.182  -42.049  -14.839 0.5000000000
37503  -31.542  -42.593  -16.911 0.5000000000
37514  -34.207  -42.507  -18.339 0.6999999881
38293  -37.197  -41.785  -9.801 0.5000000000
38294  -37.972  -41.764  -9.548 0.5000000000
38296  -39.176  -41.304  -9.687 0.5000000000
38311  -41.448  -41.190  -10.971 0.4000000060
38320  -42.157  -41.295  -11.442 0.4000000060
38322  -43.295  -40.918  -12.113 0.4000000060
38327  -43.863  -41.188  -12.684 0.3000000119
38328  -44.567  -41.107  -13.265 0.3000000119
38337  -45.313  -41.053  -13.786 0.3000000119
38372  -31.999  -41.909  -18.659 0.6999999881
38373  -32.641  -42.096  -19.180 0.6999999881
38381  -33.490  -41.904  -19.433 0.6999999881
38382  -34.240  -41.547  -19.509 0.8000000119
39228  -39.692  -40.248  -9.919 0.4000000060
39229  -40.371  -40.372  -10.267 0.4000000060
39241  -36.250  -40.739  -11.590 0.6000000238
39257  -46.194  -39.749  -14.143 0.3000000119
39269  -46.221  -40.523  -14.381 0.3000000119
39305  -35.511  -40.158  -20.237 0.6000000238
40120  -38.085  -39.304  -9.971 0.5000000000
40132  -37.426  -39.541  -10.241 0.5000000000
40167  -45.526  -39.581  -13.709 0.3000000119
40185  -31.302  -39.404  -15.584 0.6999999881
40958  -38.762  -38.877  -10.142 0.5000000000
40971  -40.941  -39.079  -10.822 0.4000000060
40997  -42.519  -38.282  -12.227 0.4000000060
40999  -43.894  -39.076  -12.719 0.4000000060
41026  -29.754  -38.280  -15.235 0.6000000238
41041  -31.932  -38.083  -17.395 0.6999999881
41829  -36.844  -37.521  -11.776 0.4000000060
41830  -37.422  -37.229  -11.304 0.4000000060
41831  -39.711  -37.120  -10.998 0.4000000060
41845  -36.480  -37.111  -12.504 0.5000000000
41846  -41.672  -37.264  -12.170 0.4000000060
41858  -42.622  -37.376  -13.273 0.4000000060
41866  -43.810  -37.273  -14.068 0.4000000060
41867  -44.651  -37.371  -14.260 0.4000000060
41868  -45.424  -37.471  -14.477 0.3000000119
41870  -46.820  -37.944  -14.913 0.3000000119
41881  -47.434  -37.850  -15.322 0.3000000119
41892  -36.159  -37.181  -16.118 0.6000000238
41909  -32.780  -37.331  -19.264 0.6999999881
42681  -38.026  -36.989  -10.934 0.4000000060
42682  -38.817  -36.805  -10.940 0.4000000060
42691  -41.036  -37.020  -11.740 0.4000000060
42726  -45.056  -36.862  -14.766 0.4000000060
42747  -29.450  -36.113  -16.465 0.5000000000
42748  -30.875  -36.692  -16.657 0.6999999881
42770  -33.785  -36.968  -20.366 0.6999999881
42772  -42.666  -37.634  -21.607 0.3000000119
42778  -33.648  -36.165  -20.335 0.6999999881
42779  -34.218  -36.758  -20.499 0.6999999881
42780  -34.762  -36.936  -20.336 0.6999999881
43606  -38.598  -35.263  -11.850 0.5000000000
43608  -40.209  -35.957  -11.848 0.4000000060
43644  -42.233  -35.362  -16.495 0.4000000060
43658  -35.658  -35.287  -16.771 0.6000000238
43660  -42.511  -35.772  -16.973 0.4000000060
43688  -41.869  -35.793  -19.715 0.3000000119
43690  -43.103  -36.249  -18.467 0.4000000060
43691  -43.772  -36.096  -19.034 0.3000000119
43696  -32.173  -35.467  -19.317 0.6999999881
44570  -36.676  -34.254  -13.944 0.5000000000
44571  -40.740  -34.342  -13.258 0.4000000060
44642  -33.288  -34.856  -20.384 0.6999999881
44643  -33.802  -34.669  -20.377 0.6999999881
45488  -35.685  -33.010  -16.794 0.5000000000
46346  -37.498  -32.910  -14.218 0.5000000000
46350  -41.296  -33.011  -14.888 0.4000000060
46408  -31.986  -32.529  -20.825 0.6000000238
46427  -40.369  -33.616  -24.952 0.3000000119
46430  -40.078  -34.263  -25.155 0.3000000119
46431  -40.556  -34.361  -25.169 0.3000000119
46432  -40.774  -34.101  -25.242 0.3000000119
46434  -40.594  -34.388  -25.182 0.3000000119
47278  -35.791  -32.186  -16.761 0.5000000000
47323  -29.469  -31.715  -19.654 0.6000000238
47355  -32.114  -31.364  -21.448 0.6000000238
47357  -41.485  -32.727  -22.179 0.3000000119
47372  -39.667  -34.346  -24.142 0.3000000119
47375  -39.666  -34.117  -24.575 0.4000000060
47377  -39.700  -33.493  -25.009 0.4000000060
47378  -40.124  -32.942  -25.285 0.4000000060
47379  -41.064  -33.710  -25.355 0.4000000060
47380  -40.945  -31.948  -25.488 0.4000000060
48151  -39.085  -30.854  -14.926 0.5000000000
48178  -37.361  -30.010  -16.160 0.5000000000
48179  -40.723  -30.105  -16.016 0.4000000060
48226  -33.661  -31.244  -20.623 0.6999999881
48238  -40.922  -32.372  -22.107 0.3000000119
48246  -39.505  -33.313  -23.930 0.4000000060
48250  -39.794  -32.075  -25.204 0.4000000060
48252  -42.064  -30.981  -26.247 0.3000000119
48253  -41.061  -31.105  -26.153 0.4000000060
48254  -41.708  -31.146  -26.223 0.4000000060
49024  -39.609  -29.282  -16.027 0.5000000000
49052  -40.994  -29.185  -18.180 0.3000000119
49070  -40.409  -30.114  -20.657 0.3000000119
49089  -41.567  -31.708  -23.140 0.3000000119
49090  -42.002  -29.851  -24.257 0.3000000119
49093  -42.537  -29.967  -25.905 0.3000000119
49098  -40.713  -29.656  -26.541 0.4000000060
49099  -41.375  -30.454  -26.535 0.4000000060
49876  -39.860  -27.931  -17.593 0.4000000060
49886  -35.246  -28.223  -18.118 0.6000000238
49889  -24.663  -27.774  -19.603 0.4000000060
49915  -33.084  -28.500  -22.731 0.6000000238
49921  -42.650  -29.054  -25.860 0.3000000119
49922  -40.178  -28.767  -26.324 0.4000000060
50686  -36.812  -27.233  -17.410 0.5000000000
50717  -33.968  -27.400  -20.438 0.6000000238
50744  -39.518  -27.627  -23.398 0.5000000000
50747  -39.494  -27.958  -25.169 0.5000000000
50748  -42.537  -28.339  -25.301 0.3000000119
50752  -40.644  -27.949  -26.391 0.4000000060
50753  -42.233  -28.044  -26.529 0.3000000119
51599  -38.594  -26.250  -18.027 0.5000000000
51614  -25.235  -25.642  -20.181 0.5000000000
51631  -33.589  -26.798  -22.622 0.6000000238
51637  -33.017  -25.997  -23.391 0.6000000238
51647  -40.957  -26.438  -26.159 0.5000000000
52476  -25.606  -24.693  -20.416 0.4000000060
52491  -30.058  -24.667  -23.317 0.6000000238
52496  -39.512  -25.747  -24.001 0.5000000000
52502  -44.111  -25.905  -26.066 0.3000000119
52503  -39.977  -25.674  -25.507 0.5000000000
52506  -43.878  -25.782  -26.227 0.3000000119
53277  -35.572  -24.573  -19.777 0.5000000000
53281  -39.130  -25.069  -20.063 0.4000000060
53303  -39.529  -24.948  -22.492 0.4000000060
53311  -33.030  -23.940  -23.486 0.6000000238
53321  -39.901  -24.269  -25.315 0.5000000000
53328  -44.496  -24.548  -26.243 0.3000000119
54163  -34.501  -23.845  -22.203 0.6999999881
54985  -38.897  -22.515  -20.761 0.4000000060
55012  -39.912  -22.164  -23.420 0.4000000060
55016  -30.906  -22.665  -23.748 0.6000000238
55024  -39.831  -22.086  -25.488 0.3000000119
55030  -43.470  -22.095  -26.469 0.3000000119
55840  -27.812  -21.684  -21.986 0.4000000060
55865  -27.606  -21.648  -23.324 0.4000000060
55884  -32.813  -21.561  -24.090 0.6000000238
56826  -39.794  -20.426  -22.336 0.4000000060
56827  -40.096  -20.834  -22.743 0.4000000060
56836  -34.156  -20.803  -23.672 0.6000000238
57818  -38.671  -19.222  -22.091 0.5000000000
57827  -39.628  -19.274  -23.939 0.3000000119
57848  -26.946  -18.721  -25.674 0.3000000119
57864  -43.788  -20.090  -26.500 0.3000000119
57870  -40.777  -19.622  -27.357 0.3000000119
58770  -27.083  -18.050  -25.741 0.3000000119
58774  -31.022  -18.550  -25.675 0.4000000060
58785  -27.502  -17.566  -26.001 0.4000000060
59653  -37.385  -17.771  -22.831 0.4000000060
59726  -39.463  -17.760  -28.571 0.3000000119
59727  -40.519  -17.611  -28.597 0.3000000119
61343  -35.167  -14.701  -25.049 0.3000000119
62231  -39.874  -14.210  -27.897 0.3000000119
62242  -40.163  -14.711  -29.353 0.3000000119
63036  -39.557  -13.163  -25.514 0.3000000119
63037  -40.076  -13.808  -25.191 0.3000000119
63051  -39.411  -13.500  -26.578 0.3000000119
63076  -39.249  -13.429  -28.714 0.3000000119
64731  -40.106  -11.689  -24.272 0.3000000119
64739  -39.110  -11.419  -25.491 0.3000000119
64752  -29.401  -11.286  -29.806 0.3000000119
65597  -39.128  -10.694  -25.471 0.3000000119
66451  -41.588  -9.873  -23.800 0.3000000119
66474  -38.875  -10.197  -25.898 0.3000000119
110758  -37.507  -57.438  -15.981 0.3000000119
110997  -37.211  -58.105  -15.596 0.3000000119
111248  -36.189  -17.152  -23.410 0.4000000060
112208  -41.475  -36.225  -12.919 0.4000000060
112313  -36.560  -38.765  -12.111 0.5000000000
114131  -44.576  -35.549  -16.521 0.3000000119
114309  -36.579  -40.948  -10.788 0.6000000238
115235  -31.677  -56.225  -11.334 0.4000000060
115280  -28.770  -58.335  -15.211 0.4000000060
115479  -33.882  -64.083  -11.701 0.4000000060
116029  -34.765  -53.050  -10.042 0.3000000119
116439  -29.384  -52.377  -16.006 0.4000000060
116612  -35.157  -36.994  -20.091 0.6999999881
117019  -35.911  -38.357  -20.093 0.6000000238
117451  -26.848  -19.872  -24.610 0.3000000119
117967  -41.745  -29.716  -26.686 0.4000000060
118007  -36.670  -54.048  -11.553 0.3000000119
118437  -31.897  -21.191  -24.243 0.6000000238
118449  -40.515  -31.383  -21.307 0.3000000119
118539  -32.660  -51.790  -16.264 0.6000000238
119866  -34.532  -30.970  -18.696 0.5000000000
120215  -32.579  -58.893  -10.341 0.3000000119
120293  -36.313  -54.968  -11.397 0.3000000119
120430  -36.495  -38.040  -13.754 0.6000000238
120582  -32.037  -27.966  -22.953 0.6000000238
120680  -36.296  -40.062  -11.847 0.6000000238
120731  -31.280  -55.006  -17.461 0.6000000238
120743  -42.989  -20.145  -26.725 0.3000000119
120901  -33.580  -66.299  -11.392 0.4000000060
121342  -38.796  -41.873  -9.594 0.4000000060
122388  -36.248  -51.103  -10.542 0.3000000119
122971  -36.949  -16.948  -23.398 0.4000000060
123006  -36.621  -55.871  -11.970 0.3000000119
123233  -29.832  -52.134  -16.611 0.5000000000
123482  -31.050  -62.897  -17.145 0.3000000119
123873  -30.514  -47.086  -14.559 0.5000000000
123930  -30.499  -45.908  -14.173 0.5000000000
124114  -31.028  -44.114  -16.866 0.6999999881
124278  -31.440  -46.308  -18.346 0.5000000000
124587  -32.595  -53.140  -12.940 0.6000000238
124595  -30.084  -48.112  -17.247 0.5000000000
124924  -30.115  -44.985  -13.619 0.5000000000
124986  -39.450  -13.708  -27.502 0.3000000119
125255  -34.279  -29.051  -19.094 0.6000000238
125285  -41.673  -32.818  -22.046 0.3000000119
125881  -39.639  -19.667  -24.503 0.3000000119
126363  -34.162  -66.702  -10.259 0.3000000119
126779  -39.719  -28.507  -25.818 0.4000000060
128054  -33.699  -44.814  -14.643 0.6999999881
128093  -30.888  -60.094  -16.309 0.3000000119
128206  -38.399  -51.592  -13.563 0.3000000119
128229  -36.274  -61.085  -14.790 0.3000000119
128234  -41.641  -28.215  -26.609 0.4000000060
128592  -39.273  -21.041  -21.549 0.4000000060
128916  -35.378  -50.230  -10.346 0.3000000119
130263  -42.181  -29.749  -26.535 0.3000000119
130264  -33.338  -48.002  -12.906 0.6999999881
130885  -29.471  -12.815  -28.187 0.3000000119
131014  -32.416  -52.948  -16.949 0.6000000238
131185  -39.866  -32.420  -14.129 0.4000000060
131212  -39.214  -17.266  -28.864 0.3000000119
131326  -39.587  -23.624  -24.355 0.4000000060
131658  -27.198  -20.446  -23.190 0.4000000060
131939  -34.264  -33.052  -19.717 0.6999999881
132151  -35.547  -58.404  -11.888 0.3000000119
132243  -27.281  -22.292  -21.926 0.5000000000
132309  -33.981  -47.280  -11.701 0.6999999881
132788  -39.179  -24.668  -20.444 0.4000000060
132836  -32.024  -59.298  -10.473 0.3000000119
133420  -32.877  -51.196  -12.535 0.6000000238
133645  -34.299  -43.436  -14.164 0.6999999881
133944  -37.132  -34.181  -13.500 0.5000000000
134265  -41.773  -30.356  -23.426 0.3000000119
