#!ascii label  , from subject bert vox2ras=TkReg
1292
3516  -29.035  -90.241  -13.875 0.5000000000
3087  -29.242  -91.077  -14.642 0.6000000238
6145  -29.845  -84.993  -8.527 0.3000000119
2632  -28.879  -92.442  -14.122 0.5000000000
5650  -29.326  -85.277  -11.124 0.4000000060
5636  -29.720  -84.979  -10.339 0.4000000060
6157  -30.839  -84.947  -9.906 0.4000000060
6146  -30.501  -85.054  -9.080 0.3000000119
6165  -29.990  -84.630  -10.919 0.4000000060
4032  -30.591  -88.435  -16.457 0.5000000000
3541  -30.529  -89.043  -16.431 0.5000000000
3523  -29.278  -89.912  -14.885 0.5000000000
4042  -30.816  -88.613  -17.609 0.6000000238
3542  -30.639  -89.160  -17.092 0.5000000000
3096  -29.508  -90.335  -15.725 0.6000000238
4488  -29.770  -87.522  -7.491 0.3000000119
2648  -29.311  -91.213  -16.189 0.5000000000
5649  -28.610  -85.723  -11.765 0.5000000000
132058  -28.819  -86.072  -11.138 0.5000000000
121467  -30.342  -86.608  -7.951 0.3000000119
119721  -29.636  -90.554  -16.824 0.6000000238
2264  -29.206  -91.929  -15.419 0.5000000000
6176  -28.880  -84.850  -11.943 0.5000000000
6167  -31.375  -85.015  -10.611 0.4000000060
120064  -31.682  -86.329  -9.285 0.3000000119
5605  -31.172  -86.687  -8.588 0.3000000119
6188  -29.237  -84.199  -12.275 0.4000000060
6178  -30.422  -84.340  -11.366 0.4000000060
115597  -31.411  -84.661  -11.337 0.4000000060
6189  -30.002  -83.903  -11.902 0.4000000060
130984  -31.866  -86.187  -18.327 0.6999999881
5742  -31.706  -85.919  -17.693 0.6999999881
5180  -31.119  -86.919  -16.969 0.6999999881
3522  -29.051  -89.244  -14.061 0.5000000000
5749  -31.136  -85.598  -19.186 0.6999999881
5196  -31.890  -86.543  -18.709 0.6999999881
4615  -31.921  -87.142  -18.040 0.8000000119
4598  -30.902  -87.746  -16.884 0.5000000000
4614  -31.173  -87.856  -17.745 0.6999999881
4008  -28.608  -88.526  -13.487 0.5000000000
4641  -31.432  -87.154  -19.112 0.6999999881
113493  -28.043  -86.959  -13.284 0.4000000060
5137  -28.149  -86.155  -12.638 0.5000000000
4476  -30.005  -88.338  -7.362 0.3000000119
4054  -30.822  -88.344  -18.283 0.6000000238
5678  -28.352  -85.421  -13.356 0.5000000000
5664  -28.423  -85.145  -12.552 0.5000000000
5067  -30.470  -87.903  -8.231 0.3000000119
3551  -30.601  -89.129  -17.787 0.5000000000
6196  -28.546  -84.586  -13.162 0.5000000000
7263  -30.204  -82.679  -13.643 0.4000000060
6672  -29.591  -83.481  -12.578 0.4000000060
6190  -30.936  -83.926  -11.790 0.4000000060
5637  -32.116  -85.488  -10.961 0.4000000060
124975  -31.755  -85.668  -10.002 0.4000000060
7222  -30.913  -82.591  -12.677 0.3000000119
6673  -30.468  -83.280  -12.317 0.4000000060
6740  -29.629  -83.420  -20.256 0.5000000000
120584  -30.596  -83.269  -19.814 0.6000000238
6260  -31.261  -84.305  -18.750 0.6000000238
5743  -31.529  -85.268  -18.321 0.6000000238
7320  -27.399  -81.501  -20.370 0.5000000000
7321  -28.238  -82.138  -20.431 0.5000000000
6739  -28.558  -83.170  -20.483 0.6000000238
123366  -30.252  -84.109  -19.925 0.6000000238
6264  -30.845  -84.460  -19.383 0.6999999881
4597  -30.168  -87.774  -16.133 0.6000000238
119839  -30.827  -86.258  -4.042 0.3000000119
6737  -26.261  -82.776  -20.369 0.6999999881
6738  -27.602  -82.746  -20.466 0.6000000238
131426  -27.978  -83.739  -20.443 0.6000000238
125590  -28.895  -84.050  -20.394 0.6000000238
6734  -29.691  -84.262  -20.084 0.6999999881
5748  -30.836  -86.104  -19.329 0.6999999881
5731  -30.296  -86.439  -16.406 0.6000000238
5172  -29.698  -86.968  -15.891 0.6000000238
4016  -28.769  -88.382  -14.418 0.5000000000
113960  -25.801  -81.474  -20.041 0.6999999881
6732  -26.434  -83.251  -20.162 0.6000000238
6261  -27.480  -84.044  -20.118 0.6000000238
122003  -28.496  -84.411  -20.152 0.6000000238
6262  -29.110  -85.056  -19.640 0.6999999881
5197  -30.540  -86.631  -19.368 0.6999999881
129778  -28.432  -86.830  -14.147 0.5000000000
7315  -25.261  -82.307  -19.934 0.6999999881
6736  -25.671  -82.799  -20.227 0.6000000238
118806  -25.661  -83.236  -19.979 0.6999999881
6259  -28.355  -84.817  -19.462 0.6000000238
5745  -29.093  -85.706  -19.013 0.6000000238
4067  -30.875  -87.746  -18.855 0.6999999881
5716  -29.473  -85.983  -15.533 0.5000000000
133183  -29.063  -84.495  -14.416 0.5000000000
6257  -26.674  -83.727  -19.604 0.6000000238
6258  -27.562  -84.432  -18.871 0.6000000238
5195  -29.845  -86.384  -19.274 0.6000000238
117572  -30.237  -87.911  -18.944 0.6000000238
4066  -29.687  -88.591  -18.789 0.6000000238
6220  -29.493  -84.509  -15.129 0.5000000000
5068  -31.166  -87.993  -8.743 0.3000000119
6726  -24.941  -83.318  -19.358 0.6999999881
6727  -25.939  -83.621  -18.887 0.6000000238
5741  -28.120  -85.355  -18.326 0.6000000238
5188  -28.602  -86.119  -18.381 0.5000000000
5194  -29.224  -86.625  -18.755 0.5000000000
4065  -28.663  -88.921  -18.767 0.5000000000
3572  -29.829  -89.040  -18.682 0.5000000000
6693  -29.944  -83.234  -14.426 0.5000000000
7779  -33.039  -82.037  -12.981 0.3000000119
7224  -32.603  -82.729  -12.620 0.3000000119
6674  -31.571  -83.248  -12.302 0.3000000119
111477  -32.058  -84.332  -11.946 0.4000000060
5651  -32.457  -85.265  -11.691 0.4000000060
3571  -28.884  -89.193  -18.728 0.5000000000
128538  -32.128  -81.588  -13.576 0.3000000119
7242  -31.408  -82.028  -13.259 0.3000000119
7865  -28.752  -80.484  -19.947 0.5000000000
7871  -28.477  -81.171  -20.277 0.5000000000
7872  -29.580  -80.859  -20.271 0.5000000000
7323  -30.186  -81.527  -20.340 0.5000000000
130270  -26.750  -80.704  -19.467 0.5000000000
8496  -27.270  -80.532  -19.842 0.5000000000
7864  -27.780  -80.600  -20.076 0.5000000000
7322  -29.250  -82.108  -20.372 0.5000000000
6741  -30.108  -82.504  -20.167 0.5000000000
6728  -31.602  -83.134  -18.699 0.6000000238
7863  -26.508  -80.882  -19.915 0.5000000000
6250  -31.562  -84.118  -18.125 0.6000000238
119012  -31.042  -85.170  -16.860 0.8000000119
4997  -32.805  -86.563  -3.140 0.3000000119
7847  -25.954  -81.034  -18.908 0.6000000238
124280  -25.890  -81.147  -19.586 0.6000000238
7870  -26.470  -81.429  -20.265 0.6000000238
6235  -31.404  -83.891  -17.456 0.4000000060
4996  -31.890  -86.319  -3.914 0.3000000119
7862  -25.024  -81.918  -19.399 0.6999999881
6221  -30.129  -84.564  -16.046 0.5000000000
126344  -30.203  -85.533  -16.320 0.6000000238
4459  -31.234  -88.139  -5.983 0.3000000119
4477  -30.832  -88.701  -7.000 0.3000000119
7861  -24.074  -82.042  -19.188 0.6999999881
6708  -30.876  -83.333  -16.089 0.4000000060
3920  -30.798  -89.087  -7.816 0.3000000119
7314  -24.340  -82.432  -19.497 0.6000000238
6731  -24.723  -82.840  -19.903 0.6999999881
132864  -30.396  -83.827  -15.917 0.4000000060
5089  -31.796  -87.566  -9.296 0.3000000119
6730  -23.889  -82.625  -19.413 0.6000000238
6725  -23.992  -83.038  -19.495 0.6999999881
114405  -26.816  -84.114  -18.265 0.6000000238
5740  -27.401  -85.520  -17.456 0.5000000000
5187  -27.933  -86.213  -17.836 0.5000000000
4053  -29.467  -88.190  -18.790 0.6000000238
7282  -31.018  -82.834  -15.426 0.4000000060
6694  -30.619  -82.741  -14.571 0.4000000060
8464  -34.012  -80.694  -14.398 0.3000000119
8448  -33.533  -80.953  -13.877 0.3000000119
7793  -33.780  -81.581  -13.314 0.3000000119
7225  -33.644  -82.511  -13.011 0.3000000119
6675  -32.568  -83.719  -12.440 0.4000000060
132938  -32.059  -86.705  -9.842 0.3000000119
6246  -25.700  -84.340  -17.166 0.6000000238
5730  -26.654  -85.749  -16.875 0.5000000000
5186  -27.180  -86.416  -17.240 0.5000000000
5193  -28.376  -86.860  -18.323 0.5000000000
4052  -28.155  -88.458  -18.593 0.5000000000
116546  -27.826  -89.488  -18.748 0.5000000000
7264  -31.278  -82.268  -14.816 0.3000000119
7808  -32.621  -81.134  -13.993 0.3000000119
6247  -26.635  -84.714  -17.347 0.5000000000
4613  -27.534  -87.028  -17.823 0.5000000000
133442  -26.672  -88.162  -18.322 0.5000000000
118567  -26.084  -87.846  -18.277 0.5000000000
7848  -27.597  -80.660  -18.690 0.5000000000
128383  -28.124  -80.279  -19.388 0.5000000000
8506  -29.591  -80.287  -19.999 0.5000000000
8507  -30.330  -80.152  -20.027 0.5000000000
7873  -30.388  -80.804  -20.412 0.5000000000
7866  -30.906  -81.104  -20.462 0.5000000000
127778  -26.716  -80.976  -18.510 0.5000000000
8505  -28.145  -80.282  -19.794 0.5000000000
7859  -32.200  -81.253  -20.155 0.4000000060
7311  -31.893  -82.069  -19.367 0.4000000060
4425  -32.589  -86.861  -2.177 0.3000000119
116322  -33.407  -86.610  -2.527 0.3000000119
131819  -25.361  -81.454  -18.346 0.6000000238
7305  -32.145  -82.495  -18.254 0.4000000060
6717  -31.703  -83.218  -17.742 0.4000000060
7846  -24.554  -81.588  -18.437 0.6000000238
7858  -25.153  -81.530  -19.074 0.6000000238
128713  -32.296  -86.854  -4.503 0.3000000119
5035  -31.876  -87.459  -5.114 0.3000000119
7857  -24.209  -81.796  -19.013 0.6000000238
6709  -31.359  -83.268  -16.872 0.4000000060
112371  -22.985  -82.059  -18.913 0.6000000238
7838  -31.999  -82.337  -16.119 0.4000000060
7283  -31.533  -82.449  -15.570 0.4000000060
3939  -30.897  -89.295  -8.375 0.3000000119
6729  -23.377  -82.355  -19.132 0.6999999881
7820  -32.037  -81.943  -15.272 0.3000000119
8471  -33.362  -80.922  -14.687 0.3000000119
8498  -28.842  -80.160  -19.480 0.5000000000
117069  -28.994  -80.253  -19.763 0.5000000000
8500  -30.464  -79.826  -19.591 0.5000000000
8508  -31.482  -80.031  -20.007 0.4000000060
7867  -31.562  -80.737  -20.378 0.4000000060
7317  -31.468  -81.596  -20.167 0.4000000060
112178  -27.284  -81.262  -17.477 0.6000000238
7312  -32.643  -81.759  -19.048 0.4000000060
5015  -33.122  -86.937  -4.163 0.3000000119
4998  -34.067  -86.958  -3.583 0.3000000119
131121  -23.561  -81.554  -18.440 0.6000000238
7306  -32.586  -82.269  -17.740 0.4000000060
7295  -31.995  -82.619  -17.042 0.4000000060
7296  -32.576  -82.116  -16.788 0.4000000060
7839  -33.175  -81.655  -16.443 0.4000000060
134431  -32.521  -81.942  -15.999 0.3000000119
7822  -33.741  -80.990  -15.789 0.3000000119
117318  -22.585  -83.095  -18.913 0.6000000238
8489  -28.623  -80.407  -18.617 0.5000000000
8490  -29.612  -80.005  -18.882 0.5000000000
8501  -31.434  -79.633  -19.312 0.4000000060
7849  -28.330  -80.994  -17.346 0.5000000000
7850  -29.286  -80.613  -17.678 0.5000000000
8509  -32.761  -79.749  -20.000 0.4000000060
7834  -26.186  -81.400  -17.629 0.6000000238
7835  -27.845  -81.513  -16.384 0.6000000238
7836  -28.554  -81.347  -16.238 0.6000000238
7868  -32.355  -80.438  -20.251 0.4000000060
7833  -25.147  -81.599  -17.318 0.6000000238
112631  -26.945  -81.609  -16.410 0.6000000238
120434  -33.739  -81.263  -19.292 0.4000000060
7851  -33.302  -81.883  -17.824 0.4000000060
7852  -34.246  -81.452  -18.403 0.4000000060
7840  -34.097  -81.387  -17.130 0.4000000060
8493  -34.828  -80.875  -18.025 0.4000000060
116106  -32.405  -88.443  -5.630 0.3000000119
3908  -33.116  -88.826  -5.875 0.3000000119
122589  -24.226  -81.500  -17.698 0.6000000238
3453  -32.005  -89.798  -8.621 0.3000000119
3907  -32.064  -88.843  -6.480 0.3000000119
7845  -22.891  -81.753  -18.673 0.6000000238
117865  -22.596  -82.600  -18.810 0.6000000238
7830  -21.839  -81.754  -17.858 0.6999999881
7278  -23.072  -82.005  -15.645 0.6999999881
7844  -22.365  -81.816  -18.368 0.6000000238
7291  -22.135  -81.699  -17.185 0.6999999881
7277  -22.158  -81.874  -16.132 0.6999999881
7259  -23.189  -82.043  -14.717 0.6999999881
7236  -23.096  -82.400  -13.276 0.6000000238
7276  -21.169  -81.672  -16.872 0.6999999881
119187  -22.738  -82.209  -14.100 0.6999999881
127829  -30.064  -80.398  -17.871 0.5000000000
8491  -30.629  -79.934  -18.597 0.5000000000
7837  -29.146  -80.963  -16.536 0.5000000000
8483  -29.934  -80.695  -16.871 0.5000000000
8492  -31.543  -79.860  -18.016 0.5000000000
9088  -32.369  -79.381  -18.771 0.4000000060
9094  -32.456  -79.507  -19.683 0.4000000060
7817  -27.538  -81.732  -15.495 0.6000000238
7818  -28.348  -81.598  -15.510 0.6000000238
124430  -29.082  -81.340  -15.585 0.6000000238
7819  -29.803  -80.921  -15.801 0.6000000238
8510  -33.621  -79.627  -20.055 0.4000000060
111270  -26.015  -81.676  -16.300 0.6000000238
115418  -28.077  -81.769  -14.735 0.6000000238
7805  -28.887  -81.574  -14.746 0.6000000238
7869  -33.299  -80.418  -20.133 0.4000000060
7832  -24.396  -81.634  -16.703 0.6000000238
7281  -25.811  -81.807  -15.232 0.6000000238
7262  -26.425  -81.966  -14.517 0.6000000238
7789  -27.867  -81.928  -13.943 0.6000000238
134292  -28.579  -81.736  -14.099 0.6000000238
7853  -34.670  -80.905  -19.098 0.4000000060
8495  -36.285  -79.451  -18.219 0.4000000060
7279  -24.462  -81.803  -15.777 0.6000000238
7261  -25.582  -82.040  -14.351 0.6000000238
7240  -27.013  -82.101  -13.831 0.6000000238
7776  -27.615  -81.992  -13.046 0.6000000238
7777  -28.352  -81.585  -12.360 0.6000000238
8494  -35.380  -80.195  -18.738 0.4000000060
123101  -35.684  -80.054  -17.518 0.4000000060
7293  -23.734  -81.835  -16.190 0.6000000238
7280  -24.961  -81.825  -15.050 0.5000000000
7239  -26.170  -82.190  -13.719 0.6000000238
124152  -26.692  -82.268  -13.051 0.6000000238
133064  -27.687  -81.887  -12.386 0.6000000238
7757  -28.444  -81.285  -11.385 0.6999999881
7831  -22.699  -81.524  -17.931 0.6999999881
7260  -24.710  -82.110  -14.174 0.6000000238
121490  -25.933  -82.326  -13.033 0.6000000238
7756  -27.974  -81.555  -10.960 0.6000000238
124836  -28.293  -80.935  -10.574 0.6000000238
9026  -28.302  -79.526  -10.662 0.6000000238
128344  -25.594  -82.476  -11.749 0.6000000238
7186  -26.595  -82.379  -10.820 0.6000000238
129768  -27.704  -81.499  -10.454 0.6000000238
8406  -28.029  -80.202  -10.085 0.6000000238
120802  -23.742  -82.199  -13.929 0.6000000238
7218  -25.237  -82.447  -12.563 0.6000000238
115184  -25.632  -82.597  -10.876 0.5000000000
7755  -27.057  -81.911  -10.056 0.6000000238
8391  -27.187  -80.404  -9.578 0.6000000238
7199  -24.751  -82.578  -11.565 0.5000000000
7257  -21.318  -82.008  -15.359 0.6999999881
7235  -22.183  -82.379  -13.428 0.6999999881
7216  -23.422  -82.488  -12.499 0.5000000000
118178  -23.771  -82.593  -11.736 0.6000000238
113807  -24.676  -82.745  -10.539 0.5000000000
7171  -25.782  -82.596  -9.380 0.5000000000
7184  -23.747  -82.773  -10.162 0.6000000238
11537  -16.292  -75.404  -13.009 0.6000000238
10877  -16.876  -75.932  -12.941 0.6000000238
10885  -17.136  -76.504  -13.768 0.6000000238
8484  -30.711  -80.338  -17.344 0.5000000000
8469  -30.597  -80.507  -16.150 0.5000000000
9083  -32.461  -79.579  -17.287 0.5000000000
9089  -33.216  -79.151  -19.357 0.5000000000
9095  -33.300  -79.269  -19.917 0.4000000060
8460  -29.389  -81.405  -13.825 0.5000000000
7806  -29.664  -81.171  -14.820 0.5000000000
8446  -30.755  -79.999  -13.463 0.5000000000
9090  -33.927  -78.940  -19.735 0.4000000060
9698  -35.372  -78.492  -19.342 0.4000000060
8461  -30.266  -80.775  -14.065 0.5000000000
9057  -30.732  -79.318  -13.064 0.5000000000
8502  -34.207  -80.389  -19.799 0.4000000060
9091  -35.203  -79.144  -19.605 0.4000000060
9092  -36.020  -78.588  -19.182 0.4000000060
8431  -28.961  -80.827  -11.922 0.5000000000
8432  -29.751  -80.415  -12.243 0.5000000000
8445  -30.059  -80.693  -13.103 0.5000000000
8503  -34.973  -79.990  -19.506 0.4000000060
129660  -28.798  -80.660  -11.175 0.6000000238
9038  -29.395  -79.384  -11.710 0.6000000238
8407  -28.650  -80.197  -10.825 0.6000000238
9037  -28.917  -79.543  -11.222 0.5000000000
9618  -26.720  -78.357  -11.097 0.4000000060
127339  -27.353  -78.390  -11.631 0.4000000060
129300  -27.568  -78.238  -12.657 0.4000000060
9013  -26.597  -79.527  -9.404 0.6000000238
9606  -26.936  -78.705  -10.083 0.6000000238
9617  -25.693  -78.550  -11.542 0.5000000000
9634  -26.648  -78.417  -12.213 0.4000000060
112935  -25.869  -78.873  -13.228 0.4000000060
7290  -20.090  -82.016  -17.339 0.6999999881
7743  -26.847  -81.254  -9.413 0.6000000238
9597  -26.020  -78.671  -9.710 0.5000000000
9633  -24.774  -79.079  -12.468 0.4000000060
7215  -22.565  -82.478  -12.620 0.6000000238
7170  -25.033  -82.753  -9.064 0.5000000000
7157  -25.696  -82.248  -8.782 0.5000000000
9004  -25.853  -79.199  -9.065 0.5000000000
131000  -25.160  -78.531  -10.357 0.5000000000
9616  -24.666  -78.569  -11.404 0.4000000060
9632  -23.798  -79.193  -13.162 0.4000000060
115668  -23.251  -82.700  -11.032 0.6000000238
8372  -25.807  -80.845  -8.357 0.5000000000
122630  -16.142  -73.929  -11.887 0.6999999881
11538  -16.849  -75.152  -12.372 0.6000000238
12211  -17.018  -74.251  -11.022 0.6999999881
131444  -17.269  -75.793  -12.294 0.6000000238
12202  -17.660  -74.456  -9.961 0.6000000238
112267  -17.506  -76.515  -12.749 0.6000000238
10863  -17.810  -75.892  -10.690 0.6000000238
11520  -18.094  -75.122  -9.896 0.6000000238
12171  -18.527  -74.280  -8.817 0.6000000238
12172  -19.135  -74.476  -8.224 0.6000000238
10267  -17.760  -77.221  -13.377 0.5000000000
10870  -18.078  -76.965  -11.102 0.6000000238
10864  -18.308  -76.771  -10.206 0.6000000238
117911  -18.305  -75.992  -9.912 0.6000000238
11491  -18.955  -75.067  -8.796 0.6000000238
9084  -33.354  -79.090  -18.013 0.5000000000
9644  -17.906  -78.111  -13.919 0.5000000000
9628  -18.180  -77.871  -13.056 0.5000000000
10859  -18.689  -76.516  -9.424 0.5000000000
10847  -19.075  -76.073  -8.626 0.5000000000
8470  -31.299  -79.986  -15.354 0.5000000000
9085  -34.108  -78.655  -18.754 0.4000000060
9629  -18.451  -78.166  -12.551 0.5000000000
10259  -18.442  -77.708  -11.350 0.5000000000
10237  -18.751  -77.449  -9.655 0.5000000000
10848  -19.350  -76.848  -8.003 0.5000000000
8463  -31.379  -79.431  -14.402 0.5000000000
9693  -34.765  -78.507  -19.217 0.4000000060
125120  -35.430  -77.804  -18.772 0.4000000060
10319  -36.138  -77.130  -18.087 0.4000000060
9056  -18.410  -79.093  -13.887 0.5000000000
9613  -18.788  -78.350  -11.015 0.5000000000
9593  -18.925  -78.450  -9.971 0.6000000238
9583  -19.123  -78.058  -8.998 0.6000000238
9699  -36.096  -77.884  -18.975 0.4000000060
9036  -19.309  -79.739  -11.408 0.6000000238
9023  -19.092  -79.151  -10.740 0.6000000238
8433  -30.407  -79.877  -12.623 0.4000000060
9636  -29.607  -78.681  -12.274 0.5000000000
7253  -17.762  -82.371  -15.225 0.6000000238
116206  -28.669  -78.217  -12.377 0.5000000000
9635  -28.217  -78.083  -13.661 0.4000000060
7274  -19.079  -82.905  -15.359 0.6000000238
7256  -19.999  -82.558  -14.742 0.6000000238
133168  -26.772  -78.445  -13.312 0.4000000060
127694  -21.191  -82.475  -12.113 0.6000000238
112321  -21.802  -82.263  -14.288 0.6999999881
7183  -22.720  -82.705  -10.303 0.6000000238
7168  -23.055  -82.665  -9.392 0.6000000238
7169  -24.043  -82.703  -9.169 0.5000000000
7156  -25.077  -82.351  -8.400 0.5000000000
12210  -16.526  -73.783  -11.210 0.6999999881
12928  -16.924  -73.545  -9.987 0.6999999881
12911  -17.396  -73.571  -9.255 0.6000000238
12912  -17.903  -73.933  -9.143 0.6000000238
12895  -17.933  -73.599  -8.506 0.6000000238
12158  -18.732  -73.880  -8.010 0.6000000238
126661  -19.302  -74.097  -7.643 0.6999999881
126902  -20.032  -74.066  -7.018 0.6000000238
11492  -19.413  -75.270  -8.163 0.6000000238
9070  -31.972  -78.979  -15.077 0.5000000000
9078  -32.267  -79.450  -16.040 0.5000000000
9079  -33.254  -78.855  -16.697 0.5000000000
127793  -19.490  -76.076  -7.905 0.6000000238
11480  -20.396  -74.791  -7.193 0.5000000000
114790  -34.806  -77.834  -18.373 0.5000000000
9691  -35.250  -77.095  -18.207 0.4000000060
9563  -19.798  -78.193  -7.546 0.6000000238
10220  -19.355  -77.715  -8.156 0.6000000238
10834  -20.424  -75.848  -7.028 0.5000000000
134255  -31.074  -79.679  -13.916 0.5000000000
7254  -18.002  -82.216  -14.642 0.6000000238
121892  -18.789  -81.023  -13.610 0.4000000060
8429  -19.284  -80.341  -12.915 0.6000000238
9011  -19.264  -79.440  -9.848 0.6000000238
9594  -19.280  -78.944  -9.090 0.6000000238
10197  -19.700  -77.409  -7.557 0.6000000238
9654  -30.097  -78.180  -13.102 0.4000000060
9656  -31.120  -78.219  -14.123 0.4000000060
7788  -18.880  -81.888  -13.510 0.5000000000
8430  -19.412  -81.200  -12.304 0.5000000000
130137  -19.521  -81.067  -11.635 0.6000000238
9024  -19.385  -79.981  -10.552 0.6999999881
8390  -19.896  -80.602  -8.961 0.6000000238
9002  -20.104  -79.968  -8.153 0.6000000238
8981  -19.969  -79.059  -7.741 0.6000000238
7231  -18.640  -82.359  -14.168 0.6000000238
113156  -19.742  -81.267  -11.020 0.6000000238
8405  -19.567  -80.804  -10.387 0.6000000238
8343  -20.843  -80.435  -7.540 0.6000000238
8982  -20.567  -79.566  -7.245 0.6000000238
9552  -20.975  -78.238  -6.521 0.6000000238
10271  -29.205  -77.875  -13.198 0.4000000060
7212  -19.964  -82.469  -12.891 0.5000000000
132248  -19.885  -82.203  -12.412 0.6000000238
7753  -20.541  -81.913  -10.152 0.6000000238
7716  -21.273  -81.204  -7.876 0.6000000238
8983  -21.271  -79.941  -6.880 0.6000000238
7255  -19.270  -82.653  -14.428 0.6000000238
117766  -20.732  -82.534  -12.868 0.6000000238
7213  -20.400  -82.337  -12.268 0.6000000238
7754  -21.283  -82.253  -9.914 0.6000000238
7742  -20.772  -81.844  -9.415 0.6000000238
7182  -21.828  -82.520  -10.510 0.6000000238
7198  -22.380  -82.584  -11.164 0.6000000238
7145  -24.022  -82.063  -7.967 0.5000000000
121336  -24.831  -81.478  -7.759 0.5000000000
12926  -15.869  -73.241  -10.833 0.6999999881
12910  -16.580  -73.251  -9.992 0.6999999881
117370  -13.934  -73.347  -10.559 0.6999999881
12909  -15.430  -73.103  -9.595 0.6999999881
124880  -16.037  -73.103  -10.215 0.6999999881
12893  -16.641  -73.142  -8.579 0.6999999881
12875  -17.330  -73.130  -7.885 0.6000000238
12852  -18.179  -73.241  -6.475 0.6000000238
112123  -19.009  -73.550  -6.100 0.5000000000
12877  -19.055  -73.626  -7.067 0.6999999881
12853  -19.826  -73.740  -6.247 0.5000000000
134309  -20.813  -73.818  -6.208 0.5000000000
12141  -20.968  -74.355  -6.667 0.5000000000
9071  -32.856  -78.355  -15.775 0.4000000060
9072  -33.630  -77.764  -16.857 0.5000000000
9689  -33.930  -76.679  -17.443 0.5000000000
9690  -34.578  -77.017  -17.767 0.5000000000
10318  -35.037  -76.721  -17.770 0.4000000060
9064  -31.548  -78.544  -14.490 0.4000000060
9684  -33.141  -77.397  -16.378 0.4000000060
10814  -20.982  -76.270  -6.692 0.6000000238
10198  -20.276  -77.603  -6.952 0.6000000238
10815  -21.771  -76.282  -6.475 0.6000000238
9553  -21.800  -78.717  -6.446 0.6000000238
10180  -22.283  -77.221  -6.426 0.6000000238
7717  -22.101  -81.391  -7.592 0.6000000238
8344  -21.626  -80.704  -7.188 0.6000000238
121869  -22.350  -78.065  -6.407 0.6000000238
7152  -21.536  -82.185  -9.087 0.6000000238
8974  -22.401  -79.422  -6.553 0.5000000000
7730  -22.669  -81.930  -8.086 0.6000000238
120461  -22.977  -81.409  -7.506 0.5000000000
7718  -23.780  -81.483  -7.587 0.5000000000
12907  -13.459  -73.590  -9.673 0.6999999881
12891  -14.742  -73.331  -8.757 0.6999999881
12873  -15.069  -73.262  -7.849 0.6999999881
12892  -15.744  -73.157  -8.740 0.6999999881
12850  -16.361  -73.139  -6.611 0.6000000238
126586  -17.081  -72.884  -7.135 0.6999999881
12851  -17.608  -72.979  -7.098 0.4000000060
12906  -12.617  -73.980  -9.315 0.6999999881
12890  -13.541  -73.659  -8.773 0.6999999881
12849  -15.468  -73.266  -6.428 0.6000000238
12838  -18.418  -73.544  -5.364 0.5000000000
128183  -10.708  -74.655  -9.500 0.6999999881
12170  -11.524  -74.333  -9.134 0.6999999881
122978  -19.329  -73.310  -4.248 0.5000000000
12169  -10.450  -74.273  -8.867 0.6999999881
12825  -20.222  -73.424  -4.629 0.5000000000
12168  -9.312  -74.186  -8.995 0.6000000238
114952  -9.367  -73.422  -8.742 0.6000000238
13606  -8.948  -72.605  -9.076 0.6000000238
14324  -8.157  -71.795  -9.349 0.5000000000
15055  -9.799  -70.727  -9.862 0.5000000000
10314  -33.361  -76.090  -17.675 0.4000000060
10315  -34.086  -76.210  -17.435 0.4000000060
10181  -23.129  -77.785  -6.609 0.6000000238
12835  -15.670  -73.284  -5.730 0.5000000000
124474  -17.244  -73.097  -6.439 0.5000000000
111476  -12.968  -73.401  -7.811 0.6000000238
12872  -14.276  -73.254  -7.333 0.6000000238
117392  -14.759  -73.276  -6.774 0.6000000238
13569  -15.128  -72.913  -5.133 0.6000000238
12822  -16.826  -73.420  -4.824 0.5000000000
12823  -17.728  -73.469  -4.654 0.5000000000
12824  -18.593  -73.447  -4.476 0.5000000000
12888  -11.138  -73.708  -8.343 0.6999999881
13595  -12.569  -72.736  -7.147 0.6000000238
12871  -13.484  -73.071  -7.221 0.6000000238
12848  -14.113  -72.722  -6.174 0.6000000238
14287  -14.142  -71.670  -5.338 0.6000000238
13558  -19.855  -72.926  -4.029 0.5000000000
12869  -10.691  -72.990  -7.918 0.6999999881
12870  -11.745  -73.108  -7.648 0.6000000238
14295  -12.128  -71.493  -6.844 0.6000000238
14296  -12.864  -71.692  -6.375 0.6000000238
15014  -14.030  -70.817  -5.383 0.6000000238
13593  -10.482  -72.367  -7.990 0.6000000238
13594  -11.149  -72.407  -7.520 0.6000000238
129771  -11.568  -71.447  -7.370 0.6000000238
124695  -12.641  -71.019  -6.518 0.6000000238
13607  -9.821  -72.750  -8.465 0.6000000238
14315  -10.576  -71.381  -8.772 0.6000000238
15031  -11.197  -71.137  -7.992 0.6000000238
15745  -12.539  -70.429  -7.138 0.6000000238
128633  -9.356  -71.934  -9.249 0.5000000000
14326  -9.727  -71.238  -9.711 0.5000000000
15043  -11.119  -70.801  -9.602 0.5000000000
15032  -11.840  -70.579  -8.227 0.6000000238
15759  -12.757  -70.088  -8.322 0.6000000238
119562  -33.020  -75.409  -17.800 0.4000000060
15041  -8.974  -70.648  -9.495 0.5000000000
122950  -10.534  -70.654  -10.178 0.5000000000
15044  -12.321  -70.284  -9.808 0.6000000238
113563  -13.183  -69.965  -9.428 0.6000000238
15778  -10.195  -69.722  -9.981 0.5000000000
16551  -10.955  -69.375  -10.238 0.5000000000
15796  -10.853  -70.092  -10.327 0.4000000060
15057  -12.474  -69.903  -10.634 0.5000000000
15779  -13.195  -69.906  -10.365 0.6000000238
13557  -16.365  -72.946  -4.335 0.6000000238
13546  -17.542  -72.687  -3.701 0.5000000000
12813  -17.995  -73.222  -3.976 0.5000000000
13556  -15.550  -72.651  -4.533 0.6000000238
14266  -16.623  -71.815  -3.610 0.5000000000
13548  -19.204  -72.605  -3.693 0.5000000000
14278  -14.634  -71.310  -4.785 0.6999999881
15004  -16.037  -70.389  -4.003 0.6999999881
15013  -13.391  -70.409  -6.208 0.6000000238
15002  -14.700  -70.370  -4.959 0.6999999881
111371  -14.101  -69.648  -6.533 0.6000000238
130139  -14.268  -70.001  -5.640 0.6999999881
15746  -13.370  -69.849  -7.282 0.6000000238
15747  -14.734  -69.180  -6.970 0.6999999881
15760  -13.665  -69.681  -8.558 0.6000000238
16516  -14.957  -68.864  -7.912 0.6999999881
122631  -9.839  -68.592  -8.266 0.5000000000
15809  -12.571  -69.408  -10.773 0.4000000060
15799  -13.846  -69.460  -10.699 0.6000000238
15761  -14.515  -69.255  -9.020 0.6000000238
16540  -11.190  -68.489  -9.818 0.5000000000
16552  -11.874  -68.999  -10.490 0.4000000060
16562  -13.232  -69.092  -11.161 0.5000000000
14268  -18.640  -71.770  -3.443 0.5000000000
120290  -18.046  -71.241  -3.405 0.5000000000
14991  -15.946  -71.371  -3.870 0.6000000238
15716  -16.777  -69.984  -3.687 0.5000000000
15717  -17.462  -69.625  -3.539 0.5000000000
131517  -15.452  -69.792  -4.649 0.6999999881
15738  -15.358  -69.025  -5.301 0.6999999881
16502  -15.538  -68.537  -6.199 0.6000000238
131430  -15.223  -68.815  -6.887 0.6000000238
15781  -14.381  -69.291  -10.168 0.6000000238
16530  -15.249  -68.299  -8.716 0.6000000238
17339  -11.646  -67.722  -9.244 0.5000000000
17353  -13.019  -67.879  -11.002 0.4000000060
17341  -14.817  -68.166  -10.775 0.6000000238
18152  -12.672  -66.478  -9.196 0.4000000060
18165  -13.210  -66.919  -10.796 0.4000000060
18166  -14.311  -66.781  -11.288 0.5000000000
17355  -14.662  -67.441  -11.231 0.5000000000
15731  -16.235  -69.523  -4.196 0.6000000238
16477  -17.867  -68.852  -3.520 0.5000000000
16489  -16.365  -68.725  -4.408 0.6000000238
16476  -17.126  -68.190  -4.023 0.5000000000
16503  -15.798  -68.421  -5.124 0.6000000238
17304  -15.890  -67.859  -5.725 0.6000000238
17305  -16.381  -67.328  -5.193 0.5000000000
17320  -16.024  -67.092  -6.080 0.6000000238
17333  -15.602  -67.634  -7.894 0.6999999881
18144  -15.870  -66.915  -7.128 0.5000000000
17342  -15.143  -67.966  -9.888 0.6000000238
17356  -15.191  -67.147  -10.556 0.5000000000
18160  -13.521  -65.969  -10.182 0.4000000060
18167  -14.967  -66.542  -11.155 0.5000000000
22843  -10.601  -59.927  -4.419 0.4000000060
22844  -11.312  -59.677  -4.353 0.3000000119
23719  -10.976  -58.940  -4.853 0.4000000060
17285  -17.544  -67.489  -4.054 0.5000000000
22008  -10.252  -60.330  -5.053 0.3000000119
22852  -10.680  -59.277  -4.904 0.4000000060
18133  -16.708  -66.521  -5.604 0.5000000000
18116  -17.534  -66.812  -4.375 0.5000000000
21199  -11.438  -61.624  -6.252 0.3000000119
22016  -10.901  -59.665  -5.694 0.4000000060
18145  -16.352  -66.316  -6.529 0.5000000000
121801  -11.359  -62.582  -6.114 0.3000000119
18155  -15.984  -65.994  -7.522 0.6000000238
18154  -15.618  -66.409  -9.700 0.6999999881
18906  -15.915  -65.744  -8.732 0.6000000238
18920  -14.580  -66.065  -10.995 0.5000000000
18161  -15.322  -66.025  -10.551 0.5000000000
18922  -15.609  -65.048  -10.504 0.4000000060
18923  -16.153  -64.852  -9.935 0.4000000060
22002  -13.507  -61.203  -4.422 0.3000000119
22845  -12.578  -60.133  -4.659 0.3000000119
22854  -12.738  -59.119  -5.235 0.3000000119
22853  -11.606  -58.969  -4.717 0.3000000119
23727  -11.542  -58.199  -5.332 0.4000000060
133117  -17.535  -65.924  -5.046 0.5000000000
115558  -10.942  -60.742  -5.832 0.4000000060
23746  -11.192  -58.288  -5.621 0.4000000060
19634  -17.741  -65.157  -5.962 0.5000000000
22017  -11.750  -60.877  -6.558 0.4000000060
22027  -12.394  -60.380  -7.056 0.4000000060
18900  -16.732  -65.586  -7.001 0.5000000000
18901  -17.349  -65.199  -6.666 0.5000000000
21200  -12.585  -62.276  -6.638 0.4000000060
18907  -16.369  -65.189  -7.949 0.5000000000
18915  -16.342  -64.994  -9.126 0.5000000000
19653  -16.859  -64.458  -8.319 0.5000000000
19659  -13.731  -64.489  -8.985 0.3000000119
19667  -14.380  -64.057  -10.211 0.4000000060
19669  -15.898  -64.277  -10.134 0.4000000060
21997  -14.264  -61.717  -3.814 0.3000000119
22846  -13.826  -60.573  -5.032 0.3000000119
23729  -13.431  -58.292  -5.789 0.4000000060
23728  -12.211  -57.824  -5.597 0.4000000060
18884  -20.333  -65.551  -4.325 0.4000000060
24530  -11.859  -57.434  -5.904 0.4000000060
19624  -19.872  -64.808  -4.760 0.4000000060
22863  -11.235  -58.914  -6.024 0.4000000060
23747  -11.617  -58.048  -6.216 0.4000000060
18894  -18.220  -65.192  -5.306 0.4000000060
120349  -12.344  -58.582  -7.069 0.4000000060
19645  -17.975  -64.596  -6.976 0.5000000000
22018  -13.074  -61.497  -7.222 0.4000000060
21208  -14.172  -62.409  -8.250 0.3000000119
19654  -17.673  -64.220  -7.755 0.5000000000
125293  -15.307  -63.343  -10.013 0.3000000119
22003  -14.603  -61.232  -4.544 0.3000000119
22009  -14.874  -60.723  -5.096 0.3000000119
119200  -14.299  -59.917  -5.512 0.3000000119
23748  -14.588  -58.269  -6.209 0.4000000060
24545  -13.284  -57.067  -6.387 0.4000000060
24546  -14.444  -56.825  -6.579 0.3000000119
25316  -12.542  -56.934  -6.617 0.4000000060
19626  -21.770  -65.108  -4.590 0.4000000060
119180  -23.393  -65.095  -5.347 0.4000000060
24561  -12.326  -57.015  -6.533 0.4000000060
113597  -20.219  -64.249  -5.211 0.4000000060
19635  -18.574  -64.510  -6.035 0.4000000060
22876  -12.770  -59.751  -7.427 0.3000000119
19647  -19.250  -63.871  -6.410 0.4000000060
132516  -13.697  -61.961  -7.644 0.3000000119
22885  -13.715  -60.083  -7.890 0.3000000119
22035  -14.421  -61.978  -8.713 0.3000000119
19661  -16.559  -64.257  -9.357 0.4000000060
22839  -16.360  -60.414  -4.243 0.3000000119
22864  -15.667  -59.438  -6.028 0.4000000060
23749  -15.670  -58.451  -6.338 0.4000000060
117972  -24.051  -64.986  -5.659 0.4000000060
19627  -22.647  -64.851  -4.935 0.4000000060
25317  -13.515  -56.324  -6.980 0.4000000060
19638  -21.761  -64.188  -4.983 0.4000000060
24562  -12.577  -57.076  -6.966 0.4000000060
19636  -19.482  -64.310  -5.538 0.4000000060
19637  -20.824  -63.911  -5.367 0.4000000060
23768  -12.974  -58.120  -7.444 0.3000000119
20382  -20.026  -63.783  -5.849 0.4000000060
22886  -14.518  -60.398  -8.545 0.3000000119
19646  -18.616  -64.016  -7.196 0.5000000000
22034  -14.175  -61.083  -8.316 0.3000000119
127713  -15.086  -61.165  -9.032 0.3000000119
20400  -18.532  -63.704  -7.581 0.5000000000
21225  -15.924  -63.082  -9.810 0.3000000119
131922  -17.412  -63.594  -8.479 0.4000000060
20409  -15.649  -63.683  -10.104 0.4000000060
23720  -16.831  -59.917  -4.688 0.3000000119
25318  -14.989  -56.131  -6.786 0.3000000119
116150  -14.239  -55.895  -7.007 0.3000000119
19640  -24.383  -64.181  -5.677 0.4000000060
25337  -13.016  -56.655  -6.944 0.3000000119
118351  -22.595  -63.978  -5.183 0.4000000060
20386  -23.904  -63.486  -5.453 0.3000000119
24576  -13.389  -57.368  -7.488 0.3000000119
20383  -20.633  -63.273  -5.908 0.4000000060
20384  -22.087  -63.298  -5.421 0.4000000060
23784  -14.648  -59.085  -8.540 0.3000000119
23785  -15.667  -59.327  -8.840 0.3000000119
133405  -19.277  -63.080  -6.989 0.4000000060
22043  -15.192  -62.064  -9.411 0.3000000119
22037  -16.306  -61.476  -9.111 0.3000000119
21216  -16.537  -62.508  -9.188 0.3000000119
21209  -17.991  -62.669  -7.960 0.3000000119
26094  -14.280  -55.868  -7.284 0.3000000119
26115  -15.268  -55.105  -7.543 0.3000000119
26113  -14.582  -55.742  -7.777 0.3000000119
20385  -23.045  -63.361  -5.317 0.3000000119
121333  -23.502  -62.855  -5.412 0.4000000060
121397  -16.123  -58.357  -8.996 0.3000000119
21192  -21.732  -62.454  -5.615 0.4000000060
118664  -15.318  -60.285  -8.865 0.3000000119
22895  -15.667  -61.259  -9.214 0.3000000119
21202  -19.117  -62.453  -7.070 0.3000000119
22030  -17.974  -61.630  -7.680 0.3000000119
24579  -16.693  -57.516  -9.158 0.3000000119
23786  -16.365  -59.449  -8.820 0.3000000119
21191  -20.947  -62.554  -5.952 0.3000000119
124445  -22.022  -61.752  -5.595 0.3000000119
123997  -16.794  -60.036  -8.539 0.3000000119
22021  -20.394  -61.952  -6.342 0.3000000119
22877  -17.344  -60.769  -8.077 0.3000000119
122721  -18.552  -62.329  -7.483 0.3000000119
25355  -17.866  -56.838  -8.917 0.3000000119
133321  -18.007  -55.964  -9.106 0.3000000119
23787  -16.970  -59.148  -8.647 0.3000000119
22010  -21.268  -61.763  -5.849 0.3000000119
24580  -17.646  -57.829  -8.677 0.3000000119
129071  -18.661  -56.693  -8.531 0.3000000119
20410  -16.156  -63.742  -9.822 0.4000000060
21223  -14.972  -62.835  -9.650 0.3000000119
22044  -15.833  -62.206  -9.530 0.3000000119
5179  -30.418  -87.177  -16.449 0.6000000238
4586  -29.369  -87.649  -15.496 0.5000000000
3532  -29.750  -89.429  -15.808 0.5000000000
3103  -30.064  -89.676  -16.520 0.5000000000
4017  -29.247  -88.981  -15.072 0.5000000000
112578  -28.026  -87.167  -12.383 0.5000000000
5190  -32.025  -86.600  -18.180 0.6999999881
6249  -31.380  -84.771  -17.543 0.6999999881
5198  -31.241  -86.803  -19.302 0.6999999881
4631  -31.410  -87.463  -18.480 0.6999999881
112053  -28.253  -87.834  -12.969 0.4000000060
4640  -30.800  -87.273  -19.244 0.6999999881
6205  -28.628  -84.873  -13.977 0.5000000000
4501  -30.780  -88.933  -8.640 0.3000000119
6197  -28.901  -84.118  -13.683 0.5000000000
122855  -30.926  -82.204  -13.893 0.3000000119
6735  -31.275  -82.607  -19.620 0.6000000238
127563  -31.073  -83.528  -19.236 0.6000000238
7316  -30.772  -82.075  -20.094 0.5000000000
7319  -26.695  -82.320  -20.464 0.6000000238
6263  -30.335  -84.985  -19.676 0.6999999881
5014  -31.329  -86.568  -4.544 0.3000000119
5747  -29.972  -85.644  -19.587 0.6999999881
5697  -28.760  -85.883  -14.321 0.6000000238
4576  -28.748  -87.584  -14.724 0.5000000000
4630  -29.982  -87.271  -19.115 0.6999999881
6248  -27.395  -84.756  -17.912 0.5000000000
4629  -28.943  -87.550  -18.617 0.5000000000
4512  -32.031  -88.867  -9.889 0.3000000119
6714  -24.394  -83.578  -18.446 0.6000000238
4628  -27.665  -87.801  -18.348 0.5000000000
124428  -33.265  -83.293  -12.801 0.3000000119
6234  -30.932  -84.098  -16.694 0.5000000000
4528  -32.604  -88.783  -10.686 0.3000000119
120378  -26.847  -87.805  -18.089 0.5000000000
7860  -32.886  -81.060  -20.002 0.4000000060
4460  -33.157  -88.106  -4.973 0.3000000119
123848  -26.681  -81.789  -15.405 0.6000000238
7292  -22.888  -81.723  -16.761 0.6999999881
120041  -23.987  -81.864  -15.013 0.6000000238
7217  -24.265  -82.490  -12.455 0.6000000238
7804  -27.270  -81.892  -14.648 0.6000000238
7807  -30.441  -80.655  -15.055 0.5000000000
9097  -34.400  -79.481  -19.901 0.4000000060
7790  -28.541  -81.722  -13.336 0.6000000238
8444  -29.232  -81.194  -12.775 0.5000000000
7219  -26.224  -82.334  -12.267 0.6000000238
9619  -28.284  -78.682  -11.434 0.4000000060
7275  -20.208  -82.197  -15.901 0.6000000238
7234  -21.222  -82.498  -13.546 0.6999999881
10869  -17.663  -76.283  -11.780 0.6000000238
8485  -31.476  -80.062  -16.664 0.4000000060
9655  -30.682  -78.603  -13.346 0.4000000060
9652  -27.273  -78.350  -14.180 0.4000000060
134546  -26.158  -79.754  -8.935 0.4000000060
119346  -19.319  -82.609  -16.444 0.6000000238
11519  -17.563  -74.769  -10.601 0.6000000238
10248  -18.541  -77.623  -10.538 0.6000000238
9080  -34.106  -78.213  -17.546 0.5000000000
121740  -19.019  -78.955  -11.632 0.5000000000
10833  -19.910  -76.600  -7.371 0.6000000238
9046  -18.994  -79.365  -13.124 0.4000000060
7197  -21.528  -82.458  -11.331 0.5000000000
10278  -30.548  -77.834  -13.945 0.5000000000
128245  -20.276  -81.330  -9.077 0.6000000238
7766  -20.295  -81.832  -10.917 0.5000000000
12182  -7.673  -74.959  -9.728 0.6000000238
15795  -10.240  -70.312  -10.095 0.5000000000
13568  -14.440  -72.437  -5.494 0.5000000000
13579  -12.329  -72.114  -6.798 0.6000000238
13567  -13.655  -72.026  -5.900 0.6000000238
14279  -15.305  -71.837  -4.304 0.6000000238
14304  -10.857  -71.755  -7.837 0.6000000238
16539  -10.392  -68.934  -9.344 0.5000000000
14993  -17.552  -70.499  -3.467 0.5000000000
16517  -15.471  -68.402  -7.366 0.6000000238
17352  -12.100  -68.136  -10.376 0.5000000000
111558  -15.481  -67.364  -9.252 0.6000000238
22851  -10.389  -60.328  -4.324 0.3000000119
17284  -16.964  -67.403  -4.505 0.5000000000
18913  -14.039  -65.182  -10.375 0.3000000119
119488  -18.971  -66.068  -4.189 0.4000000060
18882  -18.514  -65.616  -4.656 0.4000000060
114809  -14.742  -64.735  -10.617 0.4000000060
19660  -13.992  -63.820  -9.647 0.3000000119
19662  -17.401  -63.864  -8.409 0.5000000000
19625  -20.858  -64.696  -4.684 0.4000000060
22004  -15.646  -60.926  -4.598 0.3000000119
23783  -13.809  -59.197  -8.066 0.3000000119
20393  -19.753  -63.295  -6.500 0.4000000060
21217  -17.358  -63.028  -8.577 0.3000000119
24577  -14.241  -57.600  -8.221 0.3000000119
20399  -17.977  -63.567  -8.007 0.4000000060
23715  -17.125  -59.332  -4.415 0.3000000119
24578  -15.013  -57.324  -8.665 0.3000000119
21204  -20.313  -62.769  -6.332 0.4000000060
129407  -17.075  -58.380  -8.815 0.3000000119
4593  -23.680  -87.787  -16.598 0.5000000000
4610  -24.432  -87.555  -17.482 0.5000000000
4583  -22.978  -87.876  -14.805 0.5000000000
4592  -22.800  -87.890  -16.010 0.5000000000
4594  -24.582  -87.719  -16.096 0.5000000000
4595  -25.284  -87.441  -16.614 0.5000000000
4611  -25.576  -87.573  -17.817 0.5000000000
4612  -26.678  -87.309  -17.425 0.4000000060
4573  -22.980  -87.520  -13.985 0.4000000060
127907  -23.841  -87.747  -15.352 0.5000000000
4585  -25.029  -87.393  -15.899 0.5000000000
4574  -23.578  -87.347  -14.391 0.5000000000
4575  -24.124  -87.195  -14.745 0.5000000000
4584  -24.538  -87.345  -15.354 0.5000000000
5169  -24.401  -86.641  -14.860 0.5000000000
5170  -24.916  -86.801  -15.525 0.5000000000
125498  -24.618  -85.908  -15.222 0.5000000000
5715  -25.153  -86.009  -15.889 0.5000000000
5729  -25.909  -85.902  -16.329 0.4000000060
5162  -23.839  -86.600  -14.229 0.5000000000
132767  -24.778  -85.444  -15.758 0.5000000000
6232  -25.994  -85.106  -16.780 0.5000000000
5711  -20.927  -85.383  -15.104 0.5000000000
5695  -23.681  -85.810  -14.241 0.5000000000
5694  -22.886  -85.503  -14.075 0.5000000000
5713  -23.228  -85.304  -14.821 0.5000000000
5728  -22.497  -85.130  -15.610 0.5000000000
6219  -24.422  -85.144  -15.676 0.5000000000
6218  -23.480  -84.938  -15.826 0.5000000000
5712  -21.734  -85.262  -15.301 0.5000000000
129739  -21.034  -85.330  -15.884 0.5000000000
5738  -20.237  -84.730  -17.795 0.5000000000
5739  -21.014  -84.831  -17.319 0.5000000000
6242  -20.888  -84.177  -18.115 0.5000000000
111132  -23.234  -84.529  -17.137 0.5000000000
6243  -22.333  -84.337  -17.763 0.5000000000
118083  -21.619  -84.044  -18.167 0.5000000000
6256  -22.915  -83.823  -18.188 0.5000000000
6230  -24.229  -84.564  -16.531 0.5000000000
6245  -24.846  -84.163  -17.277 0.5000000000
6715  -25.353  -83.744  -18.063 0.5000000000
7289  -19.098  -82.712  -17.480 0.5000000000
7303  -19.924  -82.228  -18.178 0.6000000238
6241  -20.303  -83.716  -18.445 0.5000000000
6254  -21.237  -83.514  -18.474 0.5000000000
7310  -20.863  -82.710  -18.171 0.5000000000
6723  -21.839  -83.117  -18.657 0.5000000000
114454  -21.671  -82.847  -18.526 0.5000000000
6713  -23.439  -83.343  -18.777 0.5000000000
6244  -23.883  -84.121  -17.765 0.5000000000
7288  -17.988  -82.860  -17.197 0.5000000000
118138  -18.500  -82.785  -16.269 0.5000000000
7304  -20.980  -82.003  -17.955 0.6000000238
10897  -15.078  -76.117  -14.930 0.5000000000
11553  -15.851  -75.713  -13.779 0.6000000238
11566  -13.515  -75.721  -14.690 0.5000000000
11551  -14.833  -75.180  -13.769 0.5000000000
12242  -15.620  -75.041  -12.977 0.6000000238
12241  -15.110  -74.774  -13.051 0.6000000238
11550  -14.022  -75.196  -13.917 0.5000000000
129604  -14.039  -74.328  -12.782 0.6000000238
12222  -13.221  -74.295  -12.718 0.5000000000
12942  -15.514  -73.722  -11.906 0.6000000238
12941  -14.758  -73.602  -11.799 0.6000000238
12221  -12.261  -74.403  -12.648 0.5000000000
12940  -13.939  -73.573  -11.471 0.6000000238
126771  -15.118  -73.105  -10.514 0.6000000238
12208  -11.861  -74.358  -11.892 0.5000000000
12925  -13.226  -73.648  -11.046 0.5000000000
12184  -10.249  -75.005  -10.342 0.5000000000
11506  -8.995  -75.293  -10.369 0.6000000238
12181  -7.139  -74.818  -9.439 0.6000000238
11504  -7.187  -75.587  -10.089 0.5000000000
12185  -11.201  -74.687  -9.895 0.6000000238
12186  -12.007  -74.361  -10.004 0.5000000000
12183  -8.640  -74.921  -9.673 0.5000000000
121790  -7.587  -73.329  -9.441 0.6000000238
120221  -7.434  -74.238  -9.507 0.6000000238
13617  -8.255  -72.535  -9.312 0.6000000238
5111  -32.601  -87.919  -10.982 0.3000000119
4551  -33.834  -88.070  -12.995 0.3000000119
129279  -33.390  -86.027  -12.691 0.3000000119
130115  -35.343  -87.328  -13.279 0.3000000119
6192  -33.279  -85.244  -12.899 0.3000000119
5138  -33.181  -86.225  -12.160 0.3000000119
5624  -32.431  -86.665  -10.653 0.3000000119
5178  -26.389  -86.652  -16.758 0.4000000060
7854  -21.845  -82.079  -18.269 0.5000000000
10898  -16.461  -76.303  -14.288 0.5000000000
4596  -26.037  -87.259  -16.837 0.4000000060
5177  -25.568  -86.901  -16.229 0.5000000000
5714  -24.017  -85.485  -14.947 0.5000000000
5693  -21.862  -85.309  -14.203 0.5000000000
126821  -22.469  -85.269  -14.736 0.5000000000
124209  -20.275  -85.483  -15.973 0.5000000000
5726  -20.673  -85.252  -16.717 0.5000000000
5727  -21.588  -85.147  -16.426 0.5000000000
6722  -21.069  -83.304  -18.319 0.5000000000
5126  -33.115  -87.507  -12.104 0.3000000119
118652  -34.348  -85.649  -13.602 0.3000000119
5151  -34.074  -87.240  -13.240 0.3000000119
5139  -33.566  -87.228  -12.760 0.3000000119
5679  -33.801  -86.163  -13.192 0.3000000119
5681  -35.151  -86.244  -13.792 0.3000000119
21193  -22.763  -62.366  -5.463 0.3000000119
2633  -29.258  -91.991  -14.732 0.5000000000
2642  -29.306  -91.270  -15.539 0.5000000000
3079  -28.959  -91.126  -13.729 0.5000000000
3102  -29.616  -90.448  -16.412 0.6000000238
3561  -30.380  -89.022  -18.361 0.5000000000
3921  -31.688  -89.285  -7.424 0.3000000119
3922  -32.709  -89.021  -6.959 0.3000000119
3940  -31.357  -89.623  -8.907 0.3000000119
4025  -29.085  -88.228  -15.178 0.5000000000
4026  -29.838  -88.541  -15.818 0.5000000000
4033  -30.804  -88.513  -17.050 0.6000000238
4489  -30.389  -88.642  -8.039 0.3000000119
4511  -31.292  -89.010  -9.279 0.3000000119
4539  -32.928  -88.594  -11.640 0.3000000119
4564  -28.303  -87.687  -13.871 0.5000000000
4565  -34.333  -87.736  -13.201 0.3000000119
4632  -31.936  -86.934  -18.660 0.6999999881
4984  -34.302  -86.586  -2.563 0.3000000119
5034  -30.703  -87.116  -5.335 0.3000000119
5090  -32.281  -87.753  -10.212 0.3000000119
5125  -28.286  -86.557  -11.678 0.5000000000
5140  -35.818  -86.921  -13.247 0.3000000119
5150  -28.253  -86.215  -13.551 0.5000000000
5152  -34.708  -87.079  -13.415 0.3000000119
5153  -35.354  -86.789  -13.518 0.3000000119
5171  -29.062  -86.809  -15.017 0.5000000000
5189  -31.799  -86.674  -17.613 0.8000000119
5199  -31.696  -86.801  -19.077 0.6999999881
5604  -30.524  -85.614  -8.416 0.3000000119
5623  -31.184  -85.559  -9.129 0.3000000119
5652  -32.795  -86.347  -11.456 0.3000000119
5677  -23.259  -86.172  -13.622 0.5000000000
5680  -34.530  -86.376  -13.530 0.3000000119
5696  -24.194  -86.049  -14.578 0.5000000000
5698  -29.095  -85.131  -14.852 0.5000000000
5732  -31.191  -86.104  -16.964 0.6999999881
5746  -31.606  -85.968  -18.780 0.6999999881
6166  -30.704  -84.650  -10.765 0.4000000060
6177  -29.629  -84.506  -11.558 0.4000000060
6187  -28.712  -84.488  -12.580 0.5000000000
6191  -32.905  -85.207  -12.290 0.3000000119
6198  -33.848  -85.123  -13.443 0.3000000119
6206  -29.420  -83.895  -14.391 0.5000000000
6228  -21.678  -84.697  -17.462 0.5000000000
6229  -22.471  -84.868  -16.715 0.5000000000
6231  -25.157  -84.907  -16.285 0.5000000000
6233  -29.546  -85.115  -15.673 0.5000000000
6255  -22.008  -83.557  -18.475 0.5000000000
6671  -28.902  -83.917  -12.919 0.5000000000
6683  -29.459  -83.318  -13.429 0.5000000000
6702  -29.923  -83.879  -15.235 0.5000000000
6703  -30.461  -83.324  -15.282 0.4000000060
6716  -26.135  -83.993  -17.819 0.6000000238
6724  -23.260  -82.823  -19.262 0.6999999881
6733  -27.029  -83.214  -20.316 0.6000000238
7144  -23.374  -81.896  -7.893 0.6000000238
7146  -24.714  -82.047  -7.970 0.5000000000
7153  -22.411  -82.380  -8.796 0.6000000238
7154  -23.416  -82.393  -8.494 0.5000000000
7155  -24.404  -82.448  -8.457 0.5000000000
7167  -22.117  -82.560  -9.634 0.6000000238
7172  -26.361  -82.079  -9.347 0.5000000000
7181  -20.992  -82.275  -10.719 0.6000000238
7185  -25.381  -82.825  -9.899 0.5000000000
7187  -27.351  -81.952  -10.921 0.6000000238
7195  -19.862  -81.837  -11.801 0.6000000238
7196  -20.708  -82.269  -11.517 0.5000000000
7200  -26.178  -82.418  -11.468 0.6000000238
7201  -26.873  -82.230  -11.598 0.6000000238
7214  -21.654  -82.492  -12.755 0.6999999881
7220  -27.132  -82.151  -12.354 0.6000000238
7221  -30.064  -82.766  -12.867 0.4000000060
7223  -31.730  -82.468  -12.671 0.3000000119
7232  -19.384  -82.385  -13.563 0.5000000000
7233  -20.161  -82.600  -13.713 0.6000000238
7237  -24.536  -82.371  -13.291 0.6000000238
7238  -25.367  -82.282  -13.524 0.6000000238
7241  -30.635  -82.368  -13.198 0.3000000119
7243  -34.750  -82.213  -13.680 0.3000000119
7258  -22.387  -82.052  -15.014 0.6999999881
7273  -18.271  -82.709  -15.463 0.6000000238
7294  -31.432  -82.797  -16.179 0.4000000060
7302  -18.574  -83.098  -17.962 0.5000000000
7313  -23.749  -82.275  -19.264 0.6999999881
7318  -25.949  -82.181  -20.370 0.6999999881
7719  -24.359  -81.651  -7.735 0.5000000000
7728  -20.988  -81.597  -8.659 0.6000000238
7729  -21.805  -81.843  -8.321 0.6000000238
7731  -25.397  -81.664  -8.169 0.5000000000
7732  -26.143  -81.468  -8.786 0.5000000000
7741  -19.808  -81.072  -9.659 0.6000000238
7744  -27.635  -81.049  -9.928 0.6000000238
7752  -19.947  -81.454  -10.287 0.6000000238
7767  -27.699  -81.815  -11.712 0.6000000238
7774  -19.186  -81.332  -12.999 0.5000000000
7775  -19.441  -82.016  -12.716 0.6000000238
7778  -32.263  -81.989  -12.998 0.3000000119
7791  -31.742  -81.624  -14.167 0.3000000119
7792  -32.878  -81.508  -13.439 0.3000000119
7803  -18.288  -81.706  -14.220 0.6000000238
7816  -25.161  -81.722  -16.030 0.6000000238
7821  -32.888  -81.513  -15.471 0.3000000119
7855  -22.483  -82.088  -18.617 0.6000000238
7856  -23.464  -81.949  -19.003 0.6000000238
7874  -30.810  -80.514  -20.316 0.5000000000
8327  -22.066  -80.101  -6.683 0.6000000238
8345  -22.511  -80.767  -7.079 0.5000000000
8346  -23.542  -80.680  -7.161 0.5000000000
8347  -24.372  -81.018  -7.500 0.5000000000
8348  -25.169  -80.687  -7.792 0.5000000000
8371  -20.504  -80.907  -8.334 0.6000000238
8373  -26.398  -80.464  -8.939 0.4000000060
8417  -19.476  -80.356  -11.993 0.6000000238
8418  -19.459  -80.541  -11.162 0.6000000238
8419  -29.300  -80.109  -11.495 0.6000000238
8443  -18.883  -79.982  -13.820 0.4000000060
8447  -31.152  -79.073  -13.686 0.5000000000
8462  -30.922  -80.161  -14.325 0.5000000000
8497  -27.556  -80.416  -19.613 0.5000000000
8499  -29.629  -80.041  -19.716 0.5000000000
8504  -35.785  -79.374  -19.148 0.4000000060
8511  -30.180  -80.464  -20.226 0.5000000000
8972  -21.052  -79.133  -6.661 0.6000000238
8973  -21.690  -79.476  -6.605 0.6000000238
9001  -19.648  -79.277  -8.448 0.6000000238
9012  -19.557  -80.280  -9.739 0.6000000238
9014  -27.358  -79.644  -9.787 0.6000000238
9025  -27.715  -79.373  -10.218 0.6000000238
9035  -19.272  -79.548  -12.282 0.6000000238
9047  -29.879  -79.622  -12.098 0.5000000000
9096  -33.903  -79.142  -19.987 0.4000000060
9554  -22.754  -78.662  -6.533 0.6000000238
9564  -20.407  -78.654  -7.023 0.6000000238
9584  -19.490  -78.561  -8.307 0.6000000238
9620  -29.057  -78.841  -11.679 0.5000000000
9637  -30.342  -79.015  -12.624 0.4000000060
9645  -18.510  -78.551  -13.170 0.5000000000
9651  -26.462  -78.762  -14.508 0.4000000060
9694  -35.832  -77.295  -18.425 0.4000000060
9697  -34.560  -78.938  -19.767 0.4000000060
10179  -21.148  -77.197  -6.517 0.6000000238
10219  -19.068  -77.115  -8.814 0.5000000000
10258  -18.140  -77.353  -12.250 0.5000000000
10275  -17.345  -77.230  -14.338 0.5000000000
10857  -6.960  -75.994  -10.325 0.5000000000
10876  -16.541  -75.955  -13.596 0.5000000000
10896  -14.116  -76.147  -15.171 0.5000000000
10899  -16.916  -76.741  -14.593 0.6000000238
11503  -6.862  -75.450  -9.514 0.6000000238
11507  -18.504  -74.871  -9.287 0.6000000238
11528  -17.296  -75.156  -11.543 0.6000000238
11552  -15.309  -75.248  -13.578 0.5000000000
11567  -14.489  -75.616  -14.535 0.5000000000
11568  -15.253  -75.641  -14.256 0.6000000238
12159  -19.663  -74.598  -7.643 0.6000000238
12167  -8.189  -74.229  -9.483 0.6000000238
12187  -17.485  -73.965  -9.651 0.6000000238
12188  -18.068  -74.396  -9.461 0.6000000238
12199  -12.401  -74.114  -10.997 0.5000000000
12200  -16.790  -73.704  -10.618 0.6999999881
12201  -17.191  -74.082  -10.298 0.6000000238
12209  -13.007  -73.981  -11.898 0.5000000000
12223  -13.990  -73.937  -12.226 0.5000000000
12224  -14.822  -74.168  -12.486 0.6000000238
12225  -16.197  -74.655  -12.405 0.6000000238
12226  -16.738  -74.385  -11.804 0.6000000238
12240  -14.457  -74.723  -13.195 0.5000000000
12812  -17.195  -73.135  -4.146 0.5000000000
12814  -18.670  -73.169  -3.925 0.5000000000
12821  -15.930  -73.272  -4.941 0.6000000238
12834  -14.860  -73.069  -5.880 0.6000000238
12836  -16.548  -73.365  -5.638 0.5000000000
12837  -17.478  -73.419  -5.541 0.5000000000
12839  -19.434  -73.658  -5.112 0.5000000000
12874  -16.578  -73.030  -7.578 0.6999999881
12876  -18.157  -73.331  -7.507 0.6000000238
12886  -8.536  -73.448  -9.124 0.6000000238
12887  -10.165  -73.539  -8.513 0.6999999881
12889  -12.306  -73.812  -8.467 0.6999999881
12894  -17.253  -73.321  -8.757 0.6000000238
12905  -6.907  -73.784  -9.299 0.6000000238
12908  -14.393  -73.305  -9.650 0.6999999881
12924  -12.902  -73.760  -10.243 0.6999999881
12927  -16.452  -73.394  -10.618 0.6999999881
12943  -16.029  -73.506  -11.321 0.6999999881
13544  -16.031  -72.277  -3.940 0.6000000238
13545  -16.794  -72.562  -3.805 0.5000000000
13547  -18.306  -72.657  -3.628 0.5000000000
13549  -20.019  -72.188  -3.775 0.5000000000
13555  -14.792  -72.211  -4.838 0.5000000000
13578  -11.614  -71.906  -7.185 0.6000000238
13580  -13.248  -72.452  -6.574 0.6000000238
14267  -17.832  -72.020  -3.443 0.5000000000
14286  -13.387  -71.249  -5.864 0.6000000238
14294  -11.910  -70.957  -7.207 0.6000000238
14314  -10.059  -71.832  -8.871 0.6000000238
14325  -8.958  -71.836  -9.432 0.6000000238
14992  -16.678  -70.914  -3.601 0.6000000238
15003  -15.303  -70.838  -4.380 0.6999999881
15042  -10.312  -71.122  -9.702 0.5000000000
15054  -9.026  -71.241  -9.574 0.5000000000
15056  -11.594  -70.190  -10.440 0.5000000000
15067  -12.319  -69.809  -10.669 0.4000000060
15737  -14.857  -69.609  -5.245 0.6999999881
15777  -9.458  -70.055  -9.580 0.5000000000
15780  -13.892  -69.720  -9.807 0.6000000238
15797  -11.722  -69.767  -10.518 0.4000000060
15798  -13.077  -69.553  -10.907 0.6000000238
16475  -16.920  -69.117  -3.767 0.6000000238
16488  -15.828  -69.089  -4.720 0.6000000238
16501  -14.840  -69.211  -6.029 0.6999999881
16538  -9.665  -69.292  -8.987 0.5000000000
16541  -14.891  -68.769  -9.879 0.6000000238
16553  -12.781  -68.705  -10.967 0.4000000060
16554  -14.433  -68.943  -10.849 0.6000000238
16563  -13.787  -69.058  -11.220 0.5000000000
16564  -14.249  -68.320  -11.222 0.5000000000
17286  -18.176  -67.158  -3.869 0.5000000000
17319  -15.818  -67.871  -6.736 0.6000000238
17340  -12.393  -67.319  -9.938 0.4000000060
17354  -13.955  -67.665  -11.404 0.5000000000
17369  -13.595  -68.510  -11.300 0.5000000000
18115  -16.996  -66.760  -4.905 0.5000000000
18117  -18.262  -66.354  -4.250 0.4000000060
18883  -19.369  -65.495  -4.457 0.4000000060
18885  -21.148  -65.450  -4.425 0.4000000060
18893  -17.081  -65.799  -6.111 0.5000000000
18908  -17.137  -64.834  -7.402 0.5000000000
18914  -15.940  -65.517  -9.916 0.5000000000
18921  -15.067  -65.641  -10.907 0.5000000000
19623  -18.971  -64.931  -5.061 0.4000000060
19639  -23.438  -64.276  -5.351 0.4000000060
19648  -24.687  -64.857  -6.141 0.4000000060
19655  -18.188  -63.873  -7.806 0.5000000000
19668  -15.205  -64.047  -10.406 0.4000000060
20392  -18.986  -63.541  -7.064 0.4000000060
20404  -14.557  -63.395  -9.914 0.3000000119
20405  -16.768  -63.473  -9.117 0.3000000119
21203  -19.740  -62.576  -6.658 0.3000000119
21210  -18.714  -63.169  -7.516 0.4000000060
21215  -14.499  -62.711  -9.237 0.3000000119
21224  -15.447  -62.784  -9.726 0.3000000119
22001  -12.300  -60.788  -4.060 0.3000000119
22028  -13.387  -60.759  -7.607 0.3000000119
22029  -13.910  -61.606  -7.920 0.3000000119
22036  -14.698  -61.567  -8.929 0.3000000119
22038  -17.135  -61.860  -8.453 0.3000000119
22042  -14.751  -62.285  -9.249 0.3000000119
22836  -10.381  -60.512  -3.961 0.4000000060
22847  -16.410  -60.423  -5.056 0.3000000119
22862  -10.924  -58.713  -5.392 0.4000000060
22875  -11.947  -59.258  -6.740 0.4000000060
22887  -16.142  -60.363  -8.958 0.3000000119
23726  -11.112  -58.500  -5.326 0.4000000060
23730  -14.820  -59.394  -5.878 0.4000000060
23767  -12.179  -57.469  -6.675 0.4000000060
24529  -11.615  -57.945  -5.730 0.4000000060
24543  -11.888  -57.265  -6.149 0.4000000060
24544  -12.356  -57.163  -5.995 0.4000000060
24563  -17.649  -58.815  -8.230 0.3000000119
25303  -12.048  -57.055  -6.238 0.4000000060
25338  -13.909  -56.191  -7.326 0.3000000119
25339  -18.514  -57.591  -8.206 0.3000000119
25350  -13.752  -56.652  -7.508 0.3000000119
25351  -14.242  -56.404  -8.007 0.3000000119
25354  -17.127  -56.907  -9.338 0.3000000119
26095  -14.706  -55.621  -7.229 0.3000000119
26130  -18.704  -55.540  -8.849 0.3000000119
111922  -23.568  -81.520  -17.328 0.6000000238
112234  -21.849  -82.444  -18.432 0.5000000000
113801  -15.996  -73.178  -8.008 0.6999999881
113808  -24.041  -82.758  -11.027 0.6000000238
114100  -30.248  -84.765  -10.316 0.4000000060
114498  -26.225  -82.587  -10.025 0.5000000000
114655  -18.586  -78.240  -11.864 0.5000000000
114803  -18.838  -78.792  -12.442 0.5000000000
114876  -31.506  -87.292  -17.486 0.8000000119
114899  -16.397  -67.970  -4.692 0.5000000000
115044  -15.368  -73.345  -11.303 0.6999999881
115082  -25.326  -78.700  -9.425 0.5000000000
115464  -19.567  -79.772  -9.025 0.6000000238
116364  -31.498  -86.415  -19.097 0.6999999881
116809  -15.563  -74.320  -12.426 0.6000000238
116923  -29.419  -84.688  -19.932 0.6999999881
117030  -32.784  -84.583  -12.478 0.4000000060
117378  -15.715  -66.655  -8.333 0.6000000238
117523  -16.298  -73.125  -9.479 0.6999999881
117524  -15.725  -73.205  -7.215 0.6000000238
117580  -24.572  -82.814  -9.766 0.5000000000
118003  -21.326  -63.529  -5.449 0.4000000060
118475  -32.765  -87.397  -11.403 0.3000000119
118794  -16.876  -73.296  -9.392 0.6999999881
119309  -17.310  -71.440  -3.471 0.5000000000
119510  -18.437  -82.691  -14.835 0.6000000238
119615  -19.874  -75.515  -7.555 0.6000000238
119662  -20.858  -82.429  -14.386 0.6000000238
119852  -14.249  -69.386  -7.669 0.6000000238
119914  -22.909  -82.551  -11.833 0.6000000238
120241  -15.157  -58.370  -8.731 0.3000000119
120531  -9.781  -74.775  -9.535 0.6999999881
120972  -6.919  -72.975  -9.336 0.6000000238
121130  -14.047  -73.324  -7.986 0.6000000238
122422  -11.558  -59.826  -6.478 0.4000000060
122891  -30.318  -88.421  -18.678 0.6000000238
122893  -21.333  -63.036  -5.653 0.4000000060
123425  -21.670  -77.907  -6.380 0.6000000238
124473  -22.045  -82.532  -11.966 0.6000000238
125201  -20.487  -76.725  -6.854 0.6000000238
125245  -31.322  -85.189  -18.945 0.6000000238
125298  -32.502  -81.418  -14.717 0.3000000119
125832  -18.609  -75.607  -9.326 0.6000000238
126020  -13.804  -58.293  -8.030 0.3000000119
126060  -13.086  -59.175  -7.659 0.3000000119
126074  -19.270  -82.909  -18.189 0.5000000000
126996  -14.641  -73.298  -11.163 0.6000000238
127251  -13.945  -73.023  -6.769 0.6000000238
127398  -27.609  -78.779  -10.783 0.4000000060
127547  -13.949  -64.404  -10.150 0.4000000060
127604  -26.108  -78.349  -10.488 0.5000000000
128021  -11.860  -72.433  -7.204 0.6000000238
128326  -19.321  -56.497  -8.291 0.3000000119
129542  -14.827  -55.535  -7.561 0.3000000119
131114  -17.205  -72.131  -3.550 0.5000000000
131843  -27.011  -80.831  -20.089 0.5000000000
131963  -20.613  -82.269  -15.067 0.6000000238
132059  -16.049  -67.869  -5.144 0.6000000238
132284  -32.284  -89.757  -8.794 0.3000000119
132391  -20.205  -84.087  -18.330 0.5000000000
133982  -14.944  -68.823  -8.893 0.6999999881
134044  -20.200  -81.572  -9.694 0.6000000238
134094  -21.415  -82.334  -18.215 0.5000000000
134179  -18.214  -64.141  -7.496 0.5000000000
134647  -23.830  -82.425  -13.091 0.6000000238
