#!ascii label  , from subject bert vox2ras=TkReg
1861
5658  -10.557  -85.248  -12.108 0.5000000000
4570  -11.200  -87.062  -14.063 0.5000000000
4557  -11.400  -87.731  -13.553 0.5000000000
125516  -12.769  -87.548  -14.397 0.5000000000
6186  -12.023  -83.925  -12.162 0.5000000000
6172  -11.784  -84.706  -12.077 0.5000000000
6173  -12.363  -84.287  -11.566 0.5000000000
5642  -11.467  -85.530  -11.725 0.5000000000
5643  -12.348  -85.144  -11.208 0.6000000238
5641  -10.669  -86.312  -11.835 0.5000000000
115095  -13.249  -87.426  -15.016 0.5000000000
125439  -9.782  -87.191  -13.043 0.5000000000
4581  -13.934  -88.008  -15.003 0.5000000000
4001  -10.992  -87.939  -12.932 0.6000000238
4559  -13.357  -87.941  -14.252 0.6000000238
3982  -12.001  -88.771  -11.541 0.6000000238
4003  -13.489  -88.434  -13.338 0.6000000238
4004  -14.260  -88.951  -13.705 0.6999999881
3993  -12.749  -88.901  -11.827 0.6999999881
3994  -14.006  -89.113  -12.761 0.6999999881
3491  -13.636  -89.406  -11.682 0.6999999881
3504  -14.525  -89.853  -12.262 0.6999999881
3510  -14.680  -89.689  -13.247 0.6999999881
6174  -12.994  -84.306  -10.738 0.5000000000
127981  -13.178  -85.193  -10.238 0.6000000238
130366  -14.112  -84.498  -9.983 0.6000000238
5630  -14.076  -85.411  -9.781 0.6000000238
5117  -11.220  -86.981  -11.219 0.5000000000
4020  -14.628  -88.398  -15.406 0.5000000000
4021  -15.308  -88.729  -15.840 0.5000000000
3536  -16.044  -89.137  -16.274 0.6999999881
4013  -15.012  -89.240  -15.037 0.6999999881
3527  -15.739  -89.633  -15.454 0.6999999881
3980  -10.674  -87.640  -12.188 0.6000000238
3963  -11.759  -88.234  -11.146 0.6999999881
3520  -15.519  -90.000  -14.611 0.6999999881
3964  -12.474  -88.490  -10.702 0.6999999881
3476  -13.736  -89.488  -10.753 0.6999999881
3083  -16.186  -90.676  -14.113 0.6999999881
3477  -14.626  -89.662  -10.353 0.6999999881
3505  -15.205  -90.400  -11.887 0.6999999881
130073  -15.231  -90.361  -12.794 0.6999999881
3074  -17.248  -90.757  -13.118 0.6999999881
3494  -16.211  -90.188  -11.105 0.6999999881
115000  -16.950  -90.148  -11.187 0.6999999881
3506  -17.362  -90.623  -12.365 0.6999999881
3496  -18.124  -89.491  -11.571 0.6999999881
6649  -13.592  -83.502  -10.502 0.5000000000
6162  -15.066  -84.283  -9.822 0.6000000238
6163  -15.640  -84.474  -10.196 0.6000000238
119840  -14.872  -84.957  -9.839 0.6000000238
133374  -15.436  -85.294  -10.088 0.6000000238
132437  -12.663  -86.524  -10.146 0.6000000238
126553  -16.616  -89.653  -16.662 0.6999999881
5101  -12.072  -86.870  -10.518 0.6999999881
3092  -16.875  -90.506  -15.543 0.6999999881
112278  -17.967  -90.289  -17.406 0.6999999881
5079  -12.834  -87.096  -9.837 0.6999999881
3100  -17.199  -90.288  -16.410 0.6999999881
111274  -19.360  -90.307  -17.516 0.6999999881
4522  -12.965  -88.061  -9.970 0.6999999881
4506  -13.628  -87.510  -9.411 0.6999999881
3091  -16.268  -90.383  -15.079 0.6999999881
3084  -16.954  -90.710  -14.799 0.6999999881
112621  -18.023  -90.415  -16.385 0.6999999881
3101  -18.703  -90.403  -17.024 0.6999999881
3945  -13.739  -88.393  -9.658 0.6999999881
123678  -15.130  -88.475  -9.155 0.6999999881
123784  -17.095  -90.839  -13.933 0.6999999881
3094  -18.640  -90.208  -16.008 0.6999999881
3465  -16.293  -89.143  -9.678 0.6999999881
3075  -17.864  -90.558  -13.666 0.6999999881
3085  -17.707  -90.603  -14.579 0.6999999881
3479  -16.828  -89.609  -10.415 0.6999999881
3507  -18.019  -90.060  -12.313 0.6999999881
3086  -18.466  -90.046  -14.316 0.6999999881
3481  -18.119  -89.006  -10.920 0.6999999881
3513  -18.419  -89.871  -13.154 0.6999999881
3984  -18.869  -88.697  -11.276 0.6999999881
6650  -14.712  -83.643  -9.889 0.5000000000
6651  -15.744  -83.573  -9.828 0.6000000238
6659  -16.534  -83.371  -10.711 0.6000000238
129845  -16.627  -83.080  -10.059 0.5000000000
6670  -16.350  -83.272  -11.569 0.6000000238
7164  -15.441  -82.221  -9.287 0.5000000000
7165  -16.084  -82.816  -9.532 0.5000000000
6164  -16.198  -84.193  -10.716 0.6000000238
7211  -15.980  -82.633  -12.423 0.6000000238
6658  -16.127  -84.137  -11.496 0.6000000238
6669  -15.930  -83.558  -12.284 0.6000000238
5102  -13.292  -86.145  -9.864 0.6999999881
5631  -14.883  -85.556  -9.660 0.6999999881
5080  -14.326  -86.927  -8.976 0.6999999881
5103  -14.279  -86.162  -9.413 0.6999999881
3110  -19.934  -90.177  -17.999 0.6999999881
4493  -15.156  -87.120  -8.624 0.6999999881
5081  -15.094  -86.422  -8.987 0.6999999881
3548  -20.037  -89.758  -17.117 0.6999999881
3111  -20.813  -90.159  -17.925 0.6999999881
5082  -15.985  -86.354  -9.070 0.6999999881
3539  -19.735  -89.399  -16.461 0.6999999881
3549  -20.514  -89.750  -17.510 0.6999999881
3122  -21.212  -90.409  -18.658 0.6999999881
3935  -17.294  -87.977  -8.745 0.6000000238
3530  -19.304  -89.550  -15.742 0.6999999881
3540  -20.129  -88.574  -16.688 0.6999999881
3550  -21.044  -89.209  -17.590 0.6999999881
3558  -21.637  -89.702  -17.951 0.6999999881
3131  -21.572  -90.711  -19.562 0.6999999881
3967  -17.661  -88.505  -9.272 0.6999999881
3521  -19.036  -89.252  -14.732 0.6999999881
4022  -19.619  -88.546  -15.109 0.6000000238
117168  -20.208  -87.973  -16.315 0.6999999881
4039  -20.560  -88.890  -17.235 0.6999999881
3969  -19.382  -88.109  -10.319 0.6000000238
3995  -18.605  -89.229  -12.243 0.6999999881
4006  -19.417  -88.338  -13.195 0.6999999881
3514  -18.835  -89.021  -13.759 0.6999999881
4015  -20.220  -87.917  -14.480 0.6000000238
4023  -20.168  -87.897  -15.524 0.6000000238
3985  -19.816  -88.152  -11.249 0.6000000238
3996  -19.402  -88.456  -12.176 0.6000000238
4007  -20.211  -87.886  -13.510 0.6000000238
4560  -21.216  -87.734  -13.719 0.5000000000
4572  -21.057  -87.838  -14.854 0.5000000000
4582  -21.917  -87.913  -15.420 0.5000000000
3986  -20.491  -87.559  -11.580 0.6000000238
4548  -21.039  -87.310  -12.306 0.5000000000
115954  -20.913  -87.605  -12.963 0.5000000000
7194  -16.518  -82.590  -11.291 0.6000000238
7180  -16.681  -82.607  -10.325 0.6000000238
114984  -15.594  -81.580  -13.346 0.5000000000
8457  -14.845  -80.964  -14.549 0.6999999881
7166  -16.522  -82.542  -9.703 0.5000000000
7751  -16.680  -81.778  -9.923 0.6000000238
7765  -16.449  -81.661  -10.928 0.6000000238
8388  -16.026  -81.074  -8.613 0.6000000238
7739  -16.121  -82.005  -9.228 0.6000000238
7230  -15.398  -82.661  -13.565 0.4000000060
116470  -16.539  -81.028  -9.588 0.6000000238
6682  -15.267  -83.498  -13.675 0.5000000000
130750  -15.800  -84.284  -12.392 0.6000000238
123061  -15.768  -85.154  -12.242 0.6000000238
114635  -15.710  -86.054  -10.530 0.6999999881
5644  -15.785  -85.777  -11.658 0.6000000238
5105  -16.315  -86.152  -10.042 0.6999999881
5062  -17.379  -86.713  -8.727 0.6000000238
128954  -16.815  -86.180  -10.825 0.6000000238
4509  -18.647  -87.283  -9.022 0.6000000238
4040  -21.265  -87.982  -17.393 0.6000000238
4049  -21.704  -88.463  -17.659 0.6000000238
3123  -22.263  -90.129  -18.617 0.6999999881
3132  -22.702  -90.601  -19.561 0.6999999881
3950  -19.194  -87.599  -9.616 0.6000000238
4024  -20.787  -87.740  -16.061 0.6000000238
3141  -21.789  -91.159  -20.385 0.6999999881
4536  -21.028  -86.929  -11.774 0.6000000238
116984  -22.164  -87.826  -14.143 0.4000000060
4592  -22.800  -87.890  -16.010 0.4000000060
4607  -21.569  -87.774  -16.823 0.5000000000
4041  -22.062  -88.009  -17.609 0.6000000238
129445  -22.523  -89.029  -18.260 0.6000000238
4549  -21.661  -86.965  -12.340 0.5000000000
4550  -22.193  -87.006  -12.754 0.5000000000
4562  -22.505  -87.341  -13.333 0.5000000000
133178  -21.993  -87.639  -13.459 0.5000000000
4608  -22.673  -87.792  -17.253 0.4000000060
4623  -23.024  -87.964  -18.143 0.6000000238
8442  -15.363  -80.354  -13.589 0.6000000238
7800  -14.078  -80.942  -15.287 0.6000000238
8404  -16.402  -80.748  -10.330 0.6000000238
8415  -15.840  -80.285  -11.806 0.5000000000
9033  -15.735  -79.225  -11.691 0.6000000238
121257  -15.738  -78.477  -10.914 0.6000000238
7787  -14.823  -82.055  -14.336 0.6000000238
8389  -16.519  -80.675  -9.025 0.6999999881
9602  -16.632  -79.038  -9.670 0.6000000238
10247  -15.688  -77.910  -10.231 0.6000000238
7252  -14.741  -83.030  -14.492 0.5000000000
7251  -14.320  -82.373  -15.000 0.6000000238
8369  -16.287  -80.596  -7.787 0.6000000238
9592  -16.721  -78.628  -8.940 0.6999999881
130921  -15.340  -84.147  -13.632 0.5000000000
8370  -16.839  -79.933  -7.936 0.6999999881
6195  -15.609  -84.682  -13.102 0.6000000238
8980  -16.841  -79.355  -7.323 0.6000000238
5119  -15.902  -86.110  -11.530 0.6000000238
5659  -15.867  -85.956  -12.414 0.6000000238
5131  -16.020  -86.139  -13.132 0.6000000238
124351  -16.687  -86.266  -11.808 0.6000000238
5121  -17.726  -86.015  -11.107 0.6000000238
5122  -18.770  -85.746  -10.993 0.6000000238
130579  -20.442  -85.436  -13.395 0.6000000238
5108  -20.349  -86.369  -10.802 0.6000000238
5692  -20.736  -85.385  -14.199 0.6000000238
5662  -21.514  -85.907  -12.355 0.6000000238
3559  -23.235  -88.332  -18.774 0.6000000238
3567  -23.312  -89.377  -19.024 0.6000000238
3133  -23.727  -90.226  -19.745 0.6000000238
5663  -22.167  -85.996  -12.766 0.5000000000
4563  -23.251  -86.976  -13.641 0.5000000000
4573  -22.980  -87.520  -13.985 0.5000000000
3144  -25.071  -90.783  -20.175 0.6000000238
4624  -23.737  -87.557  -18.668 0.4000000060
4060  -23.798  -87.992  -19.605 0.6000000238
3568  -24.121  -88.959  -19.850 0.6000000238
9055  -15.035  -79.397  -13.576 0.6000000238
9054  -14.080  -79.192  -14.277 0.5000000000
9061  -13.421  -79.338  -15.060 0.6000000238
9067  -13.454  -79.419  -15.591 0.5000000000
9045  -15.530  -79.763  -12.688 0.6000000238
9626  -14.490  -78.267  -12.793 0.6000000238
8441  -14.713  -79.956  -14.420 0.5000000000
8455  -13.854  -80.121  -15.426 0.5000000000
8467  -13.749  -80.156  -15.802 0.5000000000
9612  -15.157  -78.081  -11.844 0.5000000000
9627  -15.215  -78.781  -12.735 0.6000000238
10257  -15.247  -77.777  -10.912 0.5000000000
133314  -13.947  -81.470  -15.643 0.6000000238
9582  -16.536  -78.346  -8.291 0.6999999881
10236  -15.642  -77.535  -9.464 0.6000000238
10218  -15.506  -77.457  -8.578 0.6000000238
116798  -15.373  -84.658  -13.914 0.5000000000
8308  -16.382  -79.786  -5.821 0.5000000000
123962  -16.210  -78.260  -7.081 0.6999999881
5671  -15.748  -85.510  -13.285 0.5000000000
5132  -16.544  -86.259  -12.847 0.5000000000
5133  -17.409  -86.162  -12.335 0.6000000238
5690  -18.907  -85.969  -14.128 0.6000000238
5660  -19.215  -85.605  -12.512 0.5000000000
5691  -19.751  -85.574  -14.224 0.6000000238
5674  -19.541  -85.554  -13.394 0.6000000238
5676  -22.455  -85.718  -13.396 0.5000000000
4625  -24.573  -87.435  -18.822 0.5000000000
4637  -24.693  -87.457  -19.708 0.5000000000
3576  -24.783  -89.023  -20.167 0.6000000238
125185  -24.825  -90.128  -20.383 0.6000000238
114957  -12.292  -78.295  -14.528 0.6000000238
9660  -12.908  -78.583  -15.086 0.6000000238
121691  -12.771  -78.394  -13.798 0.6000000238
9068  -13.625  -79.132  -15.977 0.5000000000
9611  -14.164  -77.896  -12.093 0.6000000238
10255  -13.561  -77.736  -11.428 0.6999999881
7826  -13.959  -81.074  -16.617 0.6000000238
10235  -14.779  -77.317  -9.219 0.6000000238
126218  -14.907  -77.429  -10.216 0.6000000238
118785  -13.839  -81.663  -16.266 0.6000000238
10196  -15.254  -77.551  -7.776 0.6000000238
10234  -13.770  -77.332  -8.936 0.6000000238
6691  -14.604  -83.618  -15.132 0.5000000000
5672  -15.899  -86.023  -13.831 0.5000000000
8959  -15.990  -79.518  -5.152 0.5000000000
9550  -16.047  -78.477  -6.310 0.6000000238
5148  -17.257  -86.304  -13.407 0.5000000000
5161  -18.144  -86.354  -14.775 0.6000000238
127274  -18.075  -86.258  -13.870 0.5000000000
5710  -19.976  -85.595  -15.116 0.5000000000
4638  -25.075  -87.658  -19.721 0.6000000238
4072  -25.459  -88.991  -20.056 0.6000000238
129902  -11.689  -78.049  -14.447 0.6000000238
9659  -12.127  -78.113  -14.909 0.5000000000
10297  -13.092  -77.636  -15.374 0.5000000000
9642  -11.811  -78.241  -13.766 0.6999999881
116664  -13.960  -78.558  -15.998 0.5000000000
9609  -12.421  -78.034  -11.675 0.6999999881
9610  -13.115  -78.047  -12.304 0.6000000238
9675  -14.990  -78.211  -15.896 0.5000000000
10246  -13.884  -77.499  -10.529 0.6000000238
133817  -14.487  -79.739  -16.363 0.5000000000
7827  -14.650  -81.176  -17.219 0.6000000238
117959  -12.661  -77.478  -8.659 0.6999999881
7285  -13.966  -82.557  -16.511 0.6000000238
10216  -13.445  -77.454  -7.932 0.6000000238
6701  -14.391  -83.373  -16.125 0.6000000238
10178  -13.894  -77.747  -6.325 0.6999999881
133804  -14.698  -77.891  -6.364 0.6999999881
113315  -15.759  -85.222  -15.286 0.5000000000
6216  -14.765  -83.995  -15.753 0.5000000000
9549  -15.332  -78.236  -5.887 0.6000000238
5689  -16.137  -85.921  -14.604 0.5000000000
131129  -14.524  -78.273  -4.500 0.5000000000
5708  -16.461  -85.949  -15.707 0.6000000238
5167  -16.690  -86.291  -14.789 0.5000000000
9519  -14.319  -78.975  -3.435 0.6000000238
5160  -17.271  -86.474  -14.382 0.5000000000
5709  -19.059  -85.947  -15.031 0.6000000238
5725  -19.837  -85.419  -17.006 0.5000000000
10281  -11.326  -77.077  -14.398 0.6999999881
10895  -12.976  -76.652  -15.116 0.5000000000
10908  -13.801  -76.887  -15.463 0.5000000000
10272  -10.459  -77.421  -13.500 0.8000000119
10883  -10.749  -76.825  -13.965 0.6999999881
10909  -14.762  -76.702  -15.432 0.5000000000
10299  -15.433  -77.288  -15.639 0.5000000000
10244  -11.197  -78.130  -10.905 0.6999999881
9600  -11.474  -78.171  -11.627 0.6999999881
9641  -11.036  -78.103  -13.242 0.8000000119
10245  -12.022  -78.005  -11.028 0.6999999881
9676  -16.103  -77.981  -15.675 0.5000000000
117272  -11.870  -77.707  -9.358 0.6999999881
114728  -12.024  -77.881  -10.284 0.6999999881
9075  -15.386  -79.629  -16.540 0.6000000238
9688  -15.738  -78.757  -16.069 0.5000000000
10194  -12.313  -77.504  -7.622 0.6000000238
7297  -14.522  -82.550  -17.418 0.6000000238
10176  -12.144  -77.387  -6.651 0.6999999881
112041  -13.140  -77.573  -6.897 0.6999999881
6217  -15.209  -84.594  -16.014 0.6000000238
6225  -14.763  -83.958  -16.678 0.6000000238
10177  -13.088  -77.642  -5.775 0.6000000238
5707  -15.880  -85.182  -16.388 0.6000000238
5723  -17.301  -85.985  -16.582 0.6000000238
9518  -13.545  -78.517  -3.163 0.6000000238
119120  -18.227  -86.131  -15.818 0.6000000238
112556  -19.251  -85.753  -16.159 0.5000000000
11548  -10.638  -75.949  -13.578 0.6000000238
11549  -12.138  -75.482  -13.940 0.5000000000
11565  -12.475  -75.987  -14.538 0.5000000000
10910  -15.742  -76.608  -15.271 0.5000000000
10253  -9.666  -77.372  -12.460 0.8000000119
10283  -16.425  -76.648  -15.008 0.5000000000
10243  -10.175  -77.916  -10.837 0.6999999881
8480  -15.489  -80.493  -17.129 0.6000000238
12109  -12.225  -74.547  -2.082 0.6000000238
10215  -11.562  -77.620  -8.372 0.8000000119
12110  -12.813  -74.578  -2.648 0.6000000238
10214  -10.592  -77.581  -8.263 0.8000000119
7842  -14.883  -81.981  -17.561 0.6000000238
10144  -12.050  -76.760  -2.681 0.6000000238
10164  -12.057  -77.253  -5.645 0.6000000238
6226  -15.349  -84.492  -17.096 0.6000000238
6227  -16.176  -84.855  -17.398 0.6000000238
111514  -12.647  -77.280  -3.573 0.6000000238
10158  -13.176  -77.654  -3.917 0.6000000238
10165  -12.842  -77.504  -4.896 0.6000000238
5722  -16.516  -85.553  -16.729 0.6000000238
6238  -16.740  -84.300  -18.472 0.6000000238
9526  -13.978  -78.303  -3.772 0.5000000000
5736  -18.452  -85.168  -18.153 0.5000000000
5737  -19.377  -85.006  -18.057 0.5000000000
5744  -18.908  -84.524  -18.772 0.5000000000
128212  -11.619  -74.784  -13.122 0.5000000000
12239  -13.551  -74.731  -13.307 0.5000000000
11534  -9.833  -75.918  -13.040 0.6000000238
11535  -10.700  -75.179  -13.028 0.5000000000
10242  -9.396  -77.454  -11.653 0.8000000119
11533  -9.099  -75.946  -12.639 0.6999999881
117742  -9.117  -77.531  -10.751 0.8000000119
10231  -10.004  -77.872  -9.903 0.8000000119
9076  -16.476  -79.190  -16.345 0.6000000238
10284  -16.906  -77.209  -15.118 0.5000000000
12796  -12.731  -73.485  -1.509 0.6000000238
129963  -9.105  -77.513  -8.967 0.8000000119
9678  -17.327  -78.820  -15.549 0.5000000000
12805  -13.106  -74.071  -2.724 0.6999999881
12093  -12.794  -74.034  -1.933 0.6000000238
10832  -10.202  -76.866  -7.131 0.8000000119
7843  -15.564  -82.289  -17.819 0.6000000238
8481  -16.295  -80.746  -17.281 0.6000000238
129673  -17.005  -79.547  -16.525 0.6000000238
12120  -12.981  -74.647  -3.291 0.6000000238
7299  -16.000  -82.984  -18.520 0.6000000238
7298  -15.216  -82.669  -17.979 0.6000000238
7828  -16.116  -81.712  -17.584 0.6000000238
10784  -12.437  -75.967  -3.402 0.6000000238
10175  -11.367  -77.143  -6.537 0.5000000000
7307  -16.658  -83.567  -18.724 0.6000000238
10802  -12.313  -77.197  -4.465 0.6000000238
6239  -17.569  -84.827  -18.517 0.6000000238
6718  -17.268  -83.743  -19.030 0.6000000238
6719  -18.186  -83.836  -19.107 0.5000000000
6720  -19.142  -83.640  -18.713 0.5000000000
127717  -19.529  -83.828  -18.645 0.5000000000
7309  -19.654  -83.022  -18.238 0.5000000000
11527  -10.814  -74.841  -12.106 0.6000000238
10868  -8.762  -76.179  -12.213 0.6999999881
13503  -11.797  -73.002  0.073 0.6000000238
12785  -12.552  -73.187  -0.933 0.6000000238
10230  -9.023  -77.628  -9.787 0.8000000119
124318  -17.286  -78.036  -14.896 0.5000000000
14252  -12.447  -72.304  -1.703 0.6000000238
10229  -8.246  -77.270  -9.471 0.8000000119
9661  -17.827  -78.854  -14.708 0.5000000000
123701  -13.013  -73.490  -2.120 0.6999999881
10831  -9.351  -76.889  -7.576 0.8000000119
9077  -17.092  -80.189  -16.866 0.6000000238
115078  -17.884  -79.428  -15.369 0.6000000238
127998  -12.732  -74.087  -4.186 0.8000000119
10811  -9.789  -76.350  -6.940 0.6999999881
8468  -17.534  -80.728  -16.218 0.6000000238
119269  -12.219  -74.524  -4.673 0.6999999881
11445  -12.121  -75.519  -4.751 0.6999999881
10800  -11.288  -76.407  -5.785 0.6000000238
7286  -16.226  -82.606  -17.969 0.6000000238
7815  -17.314  -81.973  -16.020 0.6000000238
10792  -12.314  -76.691  -3.801 0.6000000238
7272  -17.644  -82.511  -16.239 0.5000000000
7301  -17.662  -83.316  -18.034 0.5000000000
11525  -8.737  -75.843  -12.058 0.6000000238
12198  -11.266  -74.665  -10.903 0.5000000000
14221  -9.530  -72.254  0.462 0.6000000238
11517  -8.248  -75.765  -11.218 0.6999999881
14222  -10.390  -72.113  0.078 0.6000000238
11524  -8.183  -76.091  -11.475 0.6999999881
11516  -7.506  -75.962  -10.803 0.6000000238
14236  -11.839  -71.987  -1.081 0.6000000238
124382  -10.847  -71.656  -0.789 0.6000000238
10858  -7.348  -76.645  -10.070 0.6000000238
10845  -6.808  -76.133  -9.515 0.6999999881
13535  -12.297  -72.138  -2.374 0.8000000119
10830  -8.181  -76.609  -7.944 0.6999999881
11490  -6.759  -75.587  -8.914 0.6000000238
12810  -12.661  -73.383  -3.808 0.8000000119
11479  -8.756  -76.204  -7.163 0.8000000119
11458  -7.572  -75.139  -7.415 0.6999999881
12833  -11.200  -74.190  -5.048 0.6999999881
12128  -11.638  -74.957  -5.166 0.6999999881
12132  -10.001  -74.458  -5.856 0.6000000238
12140  -9.227  -74.761  -6.375 0.8000000119
13500  -9.083  -72.557  1.179 0.6000000238
129439  -9.979  -71.553  -0.685 0.6000000238
14251  -11.021  -71.309  -1.655 0.6999999881
12180  -6.772  -74.512  -9.134 0.6000000238
120545  -11.782  -71.656  -1.998 0.6999999881
14265  -11.588  -71.776  -2.759 0.6999999881
11476  -6.782  -74.795  -8.440 0.6999999881
12137  -6.873  -73.879  -7.305 0.6000000238
13541  -11.232  -72.055  -3.527 0.8000000119
13553  -10.610  -72.376  -4.259 0.6000000238
12819  -10.925  -73.220  -4.700 0.5000000000
12139  -8.290  -74.202  -6.427 0.6999999881
12846  -7.046  -73.122  -7.118 0.6999999881
13604  -6.418  -72.720  -8.234 0.6000000238
13554  -11.758  -72.786  -4.113 0.8000000119
12831  -8.753  -72.902  -5.364 0.6000000238
12131  -9.072  -73.883  -5.892 0.6000000238
13499  -7.977  -72.421  0.969 0.6000000238
14219  -7.562  -71.983  0.222 0.6000000238
14249  -9.078  -71.235  -1.114 0.6999999881
14235  -9.327  -71.813  -0.229 0.6000000238
14250  -10.137  -71.133  -1.399 0.6999999881
14981  -10.260  -70.839  -2.222 0.6999999881
14259  -10.934  -71.238  -2.449 0.6999999881
14264  -10.700  -71.364  -3.150 0.6000000238
12884  -6.334  -73.586  -8.435 0.6000000238
14277  -10.293  -71.614  -3.869 0.6000000238
12818  -9.788  -72.730  -4.827 0.6000000238
13616  -7.429  -72.427  -9.317 0.5000000000
14292  -6.705  -72.152  -7.639 0.6000000238
14323  -7.197  -71.681  -8.980 0.5000000000
15040  -7.929  -70.919  -9.112 0.5000000000
14293  -7.112  -71.757  -7.121 0.6000000238
14313  -6.969  -71.044  -8.311 0.5000000000
13497  -5.678  -72.045  0.660 0.6000000238
14218  -6.468  -71.838  0.084 0.6000000238
14234  -8.278  -71.623  -0.411 0.6999999881
14233  -7.175  -71.594  -0.570 0.6999999881
14963  -8.445  -70.800  -1.911 0.6999999881
14964  -9.430  -70.745  -1.990 0.6999999881
14980  -9.525  -70.518  -2.810 0.6000000238
14990  -10.165  -70.778  -2.986 0.5000000000
15001  -9.911  -70.889  -3.692 0.6999999881
15715  -8.792  -69.848  -4.381 0.6000000238
14276  -9.621  -71.067  -4.428 0.6000000238
14285  -9.011  -71.610  -4.992 0.6000000238
15012  -8.882  -70.510  -5.361 0.6000000238
13564  -7.638  -72.246  -6.234 0.6000000238
15029  -7.298  -70.802  -7.472 0.5000000000
15030  -8.296  -69.879  -7.548 0.5000000000
15776  -8.550  -70.079  -8.684 0.5000000000
15670  -5.556  -69.634  1.479 0.6999999881
15682  -5.257  -69.570  0.558 0.6999999881
15671  -6.356  -68.864  1.055 0.6999999881
126665  -5.501  -71.478  -0.022 0.6000000238
15681  -4.530  -69.939  0.036 0.6999999881
127950  -5.593  -69.001  0.186 0.6999999881
16456  -7.426  -68.355  -0.177 0.6999999881
16457  -8.126  -68.092  -0.423 0.6000000238
14232  -6.174  -71.393  -0.660 0.6999999881
14946  -4.738  -70.168  -0.524 0.6999999881
15691  -4.819  -69.560  -0.863 0.6999999881
16466  -6.404  -68.275  -0.902 0.6999999881
14246  -5.854  -70.975  -1.428 0.6999999881
14231  -5.452  -71.031  -0.683 0.6999999881
16465  -5.136  -68.240  -1.532 0.6999999881
14979  -7.996  -70.416  -2.691 0.6999999881
116523  -8.684  -70.178  -3.419 0.6000000238
14989  -9.442  -70.339  -3.607 0.6000000238
15736  -8.384  -69.081  -5.927 0.6000000238
15735  -7.828  -68.494  -5.674 0.6000000238
15000  -9.239  -70.363  -4.402 0.6000000238
15730  -8.698  -69.707  -5.306 0.6000000238
120048  -8.574  -68.695  -6.394 0.6000000238
15011  -8.455  -69.509  -6.415 0.5000000000
16513  -8.901  -68.619  -6.967 0.6000000238
16514  -9.327  -68.338  -7.214 0.6000000238
129765  -8.238  -70.445  -6.528 0.5000000000
16527  -8.775  -69.317  -7.868 0.5000000000
16528  -9.246  -68.927  -8.002 0.5000000000
16427  -6.162  -69.039  1.934 0.6999999881
16444  -7.325  -68.253  0.678 0.6999999881
16445  -7.914  -68.112  0.195 0.6000000238
17254  -8.292  -67.643  0.059 0.6000000238
17258  -8.648  -67.519  -0.617 0.6000000238
131501  -9.449  -67.080  -1.901 0.4000000060
17263  -5.822  -67.739  -1.925 0.6000000238
16467  -7.573  -68.182  -0.838 0.5000000000
17265  -8.244  -67.800  -1.262 0.5000000000
18095  -9.266  -66.769  -2.517 0.4000000060
18868  -10.476  -65.530  -3.069 0.5000000000
14247  -6.739  -71.247  -1.382 0.6999999881
14960  -5.479  -70.463  -2.223 0.8000000119
16469  -4.543  -69.025  -2.229 0.6999999881
17269  -6.525  -67.367  -2.264 0.5000000000
18094  -7.887  -66.518  -2.769 0.4000000060
18103  -8.911  -66.192  -3.205 0.4000000060
18104  -9.518  -65.622  -3.367 0.4000000060
19616  -8.617  -63.897  -3.760 0.4000000060
14961  -6.269  -70.908  -2.216 0.8000000119
14976  -4.938  -70.134  -3.198 0.8000000119
14975  -4.593  -69.676  -2.514 0.8000000119
16470  -4.718  -68.387  -2.765 0.8000000119
17268  -5.574  -67.096  -2.866 0.6000000238
18101  -6.734  -66.036  -3.544 0.5000000000
18102  -7.597  -65.587  -3.511 0.4000000060
131291  -8.386  -65.369  -3.500 0.4000000060
14962  -7.308  -70.952  -2.080 0.6999999881
14987  -6.873  -70.014  -3.754 0.8000000119
15713  -6.345  -69.593  -4.313 0.6999999881
15728  -7.109  -68.972  -4.997 0.5000000000
18874  -7.159  -65.413  -3.950 0.5000000000
19614  -7.558  -64.638  -4.048 0.4000000060
19615  -7.921  -64.153  -3.946 0.4000000060
15714  -7.800  -69.628  -4.277 0.6000000238
15729  -8.195  -69.276  -5.210 0.5000000000
16499  -7.204  -67.824  -5.466 0.5000000000
16500  -8.181  -68.025  -5.979 0.6000000238
123642  -8.750  -68.018  -6.408 0.6000000238
130709  -9.136  -67.684  -6.358 0.6000000238
16428  -6.580  -68.428  1.739 0.6000000238
17239  -6.703  -67.570  1.832 0.5000000000
18080  -8.113  -67.041  0.373 0.5000000000
18850  -7.851  -66.155  0.008 0.4000000060
18086  -9.231  -66.898  -0.750 0.5000000000
18089  -9.673  -66.785  -1.426 0.5000000000
18090  -9.869  -66.594  -2.120 0.5000000000
18865  -10.903  -65.142  -2.677 0.5000000000
18869  -10.938  -64.726  -3.150 0.5000000000
20374  -10.887  -63.117  -3.201 0.5000000000
18877  -9.951  -64.729  -3.530 0.5000000000
21181  -10.616  -61.902  -3.259 0.5000000000
131091  -4.890  -69.502  -3.831 0.6999999881
17274  -5.193  -67.416  -3.909 0.6000000238
17283  -5.620  -67.464  -4.453 0.5000000000
18100  -5.875  -66.522  -3.539 0.5000000000
122072  -8.980  -62.508  -3.680 0.5000000000
21180  -9.633  -62.216  -3.465 0.5000000000
14986  -5.800  -70.276  -3.643 0.8000000119
15712  -5.305  -69.728  -4.104 0.6999999881
15727  -5.892  -69.049  -4.700 0.6000000238
18114  -7.009  -65.902  -4.220 0.5000000000
18881  -7.342  -65.143  -4.187 0.4000000060
19622  -7.923  -64.074  -4.136 0.5000000000
20371  -8.669  -62.675  -3.915 0.4000000060
21179  -9.027  -61.900  -3.764 0.5000000000
16487  -6.593  -68.369  -5.144 0.5000000000
17299  -6.951  -67.137  -5.229 0.5000000000
18128  -7.137  -66.343  -4.903 0.6000000238
18888  -7.440  -65.488  -4.683 0.5000000000
19630  -8.137  -64.163  -4.728 0.5000000000
20379  -8.608  -63.509  -4.694 0.5000000000
123361  -7.595  -67.476  -5.561 0.5000000000
17301  -8.559  -66.755  -5.578 0.5000000000
120154  -7.761  -65.988  -5.240 0.5000000000
18890  -8.566  -64.771  -5.350 0.5000000000
17315  -8.271  -67.502  -5.809 0.6000000238
18130  -9.409  -66.254  -5.546 0.6000000238
17238  -6.146  -66.450  1.621 0.5000000000
18078  -6.667  -66.126  0.925 0.5000000000
128050  -7.102  -65.825  0.485 0.5000000000
18858  -7.915  -65.121  -0.238 0.4000000060
18859  -8.809  -66.120  -0.384 0.4000000060
18835  -5.891  -65.653  0.949 0.5000000000
18857  -7.131  -65.125  0.194 0.4000000060
18860  -9.732  -66.050  -0.939 0.5000000000
19604  -10.323  -65.522  -1.549 0.6000000238
19605  -10.877  -64.968  -2.032 0.5000000000
19606  -11.210  -64.258  -2.489 0.5000000000
20366  -11.422  -63.358  -2.570 0.4000000060
21175  -11.626  -62.621  -2.811 0.4000000060
21183  -12.652  -62.239  -3.017 0.4000000060
132655  -6.569  -64.444  0.294 0.4000000060
19599  -7.226  -64.183  0.039 0.4000000060
117738  -8.920  -65.049  -0.472 0.4000000060
129598  -9.784  -64.877  -0.925 0.5000000000
19601  -10.511  -64.548  -1.352 0.5000000000
120770  -8.903  -64.009  -0.525 0.4000000060
111264  -9.936  -63.182  -0.484 0.4000000060
20351  -10.666  -63.717  -0.994 0.5000000000
132002  -11.141  -63.461  -1.067 0.4000000060
20362  -11.997  -62.835  -1.380 0.4000000060
21176  -12.344  -62.688  -2.357 0.4000000060
120303  -13.252  -62.575  -2.211 0.4000000060
20347  -6.555  -63.556  0.244 0.4000000060
20348  -7.322  -63.309  -0.075 0.4000000060
19600  -7.986  -64.079  -0.295 0.4000000060
121955  -7.245  -62.385  0.212 0.4000000060
21966  -7.744  -62.087  0.183 0.4000000060
20350  -8.961  -63.227  -0.396 0.4000000060
21148  -9.122  -62.558  -0.051 0.4000000060
21149  -10.951  -63.039  -0.557 0.5000000000
21150  -11.761  -62.658  -0.406 0.5000000000
20353  -12.296  -62.708  -0.860 0.4000000060
124673  -12.733  -62.702  -1.456 0.4000000060
21944  -10.390  -61.684  0.529 0.4000000060
132685  -12.130  -61.531  0.321 0.4000000060
21946  -12.680  -61.872  -0.184 0.4000000060
21152  -12.901  -62.386  -0.771 0.4000000060
21164  -13.582  -62.237  -1.378 0.4000000060
21940  -6.477  -61.533  0.633 0.4000000060
22784  -6.960  -61.209  0.841 0.3000000119
114312  -8.704  -61.292  0.568 0.3000000119
21943  -9.344  -61.884  0.399 0.4000000060
22768  -7.923  -60.317  1.279 0.4000000060
22786  -8.342  -60.850  0.796 0.3000000119
22787  -9.567  -61.337  0.730 0.4000000060
23668  -10.952  -59.478  1.157 0.5000000000
22788  -11.732  -60.814  0.567 0.4000000060
22789  -12.533  -61.028  0.129 0.4000000060
22807  -13.212  -61.226  -0.560 0.4000000060
21983  -15.090  -61.081  -2.062 0.3000000119
24473  -10.960  -58.419  0.904 0.5000000000
132064  -11.428  -59.107  0.523 0.5000000000
23670  -12.223  -60.173  0.094 0.4000000060
23690  -13.388  -60.297  -0.841 0.4000000060
134581  -13.994  -60.196  -1.274 0.3000000119
114493  -7.083  -60.630  1.254 0.4000000060
134362  -8.323  -58.756  2.022 0.4000000060
116739  -8.881  -59.110  1.761 0.4000000060
23653  -9.556  -59.362  1.596 0.5000000000
22770  -10.054  -60.023  1.398 0.5000000000
24454  -8.710  -58.245  1.804 0.4000000060
23654  -10.255  -58.980  1.503 0.5000000000
25238  -10.402  -57.546  0.556 0.5000000000
25239  -11.035  -57.751  -0.138 0.4000000060
24486  -12.025  -58.603  -0.691 0.4000000060
23704  -13.513  -59.381  -1.352 0.3000000119
25237  -9.902  -56.847  0.175 0.3000000119
25248  -10.567  -57.059  -0.345 0.3000000119
25249  -11.054  -57.287  -0.735 0.3000000119
23652  -7.327  -59.769  1.763 0.4000000060
25212  -8.290  -57.331  1.826 0.3000000119
25992  -8.806  -57.023  1.096 0.4000000060
24499  -12.085  -57.788  -1.176 0.3000000119
25211  -7.351  -57.248  2.275 0.3000000119
25990  -7.465  -55.929  1.207 0.3000000119
7773  -16.170  -81.721  -12.048 0.6000000238
8428  -16.130  -81.056  -11.712 0.5000000000
12829  -7.415  -72.812  -6.528 0.6000000238
12830  -7.865  -72.807  -5.915 0.6000000238
4571  -12.120  -87.301  -14.153 0.5000000000
115083  -12.475  -88.558  -12.655 0.6000000238
5118  -11.773  -86.156  -11.234 0.5000000000
121026  -13.325  -88.861  -12.444 0.6999999881
3519  -14.831  -89.519  -14.182 0.6999999881
3511  -15.329  -90.221  -13.722 0.6999999881
3464  -15.359  -89.138  -9.663 0.6999999881
3060  -15.975  -90.804  -12.394 0.6999999881
3046  -15.845  -90.655  -11.621 0.6999999881
6175  -15.700  -85.231  -11.078 0.5000000000
115465  -18.204  -90.296  -15.229 0.6999999881
4494  -16.027  -87.262  -8.511 0.6999999881
3947  -15.908  -88.579  -9.040 0.6999999881
3529  -18.746  -89.919  -15.206 0.6999999881
3949  -18.593  -88.209  -9.538 0.6999999881
3531  -19.781  -88.556  -16.001 0.6999999881
5084  -18.561  -86.443  -9.302 0.6000000238
4534  -20.148  -87.558  -10.715 0.6000000238
3997  -20.236  -87.871  -12.505 0.5000000000
9022  -16.537  -80.098  -9.650 0.6999999881
124920  -19.241  -86.342  -9.849 0.6000000238
4050  -22.782  -88.278  -18.126 0.6000000238
5647  -20.653  -85.936  -11.439 0.5000000000
4636  -24.027  -87.504  -19.538 0.5000000000
9021  -16.197  -79.469  -10.498 0.6000000238
9010  -16.740  -79.658  -8.843 0.6999999881
114832  -14.216  -82.858  -15.476 0.6000000238
5134  -18.444  -85.787  -11.885 0.5000000000
5645  -19.398  -85.655  -11.450 0.5000000000
127244  -20.912  -85.589  -12.722 0.6000000238
131222  -20.094  -85.622  -11.856 0.5000000000
5675  -21.500  -85.536  -13.230 0.5000000000
123963  -24.539  -89.970  -20.089 0.6000000238
4070  -24.497  -88.124  -20.042 0.6000000238
4626  -25.262  -87.599  -19.178 0.5000000000
10233  -13.037  -77.555  -9.749 0.6000000238
121079  -16.821  -78.044  -15.595 0.5000000000
11423  -12.293  -75.105  -2.732 0.6000000238
9517  -12.969  -78.096  -2.859 0.6000000238
113182  -17.689  -85.500  -17.585 0.6000000238
11424  -12.638  -75.185  -3.102 0.6000000238
10213  -8.671  -77.176  -8.469 0.8000000119
11446  -12.483  -75.775  -4.053 0.6000000238
7829  -16.825  -82.296  -17.086 0.6000000238
113782  -11.674  -76.321  -5.178 0.6000000238
7287  -17.083  -82.889  -17.428 0.6000000238
11478  -7.805  -75.896  -7.566 0.8000000119
8458  -18.079  -80.223  -15.433 0.6000000238
11461  -10.141  -75.933  -6.448 0.6000000238
11454  -11.360  -75.691  -5.420 0.6999999881
133482  -10.540  -74.313  -5.458 0.6000000238
13552  -9.723  -71.955  -4.527 0.6000000238
127582  -8.205  -73.453  -5.945 0.6999999881
13565  -8.311  -72.292  -5.368 0.6000000238
15039  -7.602  -70.482  -8.199 0.5000000000
14284  -8.433  -71.359  -5.831 0.6000000238
15758  -9.066  -69.499  -8.659 0.5000000000
15669  -4.854  -70.238  0.880 0.6999999881
14216  -4.605  -70.943  0.485 0.6000000238
16454  -4.866  -69.282  -0.383 0.6999999881
120218  -4.816  -69.896  -1.298 0.8000000119
17262  -4.990  -67.780  -2.364 0.6000000238
17240  -7.323  -67.541  1.226 0.6000000238
17271  -8.728  -67.301  -2.013 0.5000000000
17270  -7.594  -67.370  -2.115 0.5000000000
20377  -8.267  -63.413  -4.171 0.5000000000
18066  -6.989  -66.874  1.409 0.5000000000
16485  -5.257  -68.147  -4.299 0.6000000238
17298  -6.316  -67.662  -4.994 0.6000000238
124950  -9.190  -65.450  -5.519 0.5000000000
18849  -6.293  -65.224  0.505 0.5000000000
20360  -11.093  -63.893  -1.619 0.5000000000
117549  -9.826  -63.934  -0.771 0.6000000238
21118  -6.263  -62.803  0.352 0.4000000060
21145  -6.990  -62.815  0.129 0.4000000060
21146  -7.476  -62.727  -0.008 0.4000000060
21942  -8.002  -61.331  0.368 0.3000000119
21147  -8.213  -62.601  -0.113 0.4000000060
21121  -11.140  -62.327  0.114 0.5000000000
21151  -12.366  -62.399  -0.378 0.4000000060
21945  -11.405  -61.621  0.463 0.4000000060
21981  -13.664  -61.627  -1.094 0.4000000060
21982  -14.356  -61.545  -1.625 0.4000000060
22769  -8.918  -60.020  1.468 0.3000000119
125524  -9.297  -60.787  1.083 0.5000000000
120789  -10.209  -60.923  0.984 0.4000000060
23669  -11.542  -59.873  0.557 0.5000000000
117499  -10.936  -61.086  0.725 0.4000000060
22824  -13.895  -60.948  -1.141 0.4000000060
24474  -11.513  -58.489  -0.070 0.5000000000
23689  -11.900  -59.287  -0.059 0.4000000060
23703  -12.635  -59.544  -0.666 0.4000000060
24455  -9.482  -58.577  1.577 0.5000000000
121503  -9.169  -57.783  1.408 0.5000000000
24456  -10.064  -58.086  1.281 0.4000000060
25228  -9.605  -57.323  0.898 0.4000000060
25991  -8.173  -56.550  1.416 0.3000000119
26004  -8.550  -56.212  0.766 0.3000000119
26019  -9.441  -56.211  0.177 0.3000000119
1636  -21.037  -93.971  -20.225 0.5000000000
1303  -21.310  -94.584  -19.374 0.5000000000
993  -21.881  -95.555  -17.964 0.5000000000
1299  -21.855  -95.054  -18.921 0.5000000000
994  -22.784  -95.351  -17.649 0.5000000000
1289  -23.198  -95.151  -17.923 0.5000000000
979  -23.133  -95.456  -17.102 0.6000000238
1949  -21.158  -93.727  -20.992 0.5000000000
1627  -21.863  -94.123  -19.254 0.5000000000
1616  -23.541  -94.602  -18.232 0.5000000000
118467  -23.579  -95.292  -16.404 0.6000000238
1290  -23.968  -95.064  -17.583 0.6000000238
1280  -23.624  -95.332  -17.280 0.6000000238
1956  -20.757  -93.707  -21.760 0.4000000060
118820  -19.098  -89.876  -20.825 0.4000000060
124739  -19.590  -90.352  -21.163 0.4000000060
2677  -19.703  -91.269  -21.725 0.5000000000
1960  -19.682  -93.331  -22.053 0.5000000000
2296  -20.151  -92.365  -21.833 0.5000000000
2678  -20.638  -91.595  -21.594 0.5000000000
1961  -20.525  -93.264  -21.840 0.5000000000
1962  -20.945  -93.192  -21.723 0.5000000000
1601  -23.067  -94.873  -16.072 0.6000000238
2263  -23.672  -93.036  -15.442 0.6000000238
1958  -21.450  -92.884  -20.832 0.5000000000
1950  -21.577  -93.333  -20.094 0.5000000000
2287  -22.050  -92.131  -20.652 0.5000000000
1265  -24.227  -95.152  -16.333 0.6000000238
1941  -22.512  -93.078  -19.428 0.5000000000
1617  -24.373  -94.525  -18.059 0.6000000238
1281  -24.318  -95.220  -17.002 0.6000000238
1917  -24.347  -94.156  -15.252 0.6000000238
121663  -25.103  -94.678  -17.210 0.6000000238
1593  -25.453  -94.671  -15.716 0.6000000238
1918  -25.271  -94.513  -15.008 0.6999999881
1602  -25.924  -94.521  -15.892 0.6000000238
1594  -26.170  -94.433  -15.389 0.6999999881
3119  -18.144  -88.850  -18.996 0.6000000238
3557  -18.758  -89.673  -19.218 0.6000000238
3120  -19.429  -90.216  -18.854 0.6000000238
3565  -19.009  -89.076  -20.082 0.5000000000
3566  -19.292  -89.797  -20.542 0.5000000000
3129  -19.659  -90.103  -19.821 0.6000000238
2666  -20.350  -90.801  -21.320 0.5000000000
115154  -20.052  -90.317  -20.640 0.5000000000
3140  -20.910  -90.766  -20.591 0.5000000000
2679  -21.231  -91.951  -21.360 0.5000000000
2667  -21.093  -91.329  -21.126 0.5000000000
2680  -21.795  -91.997  -20.976 0.5000000000
2641  -22.383  -91.838  -14.988 0.6999999881
2251  -23.839  -92.386  -14.859 0.6000000238
2619  -24.122  -91.841  -13.974 0.8000000119
113824  -22.315  -92.493  -20.157 0.5000000000
122709  -23.390  -93.045  -19.085 0.5000000000
1935  -24.730  -93.452  -18.434 0.6000000238
129395  -24.284  -93.179  -14.925 0.6999999881
2252  -24.606  -92.808  -14.255 0.6999999881
127801  -25.007  -94.284  -17.935 0.6000000238
1910  -26.629  -93.980  -14.291 0.6999999881
1618  -25.683  -93.810  -17.598 0.6000000238
1610  -26.599  -93.791  -16.513 0.6000000238
1925  -27.229  -93.696  -15.973 0.6999999881
1919  -27.522  -93.665  -14.926 0.6999999881
1903  -27.854  -93.372  -13.348 0.6000000238
4038  -17.476  -88.211  -18.697 0.5000000000
3109  -18.817  -90.290  -18.079 0.6000000238
3121  -20.274  -90.350  -18.827 0.6000000238
3130  -20.603  -90.497  -19.693 0.6000000238
2668  -21.848  -91.657  -20.770 0.5000000000
3142  -22.863  -91.178  -20.209 0.6000000238
2630  -22.478  -91.583  -14.344 0.6999999881
2669  -22.859  -91.704  -20.305 0.5000000000
3143  -24.011  -90.980  -20.089 0.5000000000
3077  -23.831  -91.290  -13.168 0.5000000000
3049  -22.783  -90.789  -11.586 0.6000000238
2288  -23.257  -92.003  -20.214 0.6000000238
2281  -24.781  -91.938  -19.732 0.5000000000
122459  -25.112  -92.466  -13.479 0.6000000238
1943  -25.141  -92.421  -18.979 0.5000000000
2253  -25.468  -93.392  -13.828 0.6999999881
112236  -26.143  -92.913  -13.228 0.6000000238
1936  -26.301  -93.062  -18.209 0.5000000000
2243  -27.176  -93.266  -13.081 0.6000000238
2236  -27.798  -92.778  -12.699 0.6000000238
1937  -27.068  -93.005  -17.988 0.5000000000
1931  -27.568  -92.611  -17.431 0.6000000238
1920  -28.465  -93.127  -14.744 0.5000000000
2270  -29.022  -91.803  -16.068 0.5000000000
2622  -29.027  -91.874  -13.973 0.5000000000
3538  -17.150  -89.648  -17.306 0.6000000238
3108  -18.257  -89.927  -18.394 0.6000000238
3537  -16.419  -88.613  -17.296 0.4000000060
3064  -23.224  -91.038  -12.462 0.6000000238
2670  -24.277  -91.544  -20.029 0.5000000000
2606  -24.910  -91.625  -12.945 0.5000000000
2282  -25.721  -91.825  -19.697 0.5000000000
2620  -25.775  -92.198  -12.903 0.5000000000
114338  -25.294  -91.122  -12.148 0.5000000000
3051  -24.887  -90.604  -11.596 0.5000000000
2292  -26.597  -91.519  -19.949 0.5000000000
2608  -26.848  -92.426  -12.523 0.5000000000
2609  -27.566  -91.939  -12.260 0.5000000000
2284  -27.110  -91.872  -19.293 0.6000000238
2658  -28.270  -91.338  -18.048 0.6000000238
134579  -28.557  -92.766  -13.658 0.5000000000
2610  -28.236  -92.092  -12.603 0.6000000238
2653  -28.701  -91.455  -17.415 0.6000000238
2654  -29.285  -91.208  -16.916 0.5000000000
2672  -25.754  -91.004  -20.357 0.5000000000
3052  -25.808  -90.432  -11.377 0.5000000000
2291  -26.136  -91.455  -20.111 0.5000000000
2673  -26.448  -91.116  -20.350 0.5000000000
3067  -27.166  -91.080  -11.903 0.5000000000
3499  -26.232  -89.838  -10.884 0.5000000000
3486  -26.543  -89.063  -10.471 0.5000000000
3955  -26.017  -88.168  -10.093 0.5000000000
5619  -26.820  -85.840  -9.012 0.5000000000
3134  -27.274  -90.751  -19.598 0.6000000238
3135  -27.964  -90.469  -18.673 0.6000000238
3069  -28.315  -91.026  -12.428 0.5000000000
3124  -28.606  -90.619  -18.238 0.6000000238
3515  -28.780  -89.452  -13.028 0.5000000000
3126  -30.202  -89.644  -17.905 0.5000000000
3113  -30.165  -89.813  -17.170 0.5000000000
126170  -25.868  -89.032  -19.217 0.5000000000
121136  -27.026  -89.791  -11.005 0.5000000000
129610  -27.269  -89.280  -10.865 0.5000000000
3971  -26.664  -88.262  -10.483 0.5000000000
5087  -26.357  -86.779  -9.571 0.5000000000
4073  -26.100  -89.406  -20.022 0.5000000000
4064  -27.071  -89.293  -18.781 0.6000000238
3055  -27.954  -90.307  -11.858 0.5000000000
3487  -27.682  -89.066  -11.154 0.5000000000
5109  -26.878  -86.940  -10.315 0.5000000000
5088  -27.184  -86.170  -9.925 0.5000000000
5620  -27.753  -85.312  -9.193 0.5000000000
3136  -29.023  -89.775  -18.510 0.5000000000
3508  -28.400  -90.013  -12.301 0.5000000000
3998  -28.455  -88.593  -12.727 0.5000000000
4627  -25.810  -88.049  -18.854 0.5000000000
4538  -27.949  -87.361  -11.606 0.5000000000
4527  -27.718  -87.374  -11.198 0.5000000000
5634  -28.136  -85.908  -10.207 0.5000000000
5622  -29.365  -85.110  -9.708 0.4000000060
134018  -28.376  -86.589  -11.012 0.4000000060
7179  -15.148  -82.867  -9.737 0.4000000060
134359  -12.387  -74.183  -1.585 0.5000000000
12777  -10.982  -73.841  0.749 0.5000000000
12778  -11.531  -73.578  0.203 0.5000000000
13492  -9.768  -73.270  1.520 0.5000000000
13493  -10.523  -73.377  1.043 0.5000000000
134483  -11.781  -74.084  -0.799 0.5000000000
14914  -5.213  -70.430  1.862 0.5000000000
16413  -6.172  -68.179  2.282 0.5000000000
3578  -25.913  -89.864  -20.377 0.5000000000
134341  -26.015  -90.773  -20.507 0.5000000000
1274  -23.873  -95.382  -16.793 0.6000000238
1628  -22.943  -93.847  -18.782 0.6000000238
1267  -24.948  -94.856  -16.517 0.6000000238
117021  -25.484  -93.179  -18.343 0.6000000238
1595  -26.587  -94.124  -15.474 0.6999999881
133626  -19.236  -89.766  -19.666 0.6000000238
2289  -24.191  -91.860  -19.953 0.5000000000
1929  -26.443  -93.511  -17.319 0.6000000238
1926  -28.158  -93.190  -15.581 0.6000000238
2269  -28.552  -92.443  -16.078 0.6000000238
3076  -22.519  -91.252  -13.052 0.6999999881
124607  -24.876  -91.614  -19.896 0.5000000000
2275  -26.777  -92.458  -18.815 0.5000000000
2277  -27.993  -91.930  -17.651 0.6000000238
2272  -28.611  -91.823  -16.816 0.6000000238
118163  -28.702  -92.690  -15.291 0.5000000000
3078  -28.742  -90.596  -13.032 0.5000000000
126924  -26.839  -91.660  -12.105 0.5000000000
3053  -26.696  -90.410  -11.391 0.5000000000
2674  -27.027  -91.278  -19.983 0.5000000000
3112  -29.707  -90.307  -17.392 0.5000000000
3579  -26.356  -90.124  -20.277 0.5000000000
114423  -27.717  -89.976  -18.811 0.5000000000
3570  -26.925  -89.878  -19.282 0.5000000000
3972  -27.225  -88.675  -10.742 0.5000000000
127069  -28.044  -88.820  -11.584 0.5000000000
4537  -27.682  -88.199  -11.266 0.5000000000
5621  -28.690  -85.257  -9.558 0.5000000000
128162  -28.085  -88.141  -12.101 0.4000000060
5635  -29.013  -85.614  -10.487 0.4000000060
128594  -22.486  -90.992  -7.297 0.5000000000
3451  -21.755  -89.893  -7.728 0.6000000238
3467  -22.466  -89.678  -9.175 0.6000000238
3032  -21.695  -90.201  -8.861 0.6000000238
2219  -21.064  -91.965  -9.751 0.4000000060
3951  -22.910  -88.957  -8.834 0.4000000060
3469  -24.050  -89.202  -9.798 0.4000000060
3468  -23.301  -89.392  -9.523 0.5000000000
3033  -22.080  -90.286  -9.673 0.6000000238
3483  -23.638  -89.788  -10.280 0.5000000000
3497  -24.291  -90.168  -10.953 0.4000000060
121604  -21.247  -90.829  -9.698 0.5000000000
3050  -23.805  -90.692  -11.653 0.5000000000
3048  -21.823  -90.983  -11.234 0.6000000238
2617  -22.097  -91.479  -13.739 0.6000000238
2629  -21.823  -91.784  -14.445 0.6000000238
126129  -21.582  -92.545  -15.561 0.6000000238
2268  -22.852  -92.956  -15.852 0.6000000238
2266  -21.186  -93.020  -15.801 0.6000000238
1924  -22.462  -93.904  -16.076 0.5000000000
1600  -22.165  -94.808  -16.415 0.5000000000
126745  -21.891  -95.708  -16.937 0.4000000060
985  -22.115  -95.548  -17.345 0.5000000000
6155  -29.176  -84.875  -8.811 0.3000000119
1298  -21.146  -95.084  -18.988 0.4000000060
9063  -18.312  -79.681  -14.637 0.4000000060
8459  -18.338  -80.695  -14.443 0.4000000060
7802  -17.705  -81.567  -15.041 0.5000000000
16515  -9.883  -68.057  -7.466 0.5000000000
17316  -10.112  -67.631  -6.613 0.5000000000
17330  -10.585  -67.749  -7.562 0.5000000000
17317  -11.213  -67.413  -6.711 0.4000000060
125354  -10.052  -65.753  -5.520 0.4000000060
119477  -13.445  -65.251  -9.077 0.4000000060
121157  -9.492  -64.857  -5.575 0.4000000060
18891  -10.561  -65.080  -5.612 0.4000000060
18892  -11.662  -65.222  -5.692 0.4000000060
19631  -8.897  -64.058  -5.311 0.4000000060
118072  -9.896  -64.119  -5.698 0.4000000060
18905  -13.559  -65.085  -7.680 0.4000000060
20380  -9.270  -63.293  -5.238 0.4000000060
120633  -10.372  -63.225  -5.812 0.4000000060
21201  -13.581  -62.406  -7.300 0.4000000060
115509  -9.510  -62.359  -5.124 0.4000000060
122767  -10.305  -62.235  -5.618 0.4000000060
21186  -8.909  -61.946  -3.905 0.4000000060
21189  -9.843  -61.396  -5.034 0.4000000060
21182  -11.536  -61.705  -3.188 0.3000000119
21994  -10.441  -61.023  -3.618 0.4000000060
21165  -14.169  -62.237  -2.376 0.3000000119
21996  -13.224  -61.790  -3.613 0.3000000119
22837  -11.078  -60.435  -3.915 0.3000000119
21995  -11.915  -61.229  -3.373 0.3000000119
18142  -12.620  -66.501  -7.599 0.4000000060
18143  -13.189  -65.840  -7.301 0.4000000060
18132  -12.068  -66.189  -5.905 0.4000000060
17318  -11.994  -67.158  -7.404 0.4000000060
18898  -12.724  -65.345  -6.113 0.4000000060
19633  -12.269  -64.380  -5.947 0.4000000060
19652  -14.002  -63.714  -8.605 0.4000000060
19644  -13.347  -64.421  -6.570 0.4000000060
20391  -12.576  -63.435  -6.285 0.4000000060
20381  -11.565  -63.599  -5.995 0.4000000060
2970  -31.994  -91.586  -2.414 0.3000000119
114327  -31.574  -90.598  -2.609 0.3000000119
2140  -31.326  -92.335  -2.201 0.4000000060
2981  -30.853  -91.729  -3.304 0.3000000119
121640  -30.685  -90.642  -3.106 0.4000000060
2157  -30.057  -92.527  -3.498 0.3000000119
2538  -30.252  -92.071  -3.688 0.3000000119
2980  -30.152  -91.238  -3.691 0.4000000060
1817  -28.329  -93.671  -3.651 0.3000000119
2549  -29.028  -92.138  -4.582 0.3000000119
2990  -28.703  -91.188  -4.262 0.3000000119
2166  -28.944  -92.881  -4.565 0.3000000119
2559  -28.413  -92.541  -5.083 0.3000000119
2548  -28.174  -91.670  -4.840 0.3000000119
2177  -28.489  -93.115  -5.140 0.3000000119
2558  -27.646  -92.166  -5.480 0.3000000119
2557  -26.659  -91.644  -5.772 0.3000000119
1835  -27.597  -93.609  -5.982 0.3000000119
2569  -27.225  -92.598  -6.186 0.3000000119
3009  -25.970  -91.495  -6.298 0.3000000119
1493  -25.985  -94.636  -5.186 0.3000000119
1510  -27.156  -94.246  -5.614 0.3000000119
1845  -27.138  -93.401  -6.522 0.3000000119
2196  -26.256  -92.565  -7.233 0.3000000119
2567  -25.608  -91.735  -6.956 0.3000000119
1509  -26.334  -94.369  -5.886 0.4000000060
3414  -29.639  -90.111  -3.259 0.3000000119
2139  -30.782  -92.416  -2.350 0.4000000060
2979  -29.176  -90.709  -3.737 0.4000000060
2145  -30.128  -92.652  -2.972 0.3000000119
2989  -27.775  -90.647  -4.420 0.4000000060
1827  -28.457  -93.578  -4.469 0.3000000119
2999  -26.595  -90.703  -5.308 0.4000000060
121034  -25.924  -90.674  -5.782 0.4000000060
1480  -27.367  -94.498  -3.905 0.3000000119
129092  -25.483  -91.039  -6.297 0.4000000060
1478  -26.045  -94.494  -3.621 0.3000000119
1479  -26.613  -94.579  -3.617 0.4000000060
2566  -24.678  -91.312  -7.084 0.4000000060
2576  -25.102  -92.122  -7.502 0.3000000119
1469  -26.277  -94.593  -2.564 0.3000000119
3404  -30.716  -89.472  -2.562 0.3000000119
3403  -29.993  -89.465  -2.805 0.3000000119
114725  -31.493  -89.318  -2.277 0.3000000119
3413  -28.736  -89.552  -3.442 0.3000000119
3881  -28.303  -88.456  -3.458 0.3000000119
2962  -29.038  -91.503  -1.457 0.4000000060
129349  -27.963  -89.227  -3.584 0.3000000119
3880  -27.545  -88.422  -3.777 0.3000000119
2138  -28.389  -92.788  -2.330 0.3000000119
2527  -29.248  -92.632  -2.672 0.4000000060
3412  -27.340  -89.507  -3.995 0.4000000060
3893  -26.304  -88.253  -4.476 0.3000000119
3433  -26.172  -89.930  -5.060 0.4000000060
3906  -25.047  -88.850  -5.068 0.4000000060
2130  -27.678  -93.875  -0.800 0.3000000119
3432  -25.468  -89.722  -5.338 0.4000000060
3905  -24.411  -88.607  -5.453 0.4000000060
113147  -27.498  -94.167  -3.110 0.3000000119
1789  -27.435  -94.575  -0.514 0.3000000119
3443  -23.261  -89.660  -6.262 0.4000000060
3918  -22.913  -88.267  -6.661 0.5000000000
1797  -27.329  -94.268  -1.403 0.3000000119
3007  -22.862  -90.440  -6.715 0.4000000060
3006  -22.441  -89.746  -6.710 0.4000000060
3928  -21.899  -89.140  -7.844 0.5000000000
1796  -25.488  -94.275  -2.137 0.3000000119
3869  -30.051  -88.374  -2.782 0.3000000119
3870  -30.829  -88.324  -2.461 0.3000000119
133785  -28.307  -91.482  0.261 0.4000000060
4444  -26.155  -87.365  -4.689 0.4000000060
5029  -24.399  -86.806  -5.779 0.4000000060
2499  -28.084  -92.101  -0.460 0.4000000060
4454  -23.427  -87.911  -6.044 0.4000000060
4474  -23.407  -87.451  -6.730 0.5000000000
4499  -24.122  -87.430  -8.499 0.4000000060
2122  -27.881  -93.172  -0.117 0.3000000119
4498  -23.377  -87.716  -8.069 0.4000000060
1767  -28.382  -94.456  1.098 0.3000000119
3952  -23.765  -88.739  -9.255 0.4000000060
3970  -25.505  -88.714  -10.082 0.4000000060
1440  -27.143  -94.804  -0.415 0.3000000119
1143  -26.486  -94.812  -0.910 0.3000000119
1142  -25.913  -94.813  -0.736 0.3000000119
4433  -27.958  -87.557  -3.758 0.3000000119
4445  -27.091  -87.518  -4.267 0.3000000119
124662  -25.938  -86.703  -5.066 0.3000000119
2500  -28.281  -92.461  0.570 0.4000000060
5054  -24.336  -86.365  -6.998 0.5000000000
4500  -24.957  -87.216  -8.737 0.4000000060
2105  -29.058  -93.055  1.625 0.4000000060
3954  -25.299  -87.932  -9.314 0.4000000060
1391  -28.265  -94.348  3.220 0.3000000119
121636  -29.077  -93.981  1.780 0.3000000119
1416  -28.139  -94.856  1.434 0.3000000119
1118  -26.947  -95.000  0.702 0.3000000119
1423  -24.766  -95.060  0.429 0.3000000119
1117  -26.341  -95.032  0.439 0.3000000119
5009  -26.676  -86.768  -4.800 0.3000000119
5568  -25.744  -86.236  -5.689 0.4000000060
5583  -24.818  -86.102  -7.522 0.4000000060
131377  -28.119  -94.093  3.710 0.3000000119
1736  -27.503  -94.215  3.645 0.3000000119
1108  -27.747  -95.152  1.974 0.3000000119
1085  -26.895  -95.171  3.223 0.3000000119
116760  -26.372  -95.402  1.541 0.3000000119
1750  -26.446  -93.769  3.413 0.3000000119
1388  -25.799  -95.171  3.551 0.3000000119
1084  -26.217  -95.371  3.398 0.3000000119
1083  -25.600  -95.793  3.395 0.3000000119
1106  -25.640  -95.957  2.446 0.3000000119
5586  -26.927  -85.388  -7.302 0.3000000119
5585  -26.202  -85.439  -7.619 0.4000000060
1404  -24.937  -95.090  3.596 0.3000000119
1387  -24.155  -95.665  3.751 0.3000000119
113390  -28.343  -86.785  -6.107 0.3000000119
5578  -27.817  -85.875  -6.881 0.3000000119
6127  -27.508  -85.018  -7.844 0.3000000119
4475  -29.066  -87.319  -6.797 0.3000000119
5055  -28.462  -85.522  -7.285 0.3000000119
5588  -29.608  -85.702  -7.680 0.3000000119
17302  -9.698  -67.092  -5.874 0.5000000000
22835  -9.982  -60.757  -3.920 0.5000000000
22006  -9.678  -61.065  -3.926 0.4000000060
18131  -10.405  -66.632  -5.625 0.4000000060
3062  -21.810  -91.520  -11.975 0.6000000238
118068  -22.459  -90.595  -10.919 0.5000000000
3485  -25.704  -89.355  -10.523 0.4000000060
5086  -25.693  -87.141  -9.041 0.4000000060
5066  -26.012  -86.286  -8.759 0.4000000060
5602  -27.220  -85.174  -8.383 0.4000000060
6144  -28.608  -84.792  -8.252 0.3000000119
16529  -10.659  -68.127  -8.564 0.5000000000
17332  -12.151  -67.110  -8.491 0.4000000060
2158  -30.659  -92.307  -3.090 0.3000000119
123382  -27.738  -94.095  -5.339 0.3000000119
127481  -26.862  -94.616  -4.327 0.3000000119
2521  -29.983  -92.371  -2.176 0.4000000060
2997  -24.311  -90.015  -5.995 0.4000000060
128837  -28.470  -91.725  -1.204 0.4000000060
2519  -28.157  -92.420  -1.419 0.3000000119
125164  -27.396  -93.963  -2.239 0.3000000119
118714  -24.780  -88.115  -5.197 0.4000000060
1425  -27.700  -94.752  0.406 0.3000000119
5063  -23.979  -87.094  -7.931 0.4000000060
1132  -26.775  -94.862  -0.308 0.3000000119
121684  -26.182  -85.576  -6.935 0.4000000060
1752  -29.674  -93.439  3.645 0.3000000119
1116  -25.498  -95.506  1.266 0.3000000119
5576  -26.662  -85.744  -6.573 0.3000000119
112960  -24.985  -95.812  3.593 0.3000000119
1599  -21.321  -94.858  -16.414 0.5000000000
1915  -20.120  -93.738  -15.450 0.5000000000
2258  -20.118  -93.089  -15.087 0.5000000000
1901  -21.208  -92.722  -13.822 0.5000000000
2597  -21.533  -91.977  -11.862 0.4000000060
4051  -26.518  -88.560  -18.597 0.4000000060
2580  -21.754  -91.510  -8.412 0.5000000000
2581  -22.528  -91.919  -8.202 0.3000000119
2209  -24.919  -93.112  -8.284 0.3000000119
2575  -23.288  -91.777  -7.763 0.4000000060
1523  -26.192  -93.999  -6.712 0.3000000119
2195  -25.894  -92.955  -7.595 0.3000000119
2088  -29.548  -93.409  2.670 0.3000000119
130574  -30.159  -92.144  3.420 0.3000000119
2486  -28.624  -91.639  1.409 0.3000000119
2522  -30.883  -92.309  -1.871 0.3000000119
110717  -30.665  -90.978  4.793 0.3000000119
2921  -28.712  -90.428  1.673 0.3000000119
2950  -28.567  -91.044  -0.546 0.3000000119
2951  -29.262  -90.740  -0.767 0.3000000119
3383  -28.882  -90.025  -0.192 0.3000000119
2909  -29.452  -90.307  3.000 0.3000000119
121915  -29.014  -89.502  1.960 0.3000000119
2930  -28.491  -90.598  0.472 0.3000000119
3368  -29.227  -89.143  0.254 0.3000000119
2963  -29.987  -91.701  -1.378 0.3000000119
2514  -31.861  -91.627  -1.065 0.3000000119
3343  -29.682  -89.214  3.454 0.3000000119
115469  -31.174  -90.990  -0.671 0.3000000119
3385  -30.398  -89.913  -0.468 0.3000000119
984  -21.091  -95.982  -17.684 0.3000000119
2589  -21.186  -91.744  -10.675 0.5000000000
2604  -21.665  -92.017  -12.966 0.4000000060
2242  -20.785  -92.816  -14.321 0.5000000000
2194  -24.556  -92.638  -8.019 0.3000000119
20398  -14.212  -63.194  -9.033 0.3000000119
20397  -14.042  -63.139  -7.812 0.3000000119
21190  -10.654  -61.481  -5.703 0.3000000119
125011  -21.777  -95.580  -16.686 0.4000000060
1263  -19.571  -95.058  -14.863 0.4000000060
938  -21.012  -96.380  -9.489 0.4000000060
1544  -20.571  -95.225  -11.204 0.4000000060
1557  -20.565  -94.885  -12.007 0.4000000060
1571  -21.114  -94.338  -13.067 0.4000000060
116800  -19.505  -94.331  -13.263 0.4000000060
2241  -19.912  -93.218  -14.247 0.4000000060
1900  -20.290  -93.215  -13.867 0.4000000060
672  -21.974  -97.644  -8.567 0.3000000119
939  -22.183  -96.508  -9.935 0.4000000060
1237  -22.848  -96.221  -12.245 0.4000000060
1584  -19.296  -94.313  -14.428 0.4000000060
1229  -21.088  -95.596  -10.808 0.4000000060
114474  -19.714  -94.996  -11.817 0.4000000060
681  -21.696  -97.096  -9.144 0.3000000119
1230  -22.367  -96.364  -11.641 0.4000000060
1236  -21.802  -95.718  -11.941 0.4000000060
1896  -20.058  -93.748  -13.319 0.4000000060
1558  -22.234  -95.324  -12.419 0.4000000060
1891  -21.751  -94.308  -12.706 0.4000000060
663  -22.435  -97.849  -7.876 0.3000000119
682  -22.366  -96.835  -9.236 0.3000000119
954  -23.177  -96.544  -11.870 0.3000000119
929  -22.834  -96.513  -9.415 0.3000000119
1545  -23.495  -94.833  -11.990 0.3000000119
124203  -22.781  -93.870  -11.320 0.3000000119
1559  -22.905  -95.144  -12.394 0.3000000119
1867  -22.941  -93.582  -10.241 0.3000000119
2220  -21.909  -92.692  -9.492 0.3000000119
1866  -21.752  -92.906  -10.356 0.3000000119
1890  -22.327  -93.907  -12.315 0.3000000119
1880  -21.828  -93.068  -11.251 0.3000000119
112560  -21.578  -93.013  -13.044 0.3000000119
126055  -18.508  -90.141  -0.441 0.3000000119
3379  -18.927  -89.534  -0.722 0.3000000119
2474  -26.784  -91.880  3.057 0.3000000119
3857  -20.777  -88.578  -1.459 0.3000000119
3395  -22.240  -89.107  -1.439 0.3000000119
3380  -23.465  -89.567  -1.046 0.3000000119
3381  -24.272  -89.468  -0.615 0.3000000119
2949  -25.008  -89.807  -0.096 0.3000000119
2929  -26.112  -90.140  1.308 0.3000000119
2907  -26.615  -90.117  2.199 0.3000000119
118333  -27.217  -90.053  3.149 0.3000000119
3859  -22.475  -88.315  -1.265 0.3000000119
3847  -23.703  -88.719  -0.975 0.3000000119
3848  -24.445  -88.509  -0.611 0.3000000119
3382  -24.900  -89.080  -0.306 0.3000000119
118661  -26.019  -88.765  0.809 0.3000000119
1232  -23.761  -95.962  -11.854 0.3000000119
2944  -19.937  -90.625  -0.704 0.3000000119
2947  -23.056  -90.403  -1.009 0.3000000119
2959  -21.110  -90.143  -1.334 0.3000000119
3393  -20.531  -89.472  -1.416 0.3000000119
2960  -22.095  -90.083  -1.349 0.3000000119
2961  -22.787  -89.627  -1.274 0.3000000119
4402  -23.813  -87.802  -0.831 0.3000000119
462  -22.060  -98.198  -8.027 0.3000000119
673  -22.385  -97.348  -8.453 0.3000000119
940  -22.950  -96.412  -10.651 0.3000000119
950  -21.602  -96.113  -10.341 0.4000000060
978  -22.481  -95.547  -17.013 0.5000000000
1000  -21.562  -95.426  -18.544 0.5000000000
1082  -24.997  -96.333  3.475 0.3000000119
1096  -25.603  -96.036  3.119 0.3000000119
1097  -26.264  -95.609  3.104 0.3000000119
1107  -27.085  -95.279  1.738 0.3000000119
1119  -27.257  -94.866  0.186 0.3000000119
1131  -26.334  -94.894  -0.395 0.3000000119
1221  -20.399  -95.672  -9.696 0.4000000060
1231  -23.358  -96.192  -12.227 0.3000000119
1238  -23.558  -95.675  -12.167 0.3000000119
1266  -24.702  -94.923  -16.253 0.6000000238
1273  -22.730  -95.397  -16.644 0.4000000060
1288  -22.367  -95.271  -18.321 0.5000000000
1300  -22.617  -94.800  -18.529 0.5000000000
1389  -26.723  -94.848  3.465 0.3000000119
1390  -27.522  -94.591  3.423 0.3000000119
1403  -24.190  -94.826  3.331 0.3000000119
1405  -27.641  -94.916  2.815 0.3000000119
1417  -28.339  -94.710  2.327 0.3000000119
1424  -25.616  -94.923  0.180 0.3000000119
1439  -26.767  -94.777  -0.855 0.3000000119
1453  -25.120  -94.316  -1.242 0.3000000119
1454  -26.136  -94.781  -1.493 0.3000000119
1456  -27.009  -94.698  -1.079 0.3000000119
1470  -26.970  -94.387  -1.980 0.3000000119
1494  -26.671  -94.553  -5.028 0.3000000119
1495  -27.324  -94.441  -4.810 0.3000000119
1556  -20.014  -95.107  -11.166 0.4000000060
1570  -19.886  -94.412  -12.632 0.4000000060
1580  -19.208  -94.352  -13.869 0.4000000060
1585  -26.069  -94.448  -14.923 0.6999999881
1586  -26.674  -94.041  -14.866 0.6999999881
1589  -19.586  -94.246  -15.027 0.5000000000
1591  -23.898  -94.902  -15.829 0.6000000238
1592  -24.706  -94.804  -15.757 0.6000000238
1598  -20.813  -95.552  -16.265 0.4000000060
1603  -26.434  -94.198  -15.987 0.6000000238
1608  -24.541  -94.916  -17.394 0.6000000238
1609  -25.852  -94.228  -16.665 0.6000000238
1629  -23.864  -93.659  -18.555 0.6000000238
1640  -20.941  -93.947  -21.310 0.4000000060
1732  -29.656  -93.162  4.315 0.3000000119
1735  -26.586  -94.401  3.557 0.3000000119
1748  -24.631  -94.186  2.838 0.3000000119
1751  -29.057  -94.097  2.791 0.3000000119
1768  -28.686  -94.490  1.875 0.3000000119
1779  -27.926  -94.263  0.160 0.3000000119
1816  -28.027  -94.255  -3.990 0.3000000119
1826  -27.955  -94.220  -4.644 0.3000000119
1834  -26.880  -93.912  -6.313 0.3000000119
1836  -28.164  -93.618  -5.340 0.3000000119
1843  -25.947  -93.524  -7.428 0.3000000119
1844  -26.679  -93.529  -6.965 0.3000000119
1851  -26.444  -93.084  -7.325 0.3000000119
1856  -25.170  -93.309  -7.957 0.3000000119
1897  -21.051  -93.457  -13.455 0.4000000060
1899  -19.548  -93.694  -13.803 0.4000000060
1902  -27.177  -93.666  -13.683 0.6000000238
1904  -28.327  -93.104  -13.591 0.5000000000
1907  -19.433  -93.707  -14.259 0.4000000060
1908  -24.958  -93.843  -14.486 0.6999999881
1909  -25.835  -94.124  -14.322 0.6999999881
1911  -27.370  -93.735  -14.141 0.6000000238
1912  -28.124  -93.425  -14.044 0.5000000000
1914  -19.616  -93.655  -14.800 0.4000000060
1916  -23.392  -94.023  -15.718 0.6000000238
1922  -20.732  -94.353  -15.988 0.5000000000
1923  -21.457  -93.857  -16.186 0.5000000000
1930  -27.123  -93.244  -16.954 0.6999999881
1942  -24.237  -92.704  -19.084 0.6000000238
1944  -26.006  -92.430  -18.994 0.5000000000
1951  -23.550  -92.329  -19.787 0.5000000000
1957  -21.027  -93.439  -21.543 0.4000000060
2075  -27.289  -93.707  3.713 0.3000000119
2123  -28.482  -93.664  0.837 0.4000000060
2137  -27.746  -93.360  -1.718 0.3000000119
2143  -27.981  -93.516  -2.758 0.3000000119
2144  -28.871  -93.037  -3.236 0.3000000119
2146  -30.915  -92.351  -2.559 0.4000000060
2156  -29.273  -93.056  -3.834 0.3000000119
2167  -29.606  -92.470  -4.055 0.3000000119
2176  -28.041  -92.973  -5.822 0.3000000119
2186  -26.919  -92.928  -6.859 0.3000000119
2187  -27.446  -93.091  -6.343 0.3000000119
2206  -21.449  -91.892  -9.042 0.3000000119
2207  -22.286  -92.315  -8.772 0.3000000119
2208  -23.516  -92.559  -8.517 0.3000000119
2218  -20.955  -91.796  -10.142 0.5000000000
2227  -21.277  -92.235  -10.529 0.5000000000
2231  -21.606  -92.557  -11.641 0.3000000119
2237  -28.286  -92.845  -13.127 0.5000000000
2248  -19.829  -93.279  -14.606 0.4000000060
2249  -20.381  -92.876  -14.725 0.5000000000
2250  -21.198  -92.366  -14.633 0.5000000000
2254  -26.447  -93.677  -13.693 0.6000000238
2255  -28.958  -92.479  -14.802 0.5000000000
2259  -20.564  -93.118  -15.509 0.5000000000
2260  -21.663  -92.134  -15.099 0.6000000238
2261  -22.269  -92.337  -15.568 0.6000000238
2262  -23.087  -92.260  -15.380 0.6999999881
2267  -21.966  -92.986  -16.010 0.6000000238
2276  -27.376  -92.351  -18.372 0.5000000000
2283  -26.406  -91.907  -19.572 0.5000000000
2290  -25.601  -91.455  -20.058 0.5000000000
2297  -20.916  -92.509  -21.700 0.5000000000
2298  -21.212  -92.560  -21.384 0.5000000000
2476  -30.323  -91.279  3.810 0.3000000119
2513  -27.813  -92.915  -0.895 0.4000000060
2520  -28.777  -92.125  -1.959 0.4000000060
2528  -31.380  -92.131  -2.685 0.3000000119
2537  -29.607  -91.720  -4.105 0.4000000060
2565  -23.561  -91.155  -7.097 0.4000000060
2568  -26.455  -92.215  -6.599 0.3000000119
2574  -22.213  -91.402  -7.818 0.5000000000
2577  -25.700  -92.452  -7.454 0.3000000119
2584  -20.940  -91.411  -9.932 0.4000000060
2590  -21.225  -91.128  -10.458 0.5000000000
2605  -21.964  -91.548  -12.948 0.6000000238
2607  -25.973  -91.682  -12.359 0.5000000000
2616  -21.552  -92.011  -13.886 0.5000000000
2618  -23.055  -91.392  -13.774 0.6999999881
2621  -28.641  -92.346  -13.414 0.5000000000
2631  -23.187  -91.783  -14.644 0.6999999881
2657  -27.664  -91.817  -18.512 0.6000000238
2659  -29.112  -90.886  -17.665 0.6000000238
2662  -27.665  -91.231  -18.960 0.6000000238
2671  -25.221  -91.336  -20.038 0.5000000000
2908  -26.908  -90.890  2.950 0.3000000119
2928  -25.559  -90.009  0.569 0.3000000119
2948  -24.427  -90.376  -0.290 0.3000000119
2952  -30.999  -91.707  -1.282 0.3000000119
2969  -31.405  -91.427  -2.957 0.3000000119
2978  -28.210  -90.162  -3.777 0.4000000060
2988  -26.912  -90.209  -4.678 0.4000000060
2998  -25.158  -90.330  -5.888 0.4000000060
3000  -27.320  -91.165  -5.113 0.3000000119
3008  -24.932  -90.829  -6.509 0.4000000060
3019  -21.689  -90.773  -7.868 0.5000000000
3020  -22.057  -90.221  -7.145 0.4000000060
3026  -21.658  -90.363  -8.276 0.6000000238
3039  -21.754  -90.676  -10.389 0.5000000000
3040  -22.714  -90.274  -10.343 0.6000000238
3041  -23.312  -90.399  -10.961 0.5000000000
3047  -16.641  -90.738  -11.787 0.6999999881
3054  -27.422  -90.383  -11.591 0.5000000000
3061  -16.738  -90.838  -12.563 0.6999999881
3063  -22.253  -91.169  -12.201 0.6000000238
3065  -24.324  -91.047  -12.345 0.5000000000
3066  -26.208  -90.994  -11.868 0.5000000000
3068  -27.821  -91.150  -12.132 0.5000000000
3072  -15.813  -90.678  -13.257 0.6999999881
3073  -16.497  -90.824  -13.232 0.6999999881
3093  -17.566  -90.484  -15.523 0.6999999881
3095  -19.333  -90.099  -16.664 0.6999999881
3125  -29.547  -90.124  -18.032 0.5000000000
3145  -25.764  -90.368  -20.437 0.5000000000
3146  -26.175  -90.594  -20.481 0.5000000000
3147  -26.687  -90.739  -20.298 0.5000000000
3366  -25.474  -89.142  0.251 0.3000000119
3367  -25.945  -89.468  0.871 0.3000000119
3384  -29.583  -89.840  -0.400 0.3000000119
3392  -19.701  -89.727  -1.102 0.3000000119
3394  -21.402  -89.310  -1.518 0.3000000119
3396  -22.991  -88.911  -1.262 0.3000000119
3422  -25.779  -89.012  -4.779 0.4000000060
3423  -26.534  -89.239  -4.486 0.3000000119
3430  -23.911  -89.130  -5.759 0.4000000060
3431  -24.736  -89.462  -5.538 0.4000000060
3442  -22.539  -89.013  -6.606 0.4000000060
3452  -22.011  -89.408  -7.163 0.4000000060
3458  -21.767  -89.741  -8.174 0.6000000238
3459  -22.129  -89.327  -8.455 0.6000000238
3466  -17.097  -88.999  -9.686 0.6999999881
3478  -15.764  -89.717  -10.356 0.6999999881
3480  -17.798  -88.970  -10.134 0.6999999881
3482  -22.871  -89.890  -9.789 0.6000000238
3484  -24.734  -89.365  -10.349 0.4000000060
3492  -14.475  -89.905  -11.303 0.6999999881
3493  -15.316  -90.157  -11.105 0.6999999881
3495  -17.473  -90.244  -11.677 0.6999999881
3498  -25.268  -89.915  -10.975 0.4000000060
3500  -28.059  -89.516  -11.652 0.5000000000
3512  -17.822  -90.425  -12.923 0.6999999881
3528  -16.445  -90.008  -15.895 0.6999999881
3547  -17.703  -89.442  -18.119 0.5000000000
3560  -29.986  -89.507  -18.378 0.5000000000
3569  -26.170  -89.526  -19.739 0.5000000000
3577  -25.379  -89.424  -20.227 0.6000000238
3849  -25.152  -88.417  -0.208 0.3000000119
3882  -29.230  -88.654  -3.157 0.3000000119
3892  -25.460  -88.009  -4.833 0.4000000060
3894  -26.930  -88.557  -4.166 0.3000000119
3904  -23.795  -88.424  -5.728 0.4000000060
3919  -23.220  -88.707  -6.092 0.4000000060
3929  -22.304  -88.613  -7.308 0.5000000000
3933  -15.513  -87.900  -8.678 0.6999999881
3934  -16.409  -87.999  -8.611 0.6999999881
3936  -22.575  -88.452  -8.129 0.5000000000
3937  -23.444  -88.185  -8.607 0.4000000060
3938  -24.330  -88.098  -9.003 0.4000000060
3946  -14.496  -88.825  -9.592 0.6999999881
3948  -16.790  -88.593  -9.087 0.6999999881
3953  -24.634  -88.647  -9.641 0.4000000060
3965  -13.263  -88.814  -10.326 0.6999999881
3966  -13.897  -89.149  -10.086 0.6999999881
3968  -18.619  -88.654  -10.371 0.6000000238
3981  -11.337  -88.215  -11.808 0.6000000238
3983  -12.996  -88.921  -11.131 0.6999999881
3990  -10.332  -87.584  -12.789 0.5000000000
3991  -10.970  -87.964  -12.396 0.6000000238
3992  -11.584  -88.468  -12.314 0.6000000238
4002  -11.712  -88.240  -13.050 0.5000000000
4005  -18.832  -88.882  -12.944 0.6999999881
4011  -13.959  -88.330  -14.131 0.6000000238
4012  -14.407  -88.783  -14.601 0.6999999881
4014  -19.481  -88.403  -14.147 0.6000000238
4031  -20.655  -87.941  -16.982 0.6999999881
4061  -24.800  -87.668  -19.913 0.6000000238
4062  -25.146  -88.090  -19.965 0.6000000238
4063  -25.541  -88.838  -19.928 0.5000000000
4071  -25.013  -88.347  -20.100 0.6000000238
4455  -24.165  -87.748  -5.585 0.4000000060
4456  -24.900  -87.398  -5.264 0.4000000060
4473  -22.938  -87.932  -7.439 0.4000000060
4487  -23.514  -87.414  -7.540 0.5000000000
4495  -16.925  -87.305  -8.526 0.6000000238
4496  -17.797  -87.307  -8.694 0.6000000238
4497  -18.119  -86.737  -8.805 0.6000000238
4507  -14.527  -87.843  -9.047 0.6999999881
4508  -18.071  -87.880  -8.959 0.6000000238
4510  -25.893  -87.541  -9.632 0.5000000000
4520  -11.667  -87.520  -10.925 0.6999999881
4521  -12.255  -87.742  -10.461 0.6999999881
4523  -19.740  -87.316  -10.074 0.6000000238
4524  -20.243  -86.971  -10.473 0.6000000238
4525  -26.452  -87.548  -10.199 0.5000000000
4526  -27.151  -87.722  -10.752 0.5000000000
4533  -11.181  -87.658  -11.522 0.6999999881
4535  -20.654  -86.977  -11.010 0.6000000238
4556  -10.367  -87.380  -13.418 0.5000000000
4558  -12.479  -87.981  -13.631 0.5000000000
4561  -21.763  -87.363  -12.892 0.5000000000
4609  -23.455  -87.693  -17.712 0.4000000060
4639  -25.423  -88.249  -19.534 0.5000000000
5010  -27.389  -86.763  -4.662 0.3000000119
5028  -23.753  -87.270  -5.993 0.5000000000
5030  -25.215  -86.704  -5.427 0.3000000119
5032  -27.006  -86.145  -5.898 0.3000000119
5047  -23.958  -86.790  -6.459 0.5000000000
5048  -24.453  -86.339  -6.331 0.5000000000
5050  -28.254  -86.466  -6.658 0.3000000119
5053  -23.893  -86.918  -7.242 0.5000000000
5056  -28.880  -86.634  -7.076 0.3000000119
5060  -15.730  -86.749  -8.721 0.6999999881
5061  -16.502  -86.716  -8.707 0.6999999881
5064  -24.319  -86.581  -7.641 0.4000000060
5065  -25.336  -86.587  -8.602 0.4000000060
5083  -16.942  -86.342  -9.154 0.6000000238
5085  -19.287  -86.907  -9.518 0.6000000238
5104  -15.115  -85.871  -9.634 0.6999999881
5106  -18.609  -85.985  -10.205 0.6000000238
5107  -19.803  -86.652  -10.151 0.6000000238
5110  -27.590  -86.763  -10.681 0.5000000000
5116  -10.499  -87.146  -11.896 0.5000000000
5120  -16.150  -86.273  -11.261 0.6000000238
5123  -20.840  -86.443  -11.497 0.5000000000
5124  -21.356  -86.478  -12.073 0.6000000238
5135  -21.965  -86.552  -12.547 0.5000000000
5136  -22.596  -86.592  -13.093 0.5000000000
5147  -16.420  -86.301  -13.878 0.5000000000
5149  -18.172  -85.944  -12.915 0.5000000000
5168  -17.310  -86.376  -15.368 0.6000000238
5567  -24.964  -86.147  -5.950 0.4000000060
5574  -24.886  -85.944  -6.696 0.5000000000
5575  -25.652  -85.830  -6.417 0.4000000060
5577  -27.289  -85.777  -6.723 0.3000000119
5584  -25.490  -85.682  -7.226 0.4000000060
5587  -27.722  -85.331  -7.370 0.3000000119
5600  -25.487  -85.917  -8.098 0.4000000060
5601  -26.401  -85.533  -8.296 0.4000000060
5603  -27.975  -84.855  -8.335 0.3000000119
5629  -12.564  -85.993  -10.539 0.6000000238
5632  -15.622  -85.799  -10.527 0.6999999881
5633  -19.582  -85.958  -10.534 0.5000000000
5646  -20.114  -85.781  -11.097 0.5000000000
5648  -21.106  -86.033  -11.821 0.6000000238
5661  -20.807  -85.735  -12.083 0.6000000238
5673  -18.788  -85.815  -13.383 0.6000000238
5688  -15.686  -85.311  -14.272 0.5000000000
5724  -18.324  -85.857  -16.990 0.6000000238
5735  -16.961  -85.269  -17.591 0.6000000238
6126  -26.835  -85.172  -7.886 0.4000000060
6128  -28.260  -84.901  -7.830 0.3000000119
6129  -29.062  -84.863  -7.945 0.3000000119
6156  -29.976  -84.873  -9.509 0.4000000060
6237  -15.824  -83.960  -17.994 0.6000000238
6240  -19.591  -84.188  -18.601 0.5000000000
6251  -16.909  -83.775  -19.002 0.6000000238
6252  -17.474  -84.075  -19.194 0.6000000238
6253  -18.245  -84.361  -19.093 0.6000000238
6645  -16.384  -83.113  -9.834 0.5000000000
6652  -16.276  -83.556  -10.217 0.6000000238
6692  -14.920  -83.943  -14.258 0.5000000000
6706  -14.452  -83.227  -17.126 0.6000000238
6707  -15.074  -83.625  -17.552 0.6000000238
6710  -15.578  -83.140  -18.216 0.6000000238
6711  -16.376  -83.470  -18.526 0.6000000238
6712  -17.707  -83.569  -18.850 0.6000000238
6721  -20.080  -83.438  -18.306 0.5000000000
7210  -15.690  -83.232  -13.019 0.5000000000
7271  -13.930  -82.123  -15.650 0.6000000238
7288  -17.988  -82.860  -17.197 0.5000000000
7300  -16.823  -83.389  -18.415 0.6000000238
7308  -18.637  -83.396  -18.568 0.5000000000
7740  -16.430  -81.582  -9.314 0.6000000238
7801  -14.240  -81.672  -15.081 0.6000000238
7814  -13.897  -80.861  -15.873 0.5000000000
7841  -14.111  -81.817  -17.079 0.6000000238
8294  -15.555  -80.245  -4.775 0.5000000000
8342  -16.598  -80.159  -7.135 0.6000000238
8416  -16.168  -80.778  -11.154 0.6000000238
8427  -15.798  -80.787  -12.555 0.5000000000
8456  -14.162  -80.397  -14.946 0.6000000238
8478  -13.872  -80.484  -16.173 0.6000000238
8479  -14.455  -80.362  -16.608 0.6000000238
8482  -16.852  -81.299  -17.004 0.6000000238
8488  -15.490  -81.356  -17.512 0.6000000238
8971  -16.627  -79.586  -6.520 0.5000000000
9000  -16.849  -79.051  -8.168 0.6999999881
9034  -15.957  -80.134  -11.063 0.5000000000
9062  -13.940  -79.835  -14.875 0.6000000238
9069  -17.511  -79.633  -16.131 0.6000000238
9074  -13.856  -79.817  -16.126 0.5000000000
9527  -14.935  -78.753  -4.131 0.5000000000
9535  -13.704  -77.904  -4.647 0.6000000238
9536  -15.187  -78.473  -4.967 0.6000000238
9537  -15.874  -78.739  -5.424 0.6000000238
9538  -16.368  -79.097  -5.931 0.5000000000
9548  -14.362  -78.060  -5.473 0.6999999881
9551  -16.553  -78.807  -6.748 0.6999999881
9560  -15.506  -77.891  -6.915 0.6000000238
9561  -16.089  -77.850  -7.864 0.6999999881
9562  -16.579  -78.554  -7.569 0.6999999881
9581  -16.280  -77.839  -8.804 0.6999999881
9591  -16.324  -78.186  -9.586 0.6999999881
9601  -16.199  -78.593  -10.203 0.6000000238
9623  -11.094  -78.192  -12.392 0.6999999881
9624  -11.942  -78.240  -12.663 0.8000000119
9625  -13.554  -78.210  -12.945 0.6000000238
9643  -13.082  -78.695  -14.538 0.6000000238
9673  -12.638  -78.165  -15.176 0.5000000000
9674  -13.272  -78.545  -15.583 0.5000000000
9677  -17.006  -78.915  -16.073 0.5000000000
9687  -14.489  -79.122  -16.186 0.5000000000
10153  -13.021  -77.795  -3.204 0.6000000238
10174  -10.746  -77.154  -6.988 0.8000000119
10192  -9.664  -77.417  -8.264 0.8000000119
10193  -10.310  -77.261  -7.572 0.8000000119
10195  -14.360  -77.567  -7.203 0.6999999881
10217  -14.532  -77.396  -8.286 0.6000000238
10232  -11.034  -78.005  -10.030 0.6999999881
10241  -8.437  -76.738  -11.525 0.6999999881
10252  -9.050  -76.827  -12.218 0.8000000119
10254  -10.424  -77.994  -11.821 0.6999999881
10256  -14.570  -77.625  -11.193 0.6999999881
10264  -9.404  -76.488  -12.833 0.6999999881
10265  -9.865  -77.188  -13.112 0.8000000119
10266  -10.362  -77.831  -12.790 0.8000000119
10273  -11.155  -77.710  -14.079 0.6999999881
10274  -11.674  -77.623  -14.660 0.6000000238
10282  -12.221  -77.653  -15.106 0.5000000000
10298  -14.121  -77.670  -15.732 0.5000000000
10300  -16.358  -77.217  -15.416 0.5000000000
10770  -11.798  -75.908  -2.670 0.6000000238
10771  -12.220  -76.169  -2.963 0.6000000238
10791  -11.989  -76.536  -4.513 0.6000000238
10801  -11.756  -76.848  -5.263 0.6000000238
10812  -10.727  -76.558  -6.504 0.6999999881
10813  -11.447  -76.821  -5.978 0.6000000238
10829  -7.204  -76.154  -8.495 0.6000000238
10846  -7.619  -76.777  -8.980 0.6999999881
10862  -7.640  -76.334  -10.884 0.6999999881
10882  -10.052  -76.606  -13.432 0.8000000119
10884  -11.488  -76.194  -14.141 0.5000000000
10894  -11.953  -76.890  -14.736 0.6999999881
11436  -12.755  -75.238  -3.607 0.6000000238
11452  -10.074  -75.265  -6.188 0.6000000238
11453  -10.693  -75.842  -5.962 0.6999999881
11459  -8.347  -75.249  -6.859 0.6999999881
11460  -9.411  -75.621  -6.680 0.8000000119
11477  -7.129  -75.402  -8.103 0.6999999881
11502  -6.734  -74.935  -8.972 0.6000000238
11505  -7.875  -75.498  -10.377 0.6000000238
11518  -9.238  -75.402  -11.382 0.6999999881
11526  -9.660  -75.441  -12.406 0.6000000238
11536  -11.435  -75.286  -13.587 0.5000000000
12059  -11.728  -73.922  -0.343 0.5000000000
12092  -11.729  -74.264  -1.377 0.5000000000
12129  -12.785  -74.827  -4.044 0.6000000238
12133  -10.832  -74.946  -5.635 0.6000000238
12138  -7.569  -74.435  -6.989 0.6999999881
12156  -6.454  -74.117  -7.999 0.6000000238
12157  -7.003  -74.626  -7.710 0.6000000238
12166  -6.520  -74.289  -8.675 0.6000000238
12197  -10.184  -74.979  -11.465 0.5000000000
12220  -11.443  -74.681  -12.611 0.5000000000
12238  -12.436  -74.803  -13.355 0.5000000000
12784  -12.062  -73.355  -0.366 0.6000000238
12795  -12.306  -73.801  -1.058 0.5000000000
12811  -13.051  -74.097  -3.512 0.6999999881
12820  -12.054  -73.647  -4.529 0.8000000119
12832  -10.038  -73.656  -5.314 0.6000000238
12845  -6.503  -73.385  -7.739 0.6000000238
12847  -7.556  -73.472  -6.583 0.6999999881
12885  -6.540  -73.178  -8.959 0.6000000238
12904  -6.529  -73.820  -8.952 0.6000000238
13501  -10.117  -72.699  0.887 0.6000000238
13502  -11.110  -72.987  0.562 0.5000000000
13513  -11.439  -72.353  -0.190 0.6000000238
13514  -12.177  -72.738  -0.481 0.6000000238
13524  -12.483  -72.619  -1.083 0.6000000238
13525  -12.829  -72.984  -1.547 0.6000000238
13536  -12.848  -72.789  -2.273 0.6999999881
13542  -12.364  -72.527  -3.157 0.8000000119
13543  -13.071  -73.410  -2.916 0.6999999881
13566  -9.026  -72.317  -4.932 0.6000000238
13576  -6.709  -72.741  -7.547 0.6000000238
13577  -7.138  -72.480  -7.045 0.6000000238
13592  -6.628  -71.850  -8.303 0.5000000000
13605  -6.780  -72.450  -8.917 0.5000000000
14220  -8.637  -72.105  0.360 0.6000000238
14230  -4.817  -70.902  -0.159 0.6000000238
14248  -7.847  -71.204  -1.204 0.6999999881
14283  -7.721  -71.301  -6.623 0.6000000238
14303  -6.806  -71.481  -7.749 0.6000000238
14928  -4.684  -70.827  1.041 0.6999999881
14938  -4.545  -70.510  0.065 0.6000000238
14947  -5.214  -70.374  -1.173 0.6999999881
14959  -4.765  -70.055  -2.108 0.8000000119
14977  -5.751  -70.579  -2.925 0.8000000119
14978  -6.731  -70.589  -2.994 0.6999999881
14988  -7.671  -70.141  -3.439 0.8000000119
15656  -5.639  -69.641  2.139 0.5000000000
15701  -4.647  -69.505  -1.777 0.8000000119
15711  -4.657  -69.283  -3.084 0.8000000119
15726  -5.238  -69.013  -4.319 0.6000000238
15744  -8.654  -69.130  -7.129 0.5000000000
16429  -6.985  -68.204  1.372 0.6000000238
16455  -6.499  -68.593  0.096 0.6999999881
16464  -4.720  -68.914  -1.357 0.6999999881
16474  -4.893  -68.481  -3.716 0.6999999881
16486  -5.743  -68.343  -4.703 0.6000000238
17253  -7.837  -67.579  0.632 0.6000000238
17259  -9.102  -67.301  -1.327 0.6000000238
17264  -7.097  -67.871  -1.539 0.5000000000
17267  -4.992  -67.557  -3.230 0.6000000238
17275  -5.359  -66.981  -3.584 0.5000000000
17300  -7.624  -66.860  -5.445 0.5000000000
17303  -10.599  -67.286  -5.962 0.5000000000
17331  -11.330  -67.483  -8.029 0.5000000000
18079  -7.522  -66.732  0.837 0.5000000000
18085  -8.597  -66.999  -0.152 0.6000000238
18093  -6.578  -66.683  -2.842 0.4000000060
18096  -9.890  -66.247  -2.869 0.4000000060
18099  -5.625  -66.776  -3.969 0.5000000000
18113  -6.321  -66.717  -4.530 0.6000000238
18129  -8.491  -65.649  -5.423 0.5000000000
18141  -12.138  -66.868  -6.596 0.4000000060
18153  -13.087  -65.786  -8.397 0.4000000060
18863  -10.079  -66.247  -1.658 0.6000000238
18864  -10.425  -65.840  -2.315 0.5000000000
18873  -6.363  -66.211  -3.902 0.5000000000
18875  -7.670  -64.815  -3.826 0.4000000060
18876  -8.569  -64.701  -3.652 0.4000000060
18889  -7.884  -65.029  -5.072 0.5000000000
18899  -13.287  -65.449  -6.794 0.4000000060
19609  -11.151  -63.997  -3.076 0.5000000000
19617  -10.611  -64.034  -3.425 0.5000000000
19621  -7.663  -64.701  -4.444 0.4000000060
19632  -11.067  -64.285  -5.822 0.4000000060
19651  -13.892  -64.020  -7.564 0.3000000119
20349  -8.047  -63.250  -0.295 0.4000000060
20352  -11.546  -63.096  -1.112 0.4000000060
20361  -11.533  -63.364  -1.842 0.4000000060
20367  -11.933  -62.827  -1.962 0.4000000060
20372  -8.725  -63.139  -3.759 0.4000000060
20373  -9.720  -63.137  -3.559 0.5000000000
20378  -8.831  -62.653  -4.335 0.5000000000
21119  -6.714  -62.223  0.373 0.4000000060
21120  -10.134  -62.491  0.035 0.4000000060
21122  -11.967  -62.160  0.139 0.4000000060
21184  -13.519  -62.366  -2.974 0.3000000119
21188  -9.327  -61.590  -4.244 0.4000000060
21941  -7.275  -61.667  0.453 0.4000000060
21967  -8.446  -61.912  0.247 0.3000000119
21968  -13.257  -61.960  -0.741 0.4000000060
21993  -9.666  -61.311  -3.702 0.5000000000
22000  -9.313  -61.388  -3.870 0.5000000000
22007  -9.907  -60.862  -4.297 0.4000000060
22785  -7.645  -61.016  0.703 0.3000000119
22825  -14.533  -60.635  -1.604 0.4000000060
22834  -9.812  -60.949  -3.928 0.5000000000
22842  -10.193  -60.576  -4.058 0.5000000000
22850  -9.993  -60.755  -3.980 0.4000000060
26005  -9.246  -56.717  0.580 0.4000000060
112191  -16.451  -79.911  -16.932 0.6000000238
112294  -13.773  -78.520  -13.650 0.6000000238
112792  -26.787  -94.425  -2.767 0.4000000060
112884  -5.380  -68.706  -0.628 0.6999999881
112946  -15.603  -83.901  -13.025 0.5000000000
113088  -24.652  -86.605  -8.211 0.4000000060
113121  -21.205  -91.081  -8.975 0.5000000000
113270  -17.560  -89.619  -10.977 0.6999999881
113367  -30.168  -90.823  -0.827 0.3000000119
113669  -8.125  -77.138  -10.516 0.8000000119
113787  -24.314  -91.776  -7.530 0.3000000119
114060  -18.935  -84.014  -19.109 0.5000000000
114076  -19.064  -85.532  -17.303 0.5000000000
114224  -12.830  -60.462  -0.331 0.4000000060
114450  -23.403  -87.806  -18.963 0.5000000000
114766  -24.415  -87.604  -19.789 0.5000000000
114781  -13.029  -75.328  -13.947 0.5000000000
114875  -15.813  -76.190  -14.670 0.5000000000
115130  -27.551  -94.976  1.031 0.3000000119
115239  -29.357  -91.362  2.657 0.3000000119
115508  -16.144  -86.188  -12.224 0.6000000238
115572  -27.035  -95.372  2.599 0.3000000119
116176  -28.765  -89.690  0.756 0.3000000119
116584  -26.307  -94.618  -4.377 0.3000000119
116924  -12.859  -66.152  -6.652 0.4000000060
117163  -10.916  -60.395  0.956 0.4000000060
117341  -23.925  -90.595  -6.538 0.4000000060
117939  -9.886  -77.695  -9.018 0.8000000119
118046  -16.564  -80.427  -8.406 0.6000000238
118076  -4.699  -68.414  -2.039 0.6999999881
118109  -8.180  -59.506  1.780 0.4000000060
118114  -10.834  -77.772  -9.129 0.6999999881
118440  -17.774  -86.355  -9.052 0.6000000238
118444  -28.676  -91.585  -13.157 0.5000000000
119045  -28.983  -92.252  -15.458 0.5000000000
119132  -11.003  -60.867  -3.599 0.4000000060
119398  -29.561  -92.508  2.588 0.3000000119
119494  -13.616  -86.767  -9.417 0.6999999881
119823  -25.285  -92.825  -7.813 0.3000000119
120332  -11.454  -57.852  -0.730 0.3000000119
120600  -28.372  -89.085  -12.174 0.5000000000
120734  -17.564  -86.084  -9.851 0.6000000238
120966  -12.434  -76.925  -3.138 0.6000000238
121482  -4.604  -70.547  0.420 0.6000000238
122036  -19.613  -94.928  -12.605 0.4000000060
122451  -11.055  -66.032  -5.537 0.4000000060
122469  -20.903  -92.642  -15.208 0.6000000238
123467  -26.358  -95.654  2.510 0.3000000119
123661  -12.852  -77.762  -10.769 0.6999999881
123851  -31.078  -87.455  -2.572 0.3000000119
123874  -26.912  -90.391  -19.825 0.6000000238
124353  -8.197  -63.488  -3.970 0.4000000060
124544  -24.374  -95.132  -16.622 0.6000000238
124576  -15.545  -86.113  -9.633 0.6999999881
125329  -14.104  -77.373  -9.741 0.6000000238
125405  -22.599  -96.485  -11.119 0.4000000060
125873  -28.666  -87.670  -3.452 0.3000000119
126169  -11.330  -66.947  -5.820 0.4000000060
126877  -25.535  -90.786  -11.740 0.5000000000
127168  -25.521  -87.200  -4.998 0.3000000119
127192  -27.816  -92.933  -16.485 0.6000000238
127513  -27.596  -89.721  -11.311 0.5000000000
127879  -20.185  -85.487  -12.653 0.6000000238
128272  -20.778  -93.546  -15.839 0.6000000238
128515  -15.100  -84.444  -14.877 0.5000000000
128526  -23.170  -88.256  -1.103 0.3000000119
129248  -8.866  -70.477  -2.558 0.6000000238
129353  -19.348  -90.293  -18.114 0.6000000238
129573  -16.640  -78.522  -15.944 0.5000000000
129574  -26.304  -85.987  -6.071 0.3000000119
129674  -23.159  -91.208  -13.138 0.6999999881
129687  -14.604  -78.745  -13.422 0.6000000238
129987  -18.098  -90.399  -15.789 0.6999999881
130161  -23.259  -95.429  -16.798 0.6000000238
130430  -26.048  -91.087  -20.426 0.5000000000
130540  -12.639  -78.268  -13.102 0.6000000238
130577  -23.829  -90.191  -0.753 0.3000000119
130588  -13.526  -63.293  -6.849 0.4000000060
130590  -21.472  -91.433  -11.134 0.6000000238
130828  -11.262  -77.414  -7.421 0.6999999881
130873  -28.440  -84.889  -8.797 0.3000000119
131001  -24.683  -87.666  -8.864 0.4000000060
131144  -24.476  -96.283  3.628 0.3000000119
131310  -21.017  -88.293  -17.423 0.6999999881
131323  -32.289  -91.735  -1.881 0.3000000119
131509  -9.545  -63.803  -3.652 0.5000000000
131681  -12.056  -88.857  -12.021 0.6000000238
132479  -24.627  -95.027  -17.001 0.6000000238
132860  -28.621  -92.926  -14.117 0.5000000000
132931  -20.028  -88.042  -11.844 0.6000000238
133236  -23.119  -95.904  -12.373 0.3000000119
133260  -26.202  -85.763  -6.500 0.4000000060
133596  -28.088  -92.305  -16.892 0.6000000238
134058  -11.731  -78.209  -12.074 0.6999999881
134622  -14.895  -83.017  -17.784 0.6000000238
134664  -14.056  -62.168  -3.232 0.3000000119
