#!ascii label  , from subject bert vox2ras=TkReg
2045
6099  -33.756  -84.669  -4.994 0.1000000015
6104  -33.686  -85.210  -5.705 0.1000000015
4461  -34.002  -88.408  -5.455 0.1000000015
4479  -34.294  -87.394  -6.121 0.1000000015
113710  -33.436  -88.601  -6.986 0.1000000015
5606  -33.795  -86.738  -8.041 0.1000000015
3941  -32.596  -89.588  -8.372 0.1000000015
5091  -34.045  -87.752  -9.378 0.1000000015
4514  -34.389  -88.362  -10.234 0.1000000015
3942  -33.182  -89.325  -9.470 0.1000000015
3958  -33.538  -89.262  -10.423 0.1000000015
4530  -34.938  -88.068  -10.806 0.1000000015
4541  -34.017  -89.113  -11.763 0.1000000015
3973  -32.992  -89.331  -11.062 0.1000000015
4542  -34.675  -88.499  -12.351 0.1000000015
5154  -36.036  -86.122  -13.732 0.1000000015
4540  -33.385  -88.404  -12.402 0.1000000015
5151  -34.074  -87.240  -13.240 0.1000000015
4551  -33.834  -88.070  -12.995 0.1000000015
7129  -34.001  -82.112  -5.427 0.1000000015
6613  -33.549  -84.152  -5.530 0.1000000015
7136  -33.602  -83.136  -5.483 0.1000000015
5579  -33.709  -85.832  -6.357 0.1000000015
6626  -34.625  -83.519  -6.690 0.1000000015
6113  -33.981  -84.277  -6.942 0.1000000015
5589  -33.682  -86.363  -7.107 0.1000000015
6131  -34.445  -84.813  -7.696 0.1000000015
5069  -33.733  -87.450  -8.643 0.1000000015
5625  -35.186  -86.030  -9.158 0.1000000015
5092  -34.973  -87.072  -9.786 0.1000000015
123047  -34.819  -88.481  -11.541 0.1000000015
8421  -35.437  -80.733  -11.858 0.1000000015
7781  -36.548  -81.807  -12.354 0.1000000015
7226  -37.069  -82.621  -12.550 0.1000000015
6677  -37.418  -83.416  -12.603 0.1000000015
123984  -37.509  -84.566  -13.076 0.1000000015
5683  -37.212  -85.200  -13.323 0.1000000015
5665  -36.655  -86.063  -13.068 0.1000000015
5141  -36.179  -87.019  -12.533 0.1000000015
130115  -35.343  -87.328  -13.279 0.1000000015
4553  -35.331  -87.762  -12.954 0.1000000015
8950  -34.733  -79.751  -4.179 0.1000000015
113978  -37.014  -80.826  -4.991 0.2000000030
117312  -36.065  -80.591  -4.982 0.2000000030
8309  -34.507  -80.611  -4.647 0.1000000015
133508  -37.488  -81.392  -5.179 0.1000000015
7131  -36.597  -82.158  -5.596 0.1000000015
7705  -34.796  -81.304  -5.280 0.1000000015
122453  -37.371  -82.669  -5.802 0.1000000015
7138  -35.251  -82.946  -6.326 0.1000000015
11469  -33.142  -75.810  -6.677 0.1000000015
10182  -33.045  -77.203  -6.908 0.1000000015
117125  -37.274  -83.431  -6.358 0.1000000015
6627  -36.079  -83.604  -6.798 0.1000000015
6132  -35.754  -84.865  -7.941 0.1000000015
10201  -32.185  -77.124  -7.174 0.1000000015
10202  -32.628  -77.875  -7.249 0.1000000015
128121  -32.998  -78.467  -7.344 0.1000000015
8350  -33.508  -80.344  -7.828 0.1000000015
7720  -33.963  -81.083  -7.972 0.1000000015
7745  -34.168  -81.905  -9.349 0.1000000015
6637  -36.555  -84.498  -7.429 0.1000000015
5608  -36.536  -85.708  -8.796 0.1000000015
5093  -35.765  -87.104  -10.348 0.1000000015
8349  -32.936  -79.699  -7.815 0.1000000015
8393  -33.136  -80.715  -8.991 0.1000000015
7733  -33.644  -81.350  -8.796 0.1000000015
7173  -34.829  -82.430  -9.770 0.1000000015
6653  -36.146  -83.590  -9.922 0.1000000015
6654  -36.678  -84.016  -10.560 0.1000000015
5626  -36.232  -86.364  -9.575 0.1000000015
4531  -35.618  -87.561  -11.086 0.1000000015
7758  -33.614  -81.195  -9.774 0.1000000015
7768  -34.807  -81.660  -11.039 0.1000000015
7188  -34.920  -82.338  -10.436 0.1000000015
6169  -37.641  -85.218  -10.609 0.1000000015
5653  -37.423  -85.610  -11.244 0.1000000015
7203  -36.194  -82.624  -11.817 0.1000000015
6660  -36.188  -83.307  -11.227 0.1000000015
6661  -37.088  -83.891  -11.685 0.1000000015
6179  -37.539  -84.915  -11.815 0.1000000015
5142  -36.914  -86.216  -11.940 0.1000000015
4543  -35.637  -87.747  -11.950 0.1000000015
124116  -37.478  -80.231  -5.207 0.1000000015
8960  -36.816  -79.248  -5.162 0.2000000030
9530  -35.495  -78.369  -4.196 0.1000000015
10160  -36.038  -77.619  -4.206 0.2000000030
10793  -35.996  -77.279  -3.592 0.2000000030
123162  -38.581  -80.392  -5.303 0.1000000015
124427  -38.224  -81.724  -5.333 0.1000000015
12149  -33.494  -74.555  -6.712 0.1000000015
124235  -32.912  -75.038  -6.631 0.1000000015
7132  -38.186  -82.422  -5.556 0.1000000015
6114  -37.322  -84.186  -6.892 0.1000000015
6115  -38.259  -84.158  -7.013 0.1000000015
9556  -33.551  -77.967  -7.021 0.1000000015
8988  -33.604  -79.617  -7.558 0.1000000015
120096  -34.379  -79.225  -7.329 0.1000000015
6133  -37.611  -84.818  -7.480 0.1000000015
8351  -34.500  -80.302  -7.530 0.1000000015
7721  -34.935  -81.274  -7.842 0.1000000015
113605  -35.131  -81.994  -8.399 0.1000000015
7160  -37.117  -83.150  -8.756 0.1000000015
6647  -38.133  -84.710  -9.315 0.1000000015
6159  -38.095  -85.401  -9.536 0.1000000015
5609  -37.660  -85.671  -8.512 0.1000000015
5638  -37.697  -85.851  -10.191 0.1000000015
5112  -36.498  -86.829  -10.637 0.1000000015
10169  -40.914  -78.279  -5.826 0.1000000015
132018  -40.048  -78.091  -5.700 0.1000000015
124803  -40.773  -79.813  -5.660 0.1000000015
128712  -40.454  -78.873  -5.579 0.1000000015
9541  -39.290  -78.439  -5.540 0.1000000015
10168  -38.282  -77.427  -5.539 0.2000000030
10167  -37.349  -77.489  -5.317 0.2000000030
8961  -37.850  -79.393  -5.333 0.2000000030
10803  -36.911  -76.828  -4.921 0.2000000030
10794  -36.522  -76.774  -4.200 0.2000000030
8311  -39.238  -80.936  -5.442 0.1000000015
8312  -40.067  -80.703  -5.692 0.1000000015
7709  -39.584  -81.366  -5.657 0.1000000015
7134  -39.409  -81.972  -5.842 0.1000000015
12150  -33.743  -75.235  -6.808 0.1000000015
11485  -34.598  -75.566  -7.180 0.1000000015
10839  -35.147  -76.399  -7.330 0.1000000015
124004  -35.479  -77.086  -7.338 0.1000000015
7133  -38.852  -82.004  -5.506 0.1000000015
133617  -38.929  -82.986  -6.570 0.1000000015
12862  -33.116  -73.184  -6.516 0.1000000015
12880  -33.834  -73.043  -6.952 0.1000000015
10819  -33.483  -76.500  -6.753 0.1000000015
10183  -33.923  -77.180  -6.803 0.1000000015
122356  -35.021  -78.699  -7.227 0.1000000015
8989  -35.292  -79.406  -7.331 0.1000000015
129514  -35.844  -80.949  -7.636 0.1000000015
8354  -37.668  -80.980  -7.578 0.1000000015
7148  -37.851  -82.794  -8.239 0.1000000015
111807  -38.602  -82.558  -7.695 0.1000000015
6638  -38.516  -83.894  -7.422 0.1000000015
12861  -32.249  -73.263  -6.432 0.1000000015
7147  -36.878  -82.249  -8.295 0.1000000015
129355  -37.980  -83.517  -8.594 0.1000000015
7161  -38.401  -83.406  -8.112 0.1000000015
5592  -38.232  -85.206  -8.261 0.1000000015
13585  -31.674  -72.543  -6.460 0.1000000015
131375  -31.275  -71.151  -6.603 0.1000000015
122818  -31.065  -71.869  -6.528 0.1000000015
15025  -30.917  -70.539  -6.731 0.1000000015
10208  -42.268  -78.108  -7.341 0.1000000015
9544  -41.713  -78.818  -6.128 0.1000000015
10227  -41.866  -77.752  -8.069 0.1000000015
9577  -41.912  -78.705  -7.008 0.1000000015
10185  -41.368  -77.560  -6.130 0.1000000015
120076  -39.255  -77.361  -5.750 0.1000000015
10805  -38.401  -76.340  -5.472 0.2000000030
9576  -41.326  -79.066  -7.239 0.1000000015
129473  -41.348  -79.723  -6.216 0.1000000015
8964  -41.422  -79.391  -5.884 0.1000000015
9589  -40.785  -78.607  -7.852 0.1000000015
8994  -41.104  -79.825  -6.734 0.1000000015
14320  -34.285  -71.244  -8.183 0.1000000015
13599  -33.952  -72.299  -7.242 0.1000000015
119977  -34.455  -72.882  -7.530 0.1000000015
12882  -34.966  -73.457  -7.822 0.1000000015
12162  -34.288  -74.541  -7.140 0.1000000015
122612  -35.202  -74.801  -7.581 0.1000000015
11486  -35.616  -75.653  -7.605 0.1000000015
10225  -40.041  -78.050  -8.257 0.1000000015
9575  -39.987  -78.812  -7.786 0.1000000015
8357  -40.669  -80.548  -6.496 0.1000000015
7712  -39.948  -81.421  -6.038 0.1000000015
12881  -34.367  -73.642  -7.285 0.1000000015
10204  -36.114  -77.526  -7.465 0.1000000015
123021  -37.128  -77.191  -7.684 0.1000000015
10205  -36.757  -77.990  -7.545 0.1000000015
8355  -39.353  -81.136  -7.226 0.1000000015
7142  -39.308  -82.440  -6.568 0.1000000015
14319  -33.614  -71.093  -7.513 0.1000000015
123495  -35.142  -77.879  -7.237 0.1000000015
9571  -35.942  -78.519  -7.411 0.1000000015
9572  -36.962  -78.708  -7.541 0.1000000015
112488  -37.662  -80.177  -7.539 0.1000000015
112447  -38.505  -80.570  -7.491 0.1000000015
112317  -38.590  -81.551  -7.519 0.1000000015
7724  -39.237  -82.026  -7.229 0.1000000015
14310  -33.463  -71.717  -7.052 0.1000000015
14301  -32.900  -71.833  -6.691 0.1000000015
14309  -32.839  -71.046  -6.976 0.1000000015
15026  -31.830  -70.580  -6.807 0.1000000015
15749  -30.448  -69.950  -7.016 0.1000000015
15023  -29.739  -70.144  -7.210 0.1000000015
10186  -41.989  -78.047  -6.318 0.1000000015
118057  -41.395  -77.220  -8.442 0.1000000015
10855  -42.075  -76.995  -8.413 0.1000000015
10209  -42.594  -77.535  -7.060 0.1000000015
10821  -40.490  -76.508  -6.182 0.1000000015
10226  -40.984  -77.853  -8.315 0.1000000015
10854  -40.713  -76.955  -8.555 0.1000000015
10823  -42.321  -76.571  -6.521 0.1000000015
10806  -39.452  -76.436  -5.911 0.1000000015
10853  -39.884  -76.728  -8.539 0.1000000015
119251  -40.276  -77.412  -8.438 0.1000000015
11456  -38.920  -75.519  -5.505 0.2000000030
13600  -34.481  -72.122  -7.862 0.1000000015
128161  -34.910  -74.090  -7.565 0.1000000015
122177  -35.620  -74.046  -8.071 0.1000000015
10224  -39.095  -77.674  -8.184 0.1000000015
9574  -39.068  -79.059  -7.655 0.1000000015
12152  -41.041  -74.678  -6.292 0.1000000015
12151  -40.029  -74.751  -6.043 0.2000000030
13601  -34.975  -72.759  -8.168 0.1000000015
10841  -37.037  -76.366  -7.827 0.1000000015
118827  -37.612  -78.037  -7.704 0.1000000015
8991  -38.307  -79.656  -7.555 0.1000000015
15050  -33.708  -70.454  -8.056 0.1000000015
15036  -33.185  -70.511  -7.501 0.1000000015
15766  -32.306  -69.498  -7.601 0.1000000015
15751  -31.916  -69.843  -7.094 0.1000000015
15765  -31.545  -69.309  -7.356 0.1000000015
15764  -30.774  -69.287  -7.263 0.1000000015
11513  -40.916  -75.489  -9.271 0.1000000015
11514  -41.666  -75.398  -9.291 0.1000000015
11500  -42.218  -76.092  -8.723 0.1000000015
12193  -40.583  -74.846  -9.652 0.1000000015
10187  -42.435  -77.332  -6.706 0.1000000015
11498  -40.408  -76.146  -8.815 0.1000000015
10856  -42.742  -76.662  -8.091 0.1000000015
10822  -41.553  -76.578  -6.320 0.1000000015
131993  -38.079  -76.137  -8.356 0.1000000015
11497  -39.485  -75.938  -8.716 0.1000000015
10825  -43.115  -76.265  -7.084 0.1000000015
14332  -34.670  -71.110  -9.114 0.1000000015
14333  -35.224  -71.510  -9.545 0.1000000015
13623  -35.686  -72.192  -9.357 0.1000000015
13612  -35.535  -72.767  -8.772 0.1000000015
12917  -36.860  -73.421  -9.196 0.1000000015
11495  -36.834  -75.116  -8.274 0.1000000015
117559  -37.582  -74.872  -8.573 0.1000000015
11488  -37.446  -75.761  -8.252 0.1000000015
10852  -38.808  -76.672  -8.379 0.1000000015
11474  -42.688  -75.797  -6.606 0.1000000015
11472  -40.734  -75.594  -6.339 0.1000000015
12163  -36.068  -74.929  -8.002 0.1000000015
11487  -36.536  -75.714  -7.887 0.1000000015
10223  -38.172  -77.400  -7.999 0.1000000015
12864  -41.371  -73.757  -6.074 0.1000000015
15051  -34.208  -70.454  -8.785 0.1000000015
15786  -33.620  -69.708  -8.666 0.1000000015
15767  -33.059  -69.876  -7.865 0.1000000015
15785  -32.763  -69.089  -8.346 0.1000000015
126122  -32.168  -68.290  -8.516 0.1000000015
16535  -31.882  -68.836  -7.941 0.1000000015
17348  -30.821  -67.531  -8.548 0.1000000015
12921  -40.923  -74.414  -10.149 0.1000000015
12194  -41.352  -74.760  -9.869 0.1000000015
12195  -41.938  -74.721  -9.995 0.1000000015
11515  -42.354  -75.216  -9.199 0.1000000015
128389  -39.845  -74.802  -9.485 0.1000000015
12920  -40.088  -74.176  -9.950 0.1000000015
122626  -42.978  -75.823  -8.396 0.1000000015
10844  -43.228  -76.265  -7.574 0.1000000015
11496  -38.434  -75.570  -8.600 0.1000000015
12192  -39.162  -74.388  -9.485 0.1000000015
11501  -43.558  -75.439  -7.788 0.1000000015
15063  -34.851  -70.463  -10.240 0.1000000015
12900  -36.038  -73.466  -8.710 0.1000000015
12901  -37.619  -74.057  -8.964 0.1000000015
12176  -38.401  -74.631  -8.979 0.1000000015
12919  -39.163  -73.612  -9.882 0.1000000015
11473  -41.868  -75.699  -6.385 0.1000000015
15062  -34.522  -70.452  -9.559 0.1000000015
14339  -35.394  -71.135  -10.325 0.1000000015
14334  -35.812  -71.729  -9.919 0.1000000015
13613  -36.211  -72.838  -9.245 0.1000000015
132220  -36.690  -72.852  -9.531 0.1000000015
12175  -36.649  -74.276  -8.537 0.1000000015
118034  -43.653  -74.952  -6.866 0.1000000015
15805  -34.504  -69.729  -9.922 0.1000000015
16558  -34.007  -68.291  -9.517 0.1000000015
118732  -34.463  -68.909  -9.767 0.1000000015
16557  -33.528  -68.508  -9.148 0.1000000015
16548  -32.935  -68.361  -8.841 0.1000000015
17349  -31.674  -67.598  -8.762 0.1000000015
17364  -32.457  -67.616  -9.027 0.1000000015
13636  -39.386  -72.686  -10.842 0.1000000015
13637  -40.349  -72.980  -11.048 0.1000000015
12936  -40.873  -73.775  -10.618 0.1000000015
12207  -41.966  -74.297  -10.669 0.1000000015
13645  -38.583  -72.218  -11.483 0.1000000015
134738  -42.151  -74.418  -10.367 0.1000000015
13634  -37.008  -72.263  -10.512 0.1000000015
123668  -37.715  -72.644  -10.419 0.1000000015
13626  -38.261  -73.134  -9.941 0.1000000015
12935  -39.852  -73.348  -10.406 0.1000000015
12196  -42.408  -74.547  -9.859 0.1000000015
15822  -35.423  -69.821  -11.148 0.1000000015
15072  -35.321  -70.484  -10.848 0.1000000015
14340  -36.195  -71.635  -10.647 0.1000000015
13625  -37.250  -72.858  -9.827 0.1000000015
128925  -37.688  -73.451  -9.442 0.1000000015
12179  -43.831  -74.519  -7.866 0.1000000015
126308  -34.917  -69.932  -10.596 0.1000000015
12164  -43.864  -74.891  -7.192 0.1000000015
12154  -43.283  -74.446  -6.543 0.1000000015
15815  -35.016  -69.099  -10.358 0.1000000015
16569  -35.406  -68.119  -10.387 0.1000000015
16568  -34.700  -68.143  -9.913 0.1000000015
17377  -34.913  -67.173  -10.326 0.1000000015
17366  -34.117  -67.361  -9.748 0.1000000015
18182  -34.791  -66.422  -10.864 0.1000000015
18172  -32.728  -66.849  -9.684 0.1000000015
116922  -41.246  -73.264  -11.331 0.1000000015
12937  -41.712  -73.890  -11.057 0.1000000015
12938  -42.253  -73.777  -11.257 0.1000000015
133320  -35.830  -70.140  -11.869 0.1000000015
14341  -36.814  -71.827  -11.197 0.1000000015
14350  -37.088  -71.700  -11.931 0.1000000015
16577  -35.748  -68.867  -10.879 0.1000000015
118775  -36.012  -69.518  -11.623 0.1000000015
14348  -35.722  -71.036  -11.055 0.1000000015
14349  -36.229  -71.275  -11.678 0.1000000015
13624  -36.441  -72.302  -9.837 0.1000000015
12178  -43.067  -74.781  -8.809 0.1000000015
16570  -36.014  -68.103  -10.761 0.1000000015
17378  -35.730  -67.391  -10.742 0.1000000015
18184  -36.246  -66.849  -11.250 0.1000000015
114275  -36.395  -66.014  -11.740 0.1000000015
18183  -35.461  -66.664  -10.952 0.1000000015
117504  -35.828  -66.232  -11.432 0.1000000015
18194  -35.300  -66.055  -11.454 0.1000000015
18936  -35.186  -65.227  -11.756 0.1000000015
13646  -39.729  -72.390  -11.586 0.1000000015
13647  -40.728  -72.620  -11.721 0.1000000015
13648  -41.456  -72.938  -11.923 0.1000000015
12951  -42.006  -73.443  -11.802 0.1000000015
13658  -41.922  -72.890  -12.466 0.1000000015
13655  -38.999  -71.977  -12.308 0.1000000015
13644  -37.614  -72.229  -11.156 0.1000000015
17390  -36.861  -67.560  -11.510 0.1000000015
16579  -37.216  -68.387  -12.061 0.1000000015
17379  -36.302  -67.648  -11.053 0.1000000015
18938  -37.176  -65.739  -12.161 0.1000000015
125294  -35.807  -64.865  -11.784 0.1000000015
19685  -35.384  -64.267  -11.738 0.1000000015
13656  -40.103  -72.165  -12.388 0.1000000015
13657  -41.114  -72.441  -12.445 0.1000000015
14351  -38.001  -71.731  -12.184 0.1000000015
16587  -36.648  -69.320  -12.216 0.1000000015
15823  -36.150  -70.033  -12.463 0.1000000015
15082  -36.199  -70.652  -12.364 0.1000000015
14355  -36.584  -71.227  -12.461 0.1000000015
14356  -37.212  -71.420  -12.813 0.1000000015
17391  -37.481  -67.432  -12.162 0.1000000015
18195  -37.007  -66.649  -11.773 0.1000000015
122958  -36.478  -65.072  -11.900 0.1000000015
19686  -36.117  -64.215  -11.822 0.1000000015
20429  -35.554  -63.479  -11.848 0.1000000015
14358  -39.313  -71.765  -13.183 0.1000000015
14365  -37.507  -71.220  -13.735 0.1000000015
14357  -38.227  -71.568  -13.037 0.1000000015
129140  -37.650  -68.177  -12.836 0.1000000015
16588  -37.282  -69.063  -12.896 0.1000000015
15828  -36.653  -69.922  -13.265 0.1000000015
15094  -36.805  -70.409  -13.583 0.1000000015
15088  -36.747  -70.910  -13.198 0.1000000015
19695  -36.848  -64.273  -12.099 0.1000000015
20439  -36.371  -63.550  -12.148 0.1000000015
15095  -37.236  -70.669  -14.165 0.1000000015
16595  -37.103  -69.482  -13.978 0.1000000015
15836  -37.017  -70.155  -14.310 0.1000000015
18203  -38.095  -66.470  -13.152 0.1000000015
18948  -37.774  -65.191  -12.627 0.1000000015
18947  -37.191  -64.921  -12.227 0.1000000015
20440  -37.137  -63.700  -12.653 0.1000000015
20450  -36.562  -62.899  -12.980 0.1000000015
122402  -37.938  -67.324  -12.963 0.1000000015
124713  -37.813  -65.893  -12.678 0.1000000015
19697  -38.176  -64.752  -13.283 0.1000000015
19696  -37.547  -64.446  -12.621 0.1000000015
20451  -37.354  -63.268  -13.570 0.1000000015
21269  -36.940  -62.567  -14.072 0.1000000015
18949  -38.215  -65.593  -13.331 0.1000000015
19705  -38.273  -64.412  -14.127 0.1000000015
19704  -37.807  -64.002  -13.326 0.1000000015
20459  -37.458  -63.187  -14.710 0.1000000015
5569  -34.253  -86.482  -5.663 0.1000000015
4478  -34.059  -88.297  -6.114 0.1000000015
5057  -33.786  -87.625  -7.050 0.1000000015
117241  -33.442  -87.981  -7.920 0.1000000015
5590  -33.993  -85.647  -7.875 0.1000000015
4502  -33.430  -88.565  -8.843 0.1000000015
116964  -32.989  -89.433  -8.727 0.1000000015
5070  -34.282  -86.707  -8.978 0.1000000015
7137  -34.248  -82.865  -6.061 0.1000000015
7130  -35.295  -82.148  -5.766 0.1000000015
6112  -33.560  -84.727  -6.259 0.1000000015
6636  -35.161  -84.144  -7.376 0.1000000015
5607  -34.422  -85.990  -8.533 0.1000000015
131996  -36.195  -85.302  -8.334 0.1000000015
7769  -35.706  -81.765  -11.716 0.1000000015
123738  -37.638  -82.699  -13.447 0.1000000015
6662  -37.520  -84.213  -12.327 0.1000000015
6678  -37.564  -83.641  -13.353 0.1000000015
8296  -35.326  -80.099  -4.757 0.1000000015
7706  -36.303  -81.384  -5.207 0.1000000015
8952  -35.986  -79.004  -4.800 0.2000000030
7139  -36.307  -82.779  -6.154 0.1000000015
11470  -33.876  -75.905  -6.785 0.1000000015
133254  -34.344  -77.733  -6.960 0.1000000015
7734  -34.389  -81.717  -8.530 0.1000000015
7759  -34.292  -81.880  -10.166 0.1000000015
7174  -35.553  -82.915  -9.548 0.1000000015
7189  -35.605  -83.026  -10.338 0.1000000015
7159  -35.876  -82.653  -8.769 0.1000000015
6646  -37.017  -84.238  -9.779 0.1000000015
6168  -37.430  -84.629  -11.243 0.1000000015
6158  -37.692  -84.851  -10.187 0.1000000015
5094  -36.986  -86.467  -9.813 0.1000000015
5095  -37.347  -86.348  -10.093 0.1000000015
8962  -38.901  -79.390  -5.403 0.1000000015
9539  -37.109  -78.397  -5.290 0.2000000030
10166  -36.587  -77.492  -4.873 0.2000000030
8963  -39.620  -80.163  -5.440 0.1000000015
7140  -38.085  -83.209  -6.029 0.1000000015
5591  -38.000  -85.408  -8.045 0.1000000015
9570  -34.338  -78.406  -7.131 0.1000000015
132697  -35.203  -80.706  -7.570 0.1000000015
7735  -35.885  -81.753  -8.072 0.1000000015
7723  -37.750  -81.905  -7.787 0.1000000015
6149  -38.325  -85.055  -8.761 0.1000000015
5610  -38.111  -85.669  -8.740 0.1000000015
8313  -40.777  -80.484  -5.889 0.1000000015
10203  -34.740  -77.124  -7.076 0.1000000015
6630  -39.010  -83.226  -7.009 0.1000000015
13587  -33.339  -72.408  -6.732 0.1000000015
115112  -36.299  -79.431  -7.465 0.1000000015
8353  -36.722  -80.347  -7.540 0.1000000015
7722  -36.776  -81.328  -7.782 0.1000000015
134321  -38.502  -83.881  -7.966 0.1000000015
10228  -42.482  -77.407  -7.743 0.1000000015
9557  -42.136  -78.244  -6.634 0.1000000015
128704  -41.767  -78.852  -6.379 0.1000000015
116070  -40.626  -79.318  -7.386 0.1000000015
120479  -39.344  -74.908  -5.601 0.2000000030
8993  -40.421  -80.101  -7.104 0.1000000015
125923  -39.632  -77.309  -8.388 0.1000000015
8992  -39.435  -80.136  -7.415 0.1000000015
117836  -39.928  -79.496  -7.504 0.1000000015
7725  -39.735  -81.590  -6.545 0.1000000015
10842  -37.773  -76.600  -8.101 0.1000000015
9573  -37.968  -78.822  -7.575 0.1000000015
10206  -38.550  -78.210  -7.829 0.1000000015
12153  -42.317  -74.755  -6.418 0.1000000015
117326  -31.119  -68.701  -7.639 0.1000000015
12177  -39.210  -75.149  -9.113 0.1000000015
16549  -33.367  -68.996  -8.870 0.1000000015
16547  -31.380  -68.178  -8.210 0.1000000015
12918  -38.392  -73.848  -9.400 0.1000000015
134243  -39.055  -73.036  -10.299 0.1000000015
18173  -33.561  -66.908  -9.788 0.1000000015
18193  -34.728  -65.898  -11.581 0.1000000015
17251  -37.916  -67.099  1.323 0.5000000000
14227  -41.693  -72.271  0.748 0.5000000000
14215  -41.477  -72.225  1.937 0.5000000000
18084  -37.443  -66.326  0.980 0.5000000000
17257  -38.308  -67.541  0.676 0.5000000000
16452  -39.047  -68.186  1.239 0.5000000000
13508  -42.153  -72.366  1.742 0.5000000000
19589  -36.959  -65.041  0.877 0.5000000000
121004  -37.274  -65.583  0.716 0.5000000000
17256  -37.779  -66.679  0.279 0.5000000000
14208  -41.873  -71.983  2.621 0.5000000000
18087  -37.621  -65.701  0.105 0.5000000000
18856  -37.451  -64.871  0.138 0.5000000000
18088  -38.198  -65.764  -0.649 0.4000000060
120974  -38.222  -67.009  -0.441 0.4000000060
13511  -44.840  -72.619  0.949 0.5000000000
13521  -45.359  -73.276  0.081 0.5000000000
14229  -45.168  -72.111  0.962 0.5000000000
13512  -45.642  -72.278  0.236 0.5000000000
14974  -46.981  -70.892  -1.298 0.5000000000
14958  -46.027  -71.026  -0.423 0.5000000000
125273  -47.029  -69.272  -2.567 0.4000000060
16483  -45.818  -68.132  -4.073 0.4000000060
15687  -38.369  -70.039  1.509 0.1000000015
14226  -40.760  -71.899  1.092 0.5000000000
18847  -37.198  -65.750  1.536 0.5000000000
18076  -37.684  -66.575  2.102 0.5000000000
17252  -38.642  -67.656  1.737 0.5000000000
16443  -39.888  -68.677  1.989 0.4000000060
123497  -41.575  -72.068  2.594 0.5000000000
19588  -36.519  -64.355  1.038 0.5000000000
20334  -36.335  -63.483  0.709 0.5000000000
20333  -35.768  -63.166  1.149 0.5000000000
19598  -37.195  -64.188  0.289 0.5000000000
20344  -36.088  -62.841  0.384 0.4000000060
19597  -36.890  -63.666  0.311 0.3000000119
129421  -37.697  -64.129  -0.335 0.5000000000
18861  -38.131  -64.619  -0.717 0.4000000060
20346  -37.389  -63.542  -0.362 0.3000000119
16462  -39.574  -68.730  -0.181 0.6999999881
20345  -36.734  -63.134  0.010 0.3000000119
20354  -36.897  -63.160  -0.631 0.3000000119
19602  -38.081  -63.802  -0.979 0.3000000119
17260  -38.683  -67.298  -1.005 0.5000000000
16463  -39.868  -68.624  -1.113 0.6000000238
15700  -41.588  -69.903  0.154 0.6000000238
14935  -42.074  -70.972  2.501 0.6000000238
13487  -42.251  -72.191  2.156 0.5000000000
128544  -43.703  -72.774  0.846 0.3000000119
20365  -37.635  -63.477  -1.051 0.3000000119
19603  -38.632  -64.057  -1.543 0.3000000119
18091  -38.830  -65.937  -1.434 0.4000000060
127824  -40.225  -68.370  -1.842 0.5000000000
121160  -41.453  -69.708  -0.910 0.6000000238
14955  -43.226  -70.351  0.013 0.6000000238
14944  -44.061  -71.191  1.175 0.5000000000
14945  -44.868  -71.401  0.922 0.5000000000
19608  -38.267  -63.862  -1.555 0.4000000060
131300  -39.338  -64.728  -1.966 0.4000000060
16468  -39.696  -67.750  -1.872 0.5000000000
15703  -40.806  -68.460  -2.272 0.5000000000
134599  -42.874  -70.284  -1.017 0.5000000000
14956  -44.340  -70.728  0.364 0.5000000000
14957  -45.235  -71.050  0.210 0.5000000000
19612  -38.279  -63.904  -2.025 0.4000000060
18867  -39.526  -64.588  -2.482 0.4000000060
130220  -40.258  -65.514  -2.990 0.5000000000
15706  -41.466  -68.480  -2.687 0.5000000000
15707  -42.286  -69.085  -2.578 0.4000000060
14971  -44.019  -70.364  -0.993 0.5000000000
14972  -45.307  -70.591  -0.540 0.5000000000
18097  -40.037  -64.921  -2.948 0.4000000060
16473  -41.962  -67.776  -3.345 0.5000000000
15721  -42.945  -68.280  -3.344 0.4000000060
14984  -45.392  -69.982  -1.707 0.4000000060
14973  -46.396  -70.372  -1.248 0.5000000000
18111  -41.366  -65.945  -4.071 0.5000000000
16480  -42.666  -67.275  -3.863 0.4000000060
15722  -44.049  -68.503  -3.379 0.4000000060
15724  -46.594  -68.769  -3.245 0.4000000060
18112  -42.011  -66.298  -4.437 0.3000000119
17282  -42.811  -66.719  -4.522 0.4000000060
16495  -44.006  -66.999  -4.647 0.3000000119
17296  -44.381  -66.991  -5.019 0.3000000119
17297  -45.270  -67.354  -5.094 0.3000000119
16451  -37.208  -69.119  1.178 0.1000000015
15686  -37.710  -69.559  0.897 0.1000000015
16441  -37.404  -69.090  2.080 0.1000000015
15677  -37.869  -69.649  1.870 0.1000000015
15678  -38.610  -70.315  2.742 0.4000000060
14932  -39.035  -70.656  2.133 0.4000000060
14942  -39.415  -71.008  1.498 0.4000000060
14225  -40.187  -71.612  2.068 0.5000000000
14933  -39.727  -71.323  2.747 0.4000000060
14213  -40.497  -71.688  3.195 0.5000000000
14214  -40.955  -72.006  2.547 0.5000000000
18831  -37.315  -65.770  2.565 0.5000000000
18063  -38.474  -66.984  2.931 0.5000000000
18077  -38.310  -67.212  2.158 0.5000000000
16442  -39.367  -68.166  2.327 0.4000000060
14196  -40.771  -71.388  3.756 0.5000000000
14206  -41.048  -71.813  3.257 0.5000000000
19587  -36.024  -63.886  1.548 0.5000000000
18846  -36.862  -65.105  1.865 0.5000000000
20323  -35.468  -63.513  1.931 0.5000000000
15668  -41.204  -70.284  3.495 0.6000000238
21108  -35.420  -62.575  0.798 0.4000000060
21132  -35.613  -62.423  0.086 0.2000000030
21957  -35.051  -62.027  -0.147 0.2000000030
21133  -36.252  -62.778  -0.275 0.3000000119
20364  -36.958  -63.220  -1.093 0.3000000119
21154  -35.633  -62.446  -0.477 0.3000000119
21155  -36.259  -62.846  -0.788 0.3000000119
21167  -35.414  -62.436  -1.068 0.3000000119
20363  -36.097  -63.003  -1.290 0.4000000060
20370  -36.683  -63.494  -1.593 0.4000000060
133595  -37.292  -63.894  -1.841 0.4000000060
18879  -38.913  -64.616  -3.030 0.4000000060
134227  -39.221  -64.884  -3.243 0.4000000060
19610  -36.151  -64.064  -2.313 0.3000000119
18870  -37.045  -65.195  -3.018 0.3000000119
18109  -39.492  -65.378  -3.546 0.3000000119
113841  -40.605  -65.698  -3.693 0.4000000060
18124  -38.524  -66.449  -3.904 0.3000000119
17292  -40.839  -66.232  -4.519 0.3000000119
18127  -41.796  -66.261  -4.555 0.4000000060
17295  -43.385  -66.655  -4.944 0.3000000119
17290  -38.792  -67.220  -4.360 0.2000000030
16493  -39.252  -67.959  -4.761 0.2000000030
17309  -41.309  -66.843  -4.970 0.3000000119
17311  -42.918  -66.553  -5.083 0.3000000119
16505  -37.992  -68.501  -5.653 0.1000000015
16507  -39.803  -68.629  -5.299 0.2000000030
17310  -42.132  -66.439  -5.026 0.4000000060
18163  -37.546  -65.956  -8.333 0.1000000015
15665  -38.018  -69.718  2.810 0.1000000015
15666  -38.596  -70.174  3.501 0.2000000030
14923  -39.342  -70.585  3.841 0.5000000000
113067  -39.360  -70.874  3.091 0.4000000060
14924  -40.093  -71.228  3.650 0.4000000060
18062  -37.909  -66.353  3.214 0.5000000000
17225  -39.013  -67.628  3.632 0.4000000060
117708  -39.889  -68.956  4.055 0.4000000060
111716  -40.455  -69.869  4.213 0.5000000000
112780  -40.292  -70.530  4.141 0.5000000000
116288  -36.389  -64.586  2.170 0.5000000000
18830  -36.870  -65.181  2.903 0.5000000000
14912  -41.034  -70.864  3.946 0.4000000060
21095  -34.507  -62.721  2.023 0.4000000060
129672  -34.912  -63.222  2.201 0.4000000060
21106  -34.041  -62.123  1.776 0.4000000060
20332  -35.169  -62.873  1.582 0.5000000000
21107  -34.750  -62.316  1.260 0.4000000060
21926  -33.800  -61.306  1.663 0.3000000119
21927  -34.392  -61.682  1.032 0.3000000119
21956  -34.556  -61.476  0.287 0.3000000119
21973  -35.033  -62.077  -0.615 0.2000000030
22796  -34.143  -60.705  0.073 0.1000000015
21972  -34.626  -61.466  -0.384 0.3000000119
22813  -34.168  -60.891  -0.785 0.1000000015
119569  -34.632  -61.666  -1.140 0.3000000119
21178  -35.250  -62.808  -1.766 0.3000000119
21166  -34.723  -62.210  -1.786 0.2000000030
20368  -35.046  -63.144  -2.389 0.2000000030
19620  -36.206  -64.786  -3.036 0.2000000030
18887  -36.327  -65.712  -3.857 0.2000000030
19618  -34.815  -63.586  -3.533 0.2000000030
18878  -35.717  -65.117  -3.833 0.2000000030
18107  -37.285  -65.877  -3.482 0.2000000030
19628  -34.824  -63.804  -4.284 0.2000000030
18886  -35.686  -65.506  -4.570 0.1000000015
17289  -37.881  -67.396  -4.342 0.2000000030
16492  -38.325  -68.116  -4.772 0.2000000030
18903  -35.563  -64.991  -5.918 0.1000000015
18149  -35.827  -65.744  -5.862 0.1000000015
17325  -37.268  -67.947  -6.121 0.1000000015
18911  -36.507  -65.117  -7.176 0.1000000015
18158  -36.625  -66.125  -7.000 0.1000000015
17337  -37.425  -67.601  -7.205 0.1000000015
18912  -37.012  -65.616  -7.727 0.1000000015
18919  -38.032  -65.239  -8.801 0.1000000015
20413  -38.541  -63.741  -9.649 0.1000000015
15653  -38.203  -69.640  3.695 0.3000000119
15654  -38.885  -70.146  4.297 0.3000000119
16384  -38.251  -68.758  5.710 0.3000000119
16385  -38.742  -68.837  5.644 0.3000000119
15639  -39.156  -69.752  4.838 0.3000000119
14911  -39.532  -70.176  4.550 0.3000000119
115979  -38.819  -67.599  5.624 0.3000000119
16399  -39.398  -69.101  5.202 0.3000000119
15640  -39.723  -69.708  4.727 0.5000000000
18822  -37.521  -65.708  4.502 0.4000000060
115118  -38.598  -66.822  4.771 0.5000000000
129639  -39.026  -67.714  4.771 0.4000000060
17226  -39.490  -68.410  4.289 0.4000000060
20310  -33.760  -63.398  3.577 0.4000000060
120296  -35.604  -64.368  3.336 0.4000000060
19578  -36.311  -64.752  3.169 0.5000000000
18821  -36.853  -65.272  3.872 0.5000000000
111523  -33.170  -61.999  3.466 0.4000000060
21080  -33.471  -62.651  3.170 0.4000000060
20322  -34.250  -63.340  2.730 0.4000000060
20312  -35.114  -63.782  2.683 0.5000000000
112435  -33.464  -61.873  2.555 0.4000000060
21900  -33.126  -61.202  3.301 0.4000000060
22740  -33.054  -60.307  3.255 0.3000000119
111473  -33.569  -60.346  1.609 0.3000000119
23677  -33.575  -59.478  0.773 0.1000000015
112272  -33.710  -59.860  0.195 0.1000000015
22827  -33.734  -60.305  -1.302 0.1000000015
22828  -34.027  -61.032  -1.622 0.1000000015
112202  -34.321  -61.954  -2.566 0.2000000030
22833  -33.617  -60.363  -2.254 0.1000000015
21992  -33.909  -61.224  -2.510 0.1000000015
21185  -34.414  -62.390  -3.254 0.2000000030
21187  -34.361  -62.130  -3.955 0.2000000030
20389  -34.783  -63.099  -4.884 0.1000000015
122416  -35.370  -63.845  -5.710 0.1000000015
113519  -35.390  -62.736  -5.997 0.1000000015
18904  -35.951  -65.029  -6.477 0.1000000015
20402  -36.590  -63.486  -7.348 0.1000000015
19657  -36.779  -64.219  -7.543 0.1000000015
20407  -37.491  -63.643  -8.527 0.1000000015
21222  -37.676  -63.042  -8.834 0.1000000015
20408  -37.992  -63.722  -9.107 0.1000000015
133026  -38.452  -62.483  -9.685 0.1000000015
131734  -39.062  -62.168  -10.287 0.1000000015
120585  -39.758  -60.288  -11.210 0.1000000015
17195  -37.700  -68.189  6.090 0.3000000119
17211  -37.624  -68.521  5.284 0.2000000030
17182  -38.192  -67.564  6.626 0.3000000119
18040  -38.639  -66.877  5.531 0.4000000060
18026  -38.221  -66.445  6.023 0.3000000119
20296  -34.151  -63.893  4.249 0.3000000119
20311  -34.690  -64.017  3.563 0.3000000119
123730  -35.398  -64.479  4.084 0.4000000060
18811  -36.930  -65.259  4.848 0.4000000060
18812  -37.591  -65.776  5.479 0.3000000119
118780  -33.217  -62.660  4.164 0.3000000119
19555  -36.356  -64.933  5.147 0.4000000060
131120  -36.945  -65.210  5.945 0.4000000060
21883  -32.792  -60.635  4.720 0.3000000119
21884  -32.908  -61.546  4.268 0.3000000119
128057  -32.916  -60.715  3.925 0.3000000119
23615  -33.122  -59.092  4.559 0.3000000119
22720  -32.956  -59.964  4.157 0.3000000119
23630  -33.139  -59.306  3.382 0.3000000119
22756  -33.238  -59.886  2.478 0.3000000119
23646  -33.318  -59.123  2.510 0.3000000119
111533  -33.419  -59.450  1.880 0.2000000030
23658  -33.497  -59.069  1.355 0.1000000015
24481  -33.587  -58.742  0.757 0.1000000015
25244  -33.792  -57.872  0.814 0.1000000015
23697  -33.628  -59.323  -0.320 0.1000000015
24503  -33.582  -58.690  -0.934 0.1000000015
23706  -33.595  -59.534  -1.068 0.1000000015
115191  -33.478  -58.996  -1.724 0.1000000015
21999  -34.056  -61.567  -3.432 0.2000000030
22841  -33.998  -60.901  -4.023 0.2000000030
22005  -34.302  -61.500  -4.385 0.2000000030
21198  -34.973  -62.377  -5.508 0.1000000015
112799  -34.379  -60.611  -4.803 0.1000000015
131907  -35.060  -61.782  -5.754 0.1000000015
21207  -35.846  -62.712  -6.524 0.1000000015
22032  -35.660  -61.196  -6.608 0.1000000015
21212  -36.015  -61.972  -6.977 0.1000000015
21213  -36.381  -62.752  -7.198 0.1000000015
133288  -36.911  -62.451  -8.112 0.1000000015
21221  -37.296  -62.401  -8.454 0.1000000015
21228  -37.922  -62.429  -9.179 0.1000000015
22049  -38.390  -61.650  -9.660 0.1000000015
22900  -38.553  -60.500  -9.932 0.1000000015
22060  -39.156  -61.157  -10.376 0.1000000015
22916  -39.369  -60.311  -10.585 0.1000000015
23815  -39.512  -59.557  -10.836 0.1000000015
23823  -39.644  -59.535  -11.402 0.1000000015
17209  -36.122  -67.075  5.667 0.2000000030
17210  -36.866  -67.598  5.185 0.2000000030
17179  -36.378  -66.925  6.555 0.2000000030
124628  -37.721  -67.633  6.640 0.3000000119
18007  -36.717  -66.484  7.569 0.2000000030
17181  -37.689  -67.179  7.060 0.3000000119
19553  -34.836  -64.267  4.540 0.3000000119
19554  -35.664  -64.603  4.878 0.3000000119
18798  -37.656  -65.951  6.519 0.3000000119
114874  -32.979  -62.241  5.094 0.3000000119
118146  -33.265  -62.972  5.030 0.3000000119
20295  -33.630  -63.441  4.589 0.3000000119
19538  -35.072  -64.251  5.442 0.3000000119
19539  -36.046  -64.560  5.890 0.3000000119
22700  -32.790  -60.541  5.598 0.3000000119
134281  -32.801  -61.106  5.945 0.3000000119
126052  -35.330  -64.164  6.235 0.3000000119
19524  -36.611  -64.898  6.678 0.2000000030
18782  -37.191  -65.451  7.021 0.2000000030
23594  -33.166  -58.941  5.696 0.2000000030
23593  -32.924  -59.814  5.147 0.2000000030
24413  -33.255  -58.363  3.942 0.3000000119
24426  -33.419  -58.474  2.945 0.2000000030
25217  -33.751  -57.785  2.513 0.2000000030
25232  -33.900  -57.827  1.710 0.1000000015
111987  -33.982  -57.126  1.283 0.1000000015
26011  -34.162  -56.583  -0.013 0.1000000015
26768  -34.497  -55.782  0.321 0.1000000015
27593  -34.883  -55.094  0.097 0.1000000015
25259  -33.847  -57.460  -0.029 0.1000000015
25260  -34.045  -57.005  -0.756 0.1000000015
26032  -34.445  -56.275  -0.736 0.1000000015
129620  -35.271  -55.321  -1.037 0.1000000015
27604  -35.869  -54.961  -1.185 0.1000000015
27605  -36.643  -54.693  -1.270 0.1000000015
25266  -33.712  -58.087  -1.715 0.1000000015
26039  -34.461  -56.633  -1.551 0.1000000015
26040  -35.151  -56.125  -2.004 0.1000000015
26798  -36.341  -55.288  -1.788 0.1000000015
26810  -36.785  -55.733  -2.429 0.1000000015
23712  -33.494  -59.434  -2.520 0.1000000015
24510  -33.600  -58.614  -2.376 0.1000000015
133447  -33.559  -60.031  -2.859 0.1000000015
22849  -33.939  -60.103  -4.081 0.2000000030
22861  -34.694  -60.002  -5.286 0.1000000015
22026  -35.148  -61.267  -5.975 0.1000000015
22881  -35.837  -60.347  -6.888 0.1000000015
22033  -36.223  -61.100  -7.315 0.1000000015
22041  -37.241  -61.444  -8.549 0.1000000015
22890  -37.278  -60.489  -8.661 0.1000000015
120475  -37.769  -60.991  -9.263 0.1000000015
128485  -38.402  -59.691  -9.788 0.1000000015
23814  -38.989  -59.646  -10.293 0.1000000015
24608  -39.208  -58.847  -10.483 0.1000000015
18755  -34.921  -65.639  9.077 0.2000000030
17989  -37.492  -66.697  7.335 0.3000000119
18008  -38.048  -66.766  6.919 0.3000000119
18756  -35.591  -65.462  8.570 0.2000000030
17970  -35.614  -66.016  8.347 0.2000000030
17988  -36.577  -66.254  7.797 0.2000000030
18769  -37.150  -66.336  7.621 0.3000000119
18783  -37.519  -66.173  7.280 0.3000000119
21055  -33.270  -62.790  5.792 0.3000000119
20265  -33.705  -63.296  6.414 0.3000000119
20266  -34.399  -63.800  6.064 0.3000000119
19510  -35.016  -63.995  6.921 0.3000000119
134006  -32.907  -61.240  6.489 0.3000000119
21043  -33.362  -62.568  6.685 0.3000000119
122634  -34.210  -63.596  6.897 0.3000000119
19523  -35.959  -64.431  6.856 0.3000000119
23575  -33.283  -59.257  6.634 0.2000000030
22684  -32.980  -60.083  6.951 0.3000000119
19512  -36.568  -65.139  7.467 0.2000000030
126744  -33.418  -58.531  6.438 0.2000000030
24382  -33.311  -57.939  5.946 0.2000000030
24398  -33.190  -58.155  4.997 0.3000000119
25201  -33.414  -57.637  3.421 0.2000000030
25186  -33.269  -57.440  4.385 0.3000000119
25949  -33.398  -56.565  4.711 0.2000000030
25966  -33.364  -56.759  3.830 0.2000000030
116921  -33.616  -56.943  2.946 0.2000000030
26751  -34.111  -55.726  1.915 0.1000000015
118497  -34.525  -57.287  -2.930 0.1000000015
26050  -34.748  -56.695  -2.432 0.1000000015
26051  -35.447  -56.363  -2.706 0.1000000015
26052  -36.252  -56.243  -2.946 0.1000000015
24515  -33.759  -58.693  -3.258 0.1000000015
25284  -34.288  -57.862  -3.506 0.1000000015
25285  -35.005  -57.217  -3.728 0.1000000015
26074  -35.806  -56.924  -4.126 0.1000000015
23717  -33.960  -59.175  -4.091 0.1000000015
113265  -34.179  -58.426  -4.009 0.1000000015
24523  -34.947  -57.985  -4.952 0.1000000015
25295  -35.328  -57.504  -4.568 0.1000000015
25296  -36.034  -57.210  -4.854 0.1000000015
23737  -34.798  -59.271  -5.377 0.1000000015
24537  -35.077  -58.470  -5.482 0.1000000015
24555  -35.668  -58.327  -6.188 0.1000000015
22870  -35.094  -59.864  -5.826 0.1000000015
23757  -35.539  -59.708  -6.436 0.1000000015
23774  -36.058  -59.439  -7.038 0.1000000015
123353  -36.351  -60.177  -7.551 0.1000000015
22899  -37.814  -60.069  -9.342 0.1000000015
18737  -34.245  -65.756  10.344 0.3000000119
128797  -35.051  -64.869  9.198 0.3000000119
18767  -36.109  -65.249  8.130 0.2000000030
18768  -36.721  -65.835  7.876 0.2000000030
19499  -35.088  -64.201  8.912 0.3000000119
19500  -35.495  -64.674  8.523 0.3000000119
129572  -37.129  -65.790  7.545 0.2000000030
21861  -33.124  -61.733  6.941 0.3000000119
21016  -33.775  -62.500  8.215 0.3000000119
21030  -34.376  -63.264  8.233 0.3000000119
19511  -35.638  -64.404  7.742 0.3000000119
23559  -33.525  -59.483  7.583 0.2000000030
21848  -33.320  -61.516  7.844 0.3000000119
21836  -33.787  -61.690  8.688 0.3000000119
24370  -34.241  -58.626  7.765 0.2000000030
132352  -33.996  -58.201  7.279 0.2000000030
24383  -33.761  -57.884  6.753 0.2000000030
25158  -33.618  -57.168  6.147 0.2000000030
25930  -33.689  -56.447  5.556 0.3000000119
26726  -33.520  -55.882  4.096 0.2000000030
24556  -36.230  -57.904  -6.716 0.1000000015
132371  -36.322  -58.918  -7.250 0.1000000015
23790  -36.618  -59.267  -7.740 0.1000000015
22889  -36.856  -60.054  -8.123 0.1000000015
118873  -34.097  -66.280  11.338 0.1000000015
18724  -34.226  -65.603  11.062 0.2000000030
19483  -34.500  -64.928  10.620 0.3000000119
20221  -34.607  -63.934  10.501 0.3000000119
115611  -34.799  -63.941  9.543 0.3000000119
21017  -34.382  -62.775  8.901 0.3000000119
20228  -34.640  -63.211  9.382 0.3000000119
22649  -33.947  -60.173  8.961 0.3000000119
21822  -33.997  -61.041  9.205 0.3000000119
21823  -34.308  -61.921  9.303 0.3000000119
23527  -34.667  -59.462  9.234 0.2000000030
25145  -34.500  -57.785  7.333 0.1000000015
25146  -35.281  -57.598  7.579 0.1000000015
25159  -34.266  -57.133  6.714 0.2000000030
25913  -34.052  -56.611  6.232 0.2000000030
25914  -34.772  -56.405  6.465 0.2000000030
25931  -34.288  -56.091  5.962 0.3000000119
116589  -34.522  -64.327  11.193 0.3000000119
121920  -34.640  -63.187  10.013 0.3000000119
21007  -34.545  -62.566  9.629 0.3000000119
22629  -34.461  -60.431  9.569 0.3000000119
112613  -34.466  -61.215  9.679 0.3000000119
24348  -35.265  -58.730  9.101 0.2000000030
24349  -35.917  -58.456  9.284 0.1000000015
25135  -35.795  -57.679  7.931 0.1000000015
118033  -35.808  -57.354  7.445 0.1000000015
25160  -35.193  -57.062  7.089 0.1000000015
20207  -34.921  -63.312  11.745 0.3000000119
20997  -34.660  -62.984  10.889 0.3000000119
123248  -34.673  -62.499  10.256 0.3000000119
20998  -34.898  -62.067  10.795 0.3000000119
22630  -35.035  -59.924  9.992 0.2000000030
22611  -35.438  -60.399  10.549 0.3000000119
21812  -34.689  -61.766  10.056 0.3000000119
23529  -36.210  -58.748  9.981 0.2000000030
23509  -35.779  -59.544  10.334 0.2000000030
24351  -37.462  -58.082  9.414 0.1000000015
24350  -36.660  -58.194  9.422 0.1000000015
24352  -38.278  -58.077  9.200 0.1000000015
25128  -37.081  -57.799  8.641 0.1000000015
25136  -36.437  -57.733  8.227 0.1000000015
117479  -37.063  -57.593  7.860 0.1000000015
25147  -36.547  -57.400  7.480 0.1000000015
118940  -36.882  -57.157  6.762 0.1000000015
20981  -35.211  -62.471  11.502 0.2000000030
21801  -35.525  -61.645  11.268 0.2000000030
22612  -36.176  -60.041  10.916 0.2000000030
22598  -35.830  -60.842  11.102 0.2000000030
23511  -37.514  -59.044  10.774 0.1000000015
23510  -36.605  -59.226  10.613 0.2000000030
24339  -37.978  -58.386  10.151 0.1000000015
25129  -37.776  -57.854  8.697 0.1000000015
25137  -37.682  -57.655  7.991 0.1000000015
25148  -37.432  -57.551  7.051 0.1000000015
24362  -39.021  -58.091  8.698 0.1000000015
25138  -38.340  -57.815  8.282 0.1000000015
25149  -38.210  -57.844  7.342 0.1000000015
25162  -38.147  -57.832  6.260 0.1000000015
24363  -39.609  -58.249  8.060 0.1000000015
24372  -39.428  -58.384  7.141 0.1000000015
25150  -38.760  -58.220  6.756 0.1000000015
15688  -40.305  -69.100  0.620 0.4000000060
16453  -39.653  -68.653  0.870 0.4000000060
16461  -38.760  -68.080  -0.035 0.5000000000
15680  -41.006  -69.617  2.391 0.5000000000
16426  -39.978  -68.896  3.132 0.4000000060
112359  -42.728  -72.651  0.391 0.5000000000
15667  -40.570  -69.391  2.884 0.4000000060
121184  -40.926  -69.508  0.402 0.5000000000
14926  -41.652  -71.541  2.930 0.5000000000
15689  -41.006  -69.435  1.382 0.6000000238
14927  -42.398  -71.665  2.275 0.5000000000
13509  -43.004  -72.325  1.406 0.3000000119
13520  -44.598  -73.163  0.439 0.5000000000
14925  -41.487  -70.958  3.271 0.5000000000
13518  -41.718  -72.618  -0.297 0.5000000000
13510  -43.968  -72.502  1.236 0.4000000060
15709  -46.787  -69.725  -1.962 0.4000000060
120203  -47.351  -70.370  -1.885 0.4000000060
114600  -46.092  -69.296  -2.589 0.4000000060
16496  -45.066  -67.400  -4.687 0.3000000119
16482  -44.651  -67.783  -4.082 0.4000000060
16425  -38.920  -67.619  2.672 0.5000000000
15679  -40.416  -69.092  1.649 0.4000000060
18862  -38.797  -64.721  -1.454 0.3000000119
17261  -39.120  -68.048  -1.076 0.4000000060
15699  -40.306  -69.217  -0.314 0.6000000238
17266  -39.217  -66.878  -1.790 0.5000000000
111794  -40.656  -69.117  -1.276 0.6000000238
111928  -42.443  -70.230  0.659 0.6000000238
134063  -41.947  -69.980  0.831 0.6000000238
15690  -41.584  -69.745  1.088 0.6000000238
14934  -41.593  -70.146  2.326 0.6000000238
14936  -42.728  -70.928  1.833 0.5000000000
13496  -43.007  -72.070  1.715 0.5000000000
18092  -39.674  -65.390  -2.369 0.4000000060
16471  -40.366  -67.548  -2.484 0.5000000000
14954  -42.226  -70.160  -0.448 0.6000000238
15704  -41.404  -69.222  -1.934 0.5000000000
14943  -43.317  -70.663  1.090 0.5000000000
14937  -43.330  -71.460  1.655 0.5000000000
18866  -39.169  -64.178  -1.993 0.4000000060
19607  -37.633  -63.629  -1.470 0.4000000060
17272  -39.965  -66.544  -2.516 0.5000000000
14970  -43.067  -69.994  -1.915 0.4000000060
126595  -42.152  -69.863  -1.521 0.5000000000
18872  -39.073  -64.275  -2.401 0.4000000060
18871  -38.255  -64.480  -2.608 0.3000000119
133025  -40.308  -65.338  -3.344 0.5000000000
17273  -40.639  -66.421  -3.119 0.5000000000
128484  -41.620  -66.948  -3.489 0.5000000000
14982  -43.462  -69.243  -2.686 0.4000000060
14983  -44.076  -69.895  -2.050 0.5000000000
17280  -41.299  -66.278  -3.616 0.5000000000
15708  -44.700  -69.293  -2.647 0.4000000060
18126  -41.161  -65.920  -4.224 0.4000000060
18125  -40.328  -65.731  -4.022 0.4000000060
17281  -42.049  -66.445  -3.931 0.4000000060
16481  -43.521  -67.521  -4.030 0.4000000060
18052  -38.574  -66.896  3.902 0.5000000000
17237  -39.495  -68.233  3.334 0.4000000060
14197  -41.170  -71.486  3.492 0.5000000000
21131  -34.935  -62.100  0.478 0.3000000119
20369  -35.699  -63.385  -1.980 0.3000000119
19611  -37.260  -64.412  -2.370 0.3000000119
112729  -38.018  -65.152  -3.025 0.3000000119
18108  -38.467  -65.524  -3.400 0.3000000119
120934  -39.396  -66.215  -4.055 0.3000000119
17291  -39.812  -66.699  -4.472 0.3000000119
18123  -37.565  -66.606  -3.908 0.2000000030
17293  -41.514  -66.216  -4.582 0.4000000060
18140  -42.274  -66.405  -4.837 0.4000000060
16494  -40.277  -67.497  -4.850 0.3000000119
16508  -40.813  -68.288  -5.350 0.2000000030
17308  -37.443  -67.914  -5.065 0.2000000030
16506  -38.863  -68.696  -5.384 0.2000000030
17350  -37.842  -67.026  -8.254 0.1000000015
18918  -37.402  -65.052  -8.291 0.1000000015
18051  -38.028  -66.268  4.176 0.4000000060
120301  -37.420  -65.729  3.560 0.4000000060
16410  -39.735  -69.187  4.684 0.4000000060
19577  -35.826  -64.164  2.460 0.5000000000
21094  -33.830  -62.686  2.490 0.4000000060
21955  -34.078  -60.932  0.883 0.2000000030
22812  -33.767  -60.128  -0.504 0.1000000015
22795  -33.734  -60.191  0.793 0.1000000015
21177  -34.685  -62.627  -2.458 0.2000000030
114626  -34.328  -61.614  -1.918 0.2000000030
20376  -35.190  -63.622  -2.785 0.2000000030
20375  -34.698  -63.082  -3.067 0.2000000030
19619  -35.285  -64.319  -3.474 0.2000000030
18121  -36.099  -66.061  -4.595 0.2000000030
121746  -34.567  -62.927  -3.970 0.2000000030
19629  -35.259  -64.677  -4.590 0.1000000015
18122  -36.688  -66.436  -4.210 0.2000000030
19642  -35.042  -63.894  -5.104 0.1000000015
19643  -35.361  -64.503  -5.489 0.1000000015
18897  -35.518  -65.244  -5.301 0.1000000015
18138  -35.784  -65.869  -5.136 0.2000000030
18139  -36.231  -66.552  -5.149 0.2000000030
20395  -35.609  -63.363  -6.118 0.1000000015
18150  -36.335  -66.481  -6.152 0.1000000015
17324  -36.731  -67.325  -5.582 0.1000000015
18151  -36.830  -67.084  -6.621 0.1000000015
16519  -37.904  -68.457  -6.686 0.1000000015
19650  -36.280  -64.239  -6.908 0.1000000015
18159  -37.160  -66.587  -7.571 0.1000000015
128974  -36.979  -64.847  -7.787 0.1000000015
19665  -37.763  -64.383  -8.722 0.1000000015
115200  -38.185  -63.081  -9.419 0.1000000015
16409  -37.701  -68.979  4.043 0.3000000119
15638  -38.494  -69.551  4.577 0.3000000119
16370  -38.136  -68.209  6.266 0.3000000119
17196  -38.648  -68.042  6.103 0.3000000119
16397  -38.122  -69.067  5.059 0.3000000119
15627  -39.185  -69.383  5.172 0.3000000119
17197  -39.069  -68.404  5.481 0.3000000119
18027  -38.576  -67.193  6.242 0.3000000119
133806  -38.787  -67.246  5.185 0.3000000119
17212  -39.446  -68.621  4.983 0.3000000119
18039  -38.155  -66.260  5.081 0.4000000060
134554  -33.755  -63.066  2.952 0.4000000060
21913  -33.372  -60.820  2.452 0.3000000119
122797  -33.538  -59.719  1.283 0.2000000030
119416  -33.604  -59.175  0.275 0.1000000015
120733  -33.524  -59.729  -1.759 0.1000000015
22840  -33.699  -60.591  -3.238 0.2000000030
21197  -34.554  -62.260  -4.691 0.1000000015
20390  -35.159  -63.227  -5.572 0.1000000015
22015  -35.432  -62.005  -6.202 0.1000000015
20396  -36.101  -63.450  -6.705 0.1000000015
21214  -36.853  -62.833  -7.916 0.1000000015
20403  -37.048  -63.549  -7.953 0.1000000015
127915  -37.266  -63.067  -8.328 0.1000000015
22048  -37.713  -61.819  -9.018 0.1000000015
125325  -37.061  -68.088  4.192 0.2000000030
20281  -34.237  -63.901  5.055 0.3000000119
19570  -36.179  -64.845  4.186 0.4000000060
21873  -32.769  -61.329  5.270 0.3000000119
24441  -33.634  -58.590  2.045 0.1000000015
24495  -33.672  -58.441  -0.026 0.1000000015
24462  -33.688  -58.415  1.354 0.1000000015
127384  -33.963  -57.101  0.575 0.1000000015
117712  -33.734  -57.828  -0.799 0.1000000015
123455  -34.731  -61.487  -5.267 0.1000000015
22025  -34.906  -60.619  -5.569 0.1000000015
21220  -36.660  -61.999  -7.864 0.1000000015
17194  -37.075  -67.454  6.335 0.2000000030
18006  -35.927  -66.601  7.171 0.2000000030
17180  -37.112  -67.015  7.135 0.2000000030
17161  -37.195  -66.671  7.456 0.2000000030
21874  -33.025  -61.846  6.022 0.3000000119
20280  -33.667  -63.424  5.494 0.3000000119
23574  -32.938  -59.847  6.088 0.3000000119
22683  -32.846  -60.614  6.377 0.3000000119
116343  -33.929  -57.063  2.105 0.1000000015
26012  -34.183  -56.467  0.837 0.1000000015
134519  -34.449  -56.045  -0.243 0.1000000015
26789  -34.791  -55.573  -0.502 0.1000000015
119929  -33.984  -57.359  -1.390 0.1000000015
26796  -34.898  -55.873  -1.272 0.1000000015
26797  -35.564  -55.545  -1.618 0.1000000015
26799  -37.271  -55.092  -1.798 0.1000000015
25277  -34.216  -57.318  -2.124 0.1000000015
26809  -35.923  -55.835  -2.294 0.1000000015
26811  -37.714  -55.809  -2.383 0.1000000015
24511  -33.950  -57.946  -2.664 0.1000000015
23716  -33.671  -59.672  -3.368 0.1000000015
23722  -34.330  -59.628  -4.769 0.1000000015
22871  -35.344  -60.500  -6.239 0.1000000015
22040  -36.721  -60.893  -8.049 0.1000000015
17971  -36.196  -65.860  8.176 0.2000000030
21847  -32.945  -60.925  7.084 0.3000000119
117820  -33.429  -62.335  7.443 0.3000000119
20252  -34.705  -63.689  7.616 0.3000000119
20251  -33.817  -63.119  7.389 0.3000000119
24369  -33.681  -58.646  7.109 0.2000000030
22666  -33.252  -60.476  7.729 0.3000000119
25174  -33.325  -57.258  5.311 0.3000000119
115944  -33.798  -56.142  2.522 0.1000000015
25997  -34.084  -56.394  1.649 0.1000000015
26064  -35.033  -56.795  -3.061 0.1000000015
25294  -34.649  -57.887  -4.291 0.1000000015
24522  -34.508  -58.654  -4.744 0.1000000015
23738  -35.277  -59.095  -6.003 0.1000000015
116262  -35.719  -59.038  -6.510 0.1000000015
18745  -34.614  -65.305  9.814 0.3000000119
127984  -34.691  -64.594  9.922 0.3000000119
20236  -35.088  -63.912  8.346 0.3000000119
20235  -34.771  -63.552  8.889 0.3000000119
131746  -34.064  -62.251  8.786 0.3000000119
23543  -33.596  -60.057  8.286 0.3000000119
23544  -34.101  -59.413  8.417 0.3000000119
22648  -33.558  -60.811  8.514 0.3000000119
26684  -34.029  -55.797  5.466 0.2000000030
26705  -33.693  -55.830  4.921 0.2000000030
131872  -33.758  -55.353  3.909 0.2000000030
128193  -33.844  -66.618  10.840 0.1000000015
19469  -34.510  -64.974  11.481 0.2000000030
24359  -34.803  -58.716  8.543 0.2000000030
24371  -35.053  -58.075  7.988 0.2000000030
19470  -34.731  -64.214  11.889 0.3000000119
20206  -34.613  -63.722  11.275 0.3000000119
22610  -34.848  -60.832  10.121 0.3000000119
23528  -35.448  -59.107  9.686 0.2000000030
24360  -35.658  -58.172  8.569 0.1000000015
24361  -36.355  -58.034  8.828 0.1000000015
25161  -36.164  -56.982  6.998 0.1000000015
21813  -35.173  -61.246  10.657 0.3000000119
24338  -37.059  -58.467  10.165 0.1000000015
21802  -36.279  -61.298  11.619 0.2000000030
25139  -38.918  -58.002  7.708 0.1000000015
12790  -43.539  -74.271  -0.518 0.3000000119
12079  -41.876  -75.054  -0.669 0.3000000119
12080  -43.369  -75.290  -0.504 0.3000000119
8869  -38.981  -79.382  2.685 0.2000000030
8209  -36.720  -80.738  3.266 0.2000000030
11408  -41.418  -75.805  -0.384 0.4000000060
10123  -41.273  -77.692  0.814 0.3000000119
12081  -44.829  -75.425  -0.514 0.4000000060
10747  -41.927  -77.188  0.463 0.3000000119
10114  -39.768  -77.799  1.505 0.3000000119
119288  -44.742  -74.181  -0.333 0.4000000060
10757  -43.731  -77.192  -0.272 0.4000000060
123115  -40.753  -78.104  1.327 0.3000000119
8222  -39.678  -80.624  2.814 0.2000000030
11410  -44.566  -76.556  -0.560 0.4000000060
10124  -42.355  -78.059  0.592 0.4000000060
12791  -45.343  -73.939  -0.303 0.4000000060
10748  -43.021  -77.582  0.165 0.4000000060
9479  -41.224  -78.921  1.520 0.3000000119
8223  -40.324  -81.042  2.371 0.3000000119
11411  -45.376  -75.951  -0.808 0.4000000060
8885  -42.510  -79.234  0.590 0.3000000119
8871  -40.762  -80.372  1.806 0.4000000060
134387  -45.869  -73.674  -0.428 0.4000000060
10758  -44.208  -77.325  -0.659 0.4000000060
8900  -42.196  -79.570  0.473 0.3000000119
14244  -46.296  -71.782  -0.484 0.4000000060
11412  -45.789  -75.593  -0.968 0.4000000060
111563  -44.831  -76.738  -0.980 0.4000000060
127102  -43.469  -78.162  -0.675 0.4000000060
12794  -46.466  -72.880  -0.997 0.4000000060
10766  -44.266  -77.466  -0.977 0.4000000060
121478  -42.584  -78.905  -0.622 0.3000000119
14245  -46.987  -71.673  -1.209 0.4000000060
12099  -45.305  -75.709  -1.394 0.4000000060
11431  -44.935  -76.454  -1.338 0.4000000060
9507  -43.112  -78.437  -0.899 0.4000000060
12803  -46.193  -74.729  -1.046 0.4000000060
12114  -45.640  -74.835  -1.431 0.4000000060
10765  -43.760  -77.518  -1.354 0.4000000060
9497  -41.756  -79.105  -0.697 0.3000000119
13539  -46.517  -72.638  -1.364 0.4000000060
120338  -44.333  -75.701  -1.899 0.4000000060
10778  -43.325  -76.796  -1.782 0.4000000060
10140  -42.813  -77.890  -1.428 0.3000000119
9496  -40.671  -79.113  -0.702 0.2000000030
13540  -47.024  -71.661  -1.574 0.3000000119
12809  -45.997  -73.651  -1.464 0.4000000060
121356  -46.153  -72.574  -1.897 0.4000000060
12808  -44.825  -73.734  -2.113 0.4000000060
128356  -43.271  -75.451  -2.220 0.4000000060
10777  -42.078  -76.506  -2.124 0.4000000060
9505  -41.071  -78.485  -1.145 0.2000000030
10138  -40.259  -77.652  -1.544 0.2000000030
9495  -39.512  -78.989  -0.664 0.3000000119
14985  -47.353  -70.361  -2.210 0.3000000119
14263  -47.321  -71.057  -2.142 0.3000000119
14261  -45.753  -71.899  -2.554 0.3000000119
11429  -42.458  -75.772  -2.306 0.3000000119
126088  -41.123  -76.432  -2.175 0.2000000030
9504  -39.909  -78.343  -1.112 0.2000000030
8915  -38.155  -79.645  -0.337 0.2000000030
15725  -47.162  -69.107  -3.031 0.3000000119
14275  -46.583  -71.130  -2.713 0.3000000119
12807  -43.551  -73.678  -2.568 0.4000000060
10776  -40.363  -76.052  -2.329 0.1000000015
16484  -46.704  -68.507  -3.908 0.3000000119
14998  -46.156  -70.522  -3.567 0.3000000119
13537  -43.747  -72.592  -2.806 0.2000000030
12112  -41.244  -74.743  -2.767 0.2000000030
10137  -39.164  -77.565  -1.618 0.1000000015
8927  -37.360  -79.329  -0.864 0.2000000030
14273  -43.979  -71.353  -3.718 0.2000000030
13551  -43.449  -71.851  -3.380 0.2000000030
12123  -41.372  -73.875  -3.197 0.1000000015
10775  -39.564  -76.109  -2.408 0.1000000015
10136  -38.106  -77.383  -1.786 0.1000000015
113204  -37.638  -78.054  -1.440 0.1000000015
123557  -46.002  -67.813  -4.644 0.2000000030
125206  -47.095  -69.791  -3.675 0.3000000119
17312  -43.854  -66.870  -5.250 0.2000000030
16497  -46.014  -67.675  -5.203 0.1000000015
15734  -47.112  -69.085  -3.936 0.3000000119
15008  -45.447  -70.625  -4.239 0.2000000030
120528  -42.047  -72.635  -3.563 0.1000000015
11427  -39.819  -75.410  -2.753 0.1000000015
10773  -37.640  -76.500  -2.457 0.1000000015
10135  -36.572  -78.047  -1.763 0.1000000015
17314  -45.376  -67.523  -5.588 0.2000000030
15743  -46.886  -68.891  -5.118 0.2000000030
15018  -46.334  -70.226  -5.195 0.2000000030
14282  -44.448  -71.083  -4.486 0.1000000015
14272  -42.942  -71.689  -3.913 0.1000000015
12816  -40.831  -73.349  -3.948 0.1000000015
122723  -39.689  -74.205  -3.889 0.1000000015
11425  -37.938  -75.702  -3.025 0.1000000015
10148  -36.289  -77.378  -2.476 0.1000000015
8925  -34.728  -79.770  -2.135 0.1000000015
133307  -46.496  -69.166  -5.897 0.1000000015
15017  -45.519  -70.641  -4.895 0.2000000030
14289  -43.598  -71.603  -5.156 0.1000000015
13562  -41.844  -72.358  -4.647 0.1000000015
118954  -39.498  -74.151  -4.646 0.1000000015
10785  -36.438  -76.679  -3.379 0.1000000015
133412  -35.390  -78.101  -2.573 0.1000000015
8281  -34.264  -80.540  -2.373 0.1000000015
13573  -42.796  -72.084  -5.349 0.1000000015
12135  -39.584  -74.299  -5.355 0.1000000015
12134  -38.820  -74.765  -4.972 0.1000000015
9520  -35.087  -78.193  -3.449 0.1000000015
130780  -34.507  -79.493  -3.572 0.1000000015
11447  -37.568  -75.701  -4.421 0.1000000015
26675  -34.660  -55.502  5.701 0.2000000030
17326  -43.557  -67.003  -5.473 0.2000000030
17327  -44.203  -67.308  -5.773 0.1000000015
16511  -45.960  -67.831  -5.826 0.1000000015
16525  -45.794  -68.238  -6.454 0.1000000015
14290  -44.822  -71.308  -5.474 0.1000000015
15028  -46.304  -69.828  -6.398 0.1000000015
13572  -42.022  -72.341  -5.242 0.1000000015
10146  -35.057  -78.078  -2.945 0.1000000015
10772  -36.128  -77.061  -2.939 0.1000000015
11438  -37.618  -75.573  -3.757 0.1000000015
123357  -40.945  -73.282  -5.512 0.1000000015
11409  -43.003  -76.089  -0.418 0.3000000119
9472  -39.737  -78.911  2.316 0.3000000119
9473  -40.637  -79.418  1.918 0.3000000119
9480  -42.033  -79.181  1.040 0.3000000119
12792  -45.848  -74.299  -0.577 0.4000000060
9487  -43.417  -78.245  -0.282 0.4000000060
8901  -42.716  -79.230  0.196 0.3000000119
112126  -44.563  -74.801  -2.015 0.4000000060
10764  -41.799  -77.110  -1.834 0.2000000030
13538  -45.170  -72.705  -2.320 0.3000000119
125101  -42.275  -74.647  -2.561 0.2000000030
9494  -38.259  -78.936  -0.836 0.2000000030
126292  -47.214  -70.366  -2.795 0.3000000119
11428  -40.992  -75.617  -2.442 0.2000000030
10762  -39.436  -76.881  -2.022 0.1000000015
14274  -45.235  -71.293  -3.301 0.2000000030
130463  -42.793  -72.867  -3.056 0.2000000030
12111  -40.198  -74.761  -3.125 0.1000000015
9502  -36.465  -79.007  -1.290 0.1000000015
12122  -40.525  -74.068  -3.554 0.1000000015
10774  -38.607  -76.195  -2.479 0.1000000015
15010  -46.975  -69.568  -4.626 0.3000000119
13550  -41.395  -72.716  -4.226 0.1000000015
11440  -39.225  -74.814  -3.553 0.1000000015
113279  -36.686  -76.713  -2.743 0.1000000015
10134  -35.750  -78.478  -1.981 0.1000000015
17329  -45.402  -67.830  -6.121 0.1000000015
13563  -42.603  -71.909  -4.628 0.1000000015
12828  -40.664  -73.245  -4.624 0.1000000015
12121  -38.836  -74.692  -4.289 0.1000000015
8934  -34.504  -79.379  -2.727 0.1000000015
12844  -40.479  -73.393  -5.109 0.1000000015
8280  -33.786  -80.587  -3.003 0.1000000015
117359  -43.460  -72.266  -5.778 0.1000000015
14291  -46.175  -70.520  -5.947 0.1000000015
125181  -39.210  -72.044  -1.199 0.3000000119
13531  -39.410  -72.820  -1.435 0.2000000030
12799  -38.775  -73.522  -1.489 0.3000000119
12800  -39.733  -73.608  -1.374 0.2000000030
14241  -39.830  -71.304  0.641 0.4000000060
128588  -39.649  -71.818  -0.773 0.2000000030
114323  -40.113  -71.675  -0.234 0.4000000060
14257  -40.065  -72.251  -0.929 0.3000000119
12076  -38.490  -74.838  -0.845 0.2000000030
120220  -40.197  -72.972  -1.309 0.2000000030
12077  -39.466  -74.981  -0.760 0.2000000030
11405  -37.849  -75.312  -0.304 0.1000000015
11406  -38.802  -75.599  -0.294 0.2000000030
11398  -38.045  -75.979  0.297 0.1000000015
12801  -40.783  -73.622  -1.159 0.3000000119
11397  -37.228  -75.420  0.460 0.1000000015
10754  -39.578  -76.048  -0.166 0.2000000030
128801  -37.595  -76.052  0.949 0.1000000015
129703  -37.756  -77.144  2.081 0.1000000015
10744  -38.250  -76.520  1.020 0.1000000015
10112  -38.330  -77.104  1.632 0.1000000015
9468  -35.369  -78.668  2.577 0.1000000015
10103  -36.601  -77.682  2.470 0.1000000015
10104  -37.533  -77.672  2.391 0.1000000015
112819  -35.897  -79.250  2.830 0.1000000015
9469  -36.224  -78.498  2.684 0.1000000015
13533  -41.574  -73.252  -0.899 0.3000000119
12078  -40.752  -74.964  -0.745 0.2000000030
10745  -39.826  -76.715  0.397 0.2000000030
10753  -38.915  -76.346  0.404 0.2000000030
10736  -39.139  -77.134  1.051 0.2000000030
119575  -36.762  -79.207  2.929 0.1000000015
8865  -34.670  -79.719  2.216 0.1000000015
12789  -42.525  -73.325  -0.548 0.2000000030
12802  -42.034  -74.129  -0.833 0.3000000119
10755  -40.503  -76.269  -0.162 0.2000000030
10113  -38.985  -77.575  1.711 0.2000000030
9471  -38.131  -78.444  2.556 0.1000000015
8219  -34.854  -80.653  2.410 0.1000000015
129689  -35.669  -79.857  2.844 0.1000000015
10746  -40.814  -76.953  0.418 0.3000000119
10106  -39.351  -78.111  2.049 0.2000000030
122638  -38.929  -78.451  2.398 0.1000000015
8220  -35.386  -81.013  2.871 0.1000000015
8856  -38.567  -80.292  3.068 0.1000000015
125152  -35.015  -82.249  2.928 0.1000000015
8210  -38.141  -81.217  3.352 0.1000000015
121834  -39.542  -81.389  3.255 0.1000000015
7054  -35.421  -82.859  3.373 0.1000000015
7040  -36.270  -82.778  3.658 0.1000000015
13519  -43.680  -73.280  -0.067 0.2000000030
129192  -38.324  -82.275  3.576 0.1000000015
7628  -40.109  -82.149  3.233 0.1000000015
6042  -34.581  -84.797  1.976 0.1000000015
6516  -36.203  -83.704  3.845 0.1000000015
7041  -37.289  -82.586  3.665 0.1000000015
129295  -39.269  -82.793  3.618 0.1000000015
8238  -41.040  -80.327  1.230 0.3000000119
6503  -38.135  -84.818  4.689 0.1000000015
14242  -40.927  -72.092  -0.219 0.3000000119
13532  -40.901  -72.710  -0.918 0.2000000030
8855  -37.340  -80.064  3.147 0.1000000015
7625  -35.556  -81.937  3.199 0.1000000015
10122  -40.223  -77.428  0.922 0.2000000030
12097  -40.144  -74.386  -1.109 0.2000000030
12098  -41.068  -74.375  -0.921 0.3000000119
6526  -34.927  -84.054  2.636 0.1000000015
117119  -35.419  -84.564  3.572 0.1000000015
7042  -38.551  -83.103  3.800 0.1000000015
6536  -34.544  -84.006  1.589 0.1000000015
6026  -36.975  -84.615  4.495 0.1000000015
8237  -40.481  -81.015  1.877 0.2000000030
6537  -38.523  -84.081  2.963 0.1000000015
6043  -37.863  -84.688  2.479 0.1000000015
6552  -37.669  -83.867  1.801 0.2000000030
4961  -37.253  -86.193  1.216 0.1000000015
7643  -39.763  -81.804  2.051 0.2000000030
7066  -39.390  -82.718  2.485 0.2000000030
127508  -37.403  -84.654  1.128 0.2000000030
7075  -37.973  -82.430  1.569 0.1000000015
5518  -37.317  -85.528  0.485 0.1000000015
117683  -37.415  -83.050  1.209 0.2000000030
7074  -37.269  -82.332  0.722 0.1000000015
7644  -40.195  -81.472  2.100 0.2000000030
7655  -39.266  -81.350  1.313 0.1000000015
6051  -37.004  -83.900  0.459 0.1000000015
7083  -36.815  -82.897  0.193 0.1000000015
8250  -41.283  -80.176  0.858 0.2000000030
7656  -39.994  -81.157  1.344 0.2000000030
7654  -38.711  -81.835  1.568 0.1000000015
8897  -39.918  -80.338  0.478 0.1000000015
8248  -38.271  -81.048  0.810 0.1000000015
8899  -41.673  -79.832  0.397 0.2000000030
8898  -40.923  -80.074  0.461 0.2000000030
8917  -40.282  -79.672  -0.167 0.2000000030
116283  -37.378  -80.655  0.138 0.1000000015
8249  -39.096  -80.713  0.727 0.1000000015
8918  -41.328  -79.636  -0.195 0.2000000030
8263  -38.069  -80.270  0.251 0.1000000015
8262  -36.722  -81.114  -0.163 0.1000000015
7057  -40.090  -82.271  2.736 0.1000000015
7055  -39.330  -83.479  3.020 0.1000000015
13530  -38.392  -72.633  -1.614 0.1000000015
133829  -37.627  -68.700  4.683 0.2000000030
16423  -36.912  -68.295  3.038 0.1000000015
17969  -34.442  -66.200  8.829 0.1000000015
18025  -35.414  -66.833  6.143 0.1000000015
18038  -35.119  -66.891  5.122 0.1000000015
17987  -35.941  -66.320  7.880 0.1000000015
115029  -33.741  -66.516  9.272 0.2000000030
18004  -33.890  -67.195  6.089 0.1000000015
17958  -34.296  -65.985  9.642 0.2000000030
117229  -35.087  -66.302  8.258 0.1000000015
17986  -34.938  -66.533  7.600 0.1000000015
18005  -34.706  -66.758  6.629 0.1000000015
18024  -34.440  -66.927  5.635 0.1000000015
126048  -33.639  -66.852  8.566 0.1000000015
14953  -39.018  -70.782  0.234 0.1000000015
14240  -39.221  -71.392  -0.552 0.1000000015
20190  -35.651  -62.970  12.244 0.1000000015
129359  -35.229  -63.760  12.267 0.1000000015
113965  -35.348  -64.616  12.554 0.1000000015
131983  -35.196  -65.277  12.609 0.1000000015
17918  -34.417  -66.684  12.099 0.1000000015
19446  -34.823  -65.104  12.176 0.1000000015
19430  -36.214  -64.680  13.065 0.1000000015
18681  -36.591  -65.441  13.403 0.1000000015
17903  -35.599  -66.382  13.158 0.1000000015
17090  -35.200  -67.731  12.868 0.1000000015
19447  -35.938  -63.860  12.650 0.1000000015
18704  -34.985  -65.924  12.578 0.1000000015
17919  -35.070  -66.886  12.787 0.1000000015
16296  -34.659  -68.156  12.381 0.1000000015
20191  -36.575  -63.195  12.640 0.1000000015
127095  -36.386  -67.623  13.389 0.1000000015
19431  -37.059  -64.750  13.339 0.1000000015
17904  -36.227  -66.169  13.428 0.1000000015
130020  -36.028  -66.665  13.394 0.1000000015
19448  -36.818  -64.003  13.000 0.1000000015
118628  -35.783  -67.196  13.263 0.1000000015
16297  -35.353  -68.576  12.749 0.1000000015
21787  -36.866  -61.759  12.164 0.1000000015
134494  -36.988  -61.054  11.772 0.1000000015
17906  -37.947  -66.166  13.649 0.1000000015
17905  -37.038  -66.176  13.593 0.1000000015
117789  -36.567  -66.913  13.508 0.1000000015
19432  -37.604  -64.207  13.188 0.1000000015
20192  -37.546  -63.392  12.865 0.1000000015
21788  -37.650  -61.979  12.361 0.1000000015
130109  -36.611  -60.575  11.375 0.1000000015
26706  -34.206  -55.263  5.089 0.1000000015
27514  -33.921  -55.279  4.417 0.1000000015
27533  -34.422  -54.325  3.226 0.1000000015
21789  -38.350  -61.865  12.213 0.1000000015
22599  -37.441  -60.494  11.548 0.1000000015
23491  -37.041  -59.836  11.137 0.1000000015
128274  -34.763  -55.915  6.125 0.1000000015
127791  -33.508  -56.213  3.346 0.1000000015
118381  -33.719  -55.474  3.300 0.1000000015
27494  -34.818  -54.794  5.269 0.1000000015
28466  -35.017  -53.839  2.100 0.1000000015
27546  -34.039  -54.840  3.020 0.1000000015
27547  -34.428  -54.505  2.415 0.1000000015
129848  -37.769  -64.837  13.378 0.1000000015
120719  -37.495  -66.928  13.681 0.1000000015
17068  -37.087  -67.640  13.531 0.1000000015
26738  -34.006  -55.270  2.471 0.1000000015
18703  -34.465  -65.747  11.820 0.1000000015
17933  -33.955  -67.019  11.395 0.1000000015
20982  -35.961  -62.067  11.899 0.1000000015
27532  -34.088  -54.842  3.776 0.1000000015
18680  -35.689  -65.483  13.058 0.1000000015
17107  -34.219  -67.578  11.935 0.1000000015
17089  -34.671  -67.413  12.451 0.1000000015
20966  -37.195  -62.554  12.533 0.1000000015
20967  -38.139  -62.638  12.584 0.1000000015
27515  -34.512  -54.591  4.589 0.1000000015
16509  -41.950  -67.779  -5.543 0.1000000015
15754  -42.149  -68.907  -6.259 0.1000000015
15742  -41.292  -68.912  -5.857 0.1000000015
14254  -35.885  -71.107  -1.450 0.1000000015
125883  -36.180  -71.804  -1.459 0.1000000015
126307  -36.963  -72.015  -1.531 0.1000000015
131468  -35.070  -70.350  -1.261 0.1000000015
116399  -35.515  -71.603  -1.351 0.1000000015
13527  -35.697  -72.217  -1.233 0.1000000015
14255  -36.676  -71.287  -1.443 0.1000000015
14950  -34.508  -70.228  -1.068 0.1000000015
15702  -36.085  -69.686  -0.894 0.1000000015
14951  -36.958  -69.966  -0.753 0.1000000015
14238  -33.520  -71.111  -0.533 0.1000000015
14948  -33.107  -70.499  -0.240 0.1000000015
15694  -34.620  -69.383  -0.663 0.1000000015
14940  -32.493  -70.612  0.204 0.1000000015
130039  -33.985  -69.661  -0.669 0.1000000015
11920  -30.770  -74.263  13.095 0.1000000015
11919  -30.108  -74.169  12.592 0.1000000015
11267  -28.257  -75.304  10.592 0.1000000015
10645  -27.916  -75.520  9.958 0.1000000015
11979  -27.601  -74.460  8.665 0.1000000015
11996  -27.474  -74.473  7.847 0.1000000015
126299  -37.517  -71.458  -1.404 0.1000000015
11328  -27.499  -75.344  7.298 0.1000000015
117144  -27.364  -74.352  7.008 0.1000000015
14224  -32.261  -71.359  0.289 0.1000000015
14223  -31.502  -71.498  0.660 0.1000000015
120926  -37.960  -73.415  -1.581 0.1000000015
12011  -27.361  -74.990  6.530 0.1000000015
133851  -27.383  -74.274  4.762 0.1000000015
12768  -28.356  -73.813  3.392 0.1000000015
13495  -30.704  -72.500  1.527 0.1000000015
14211  -30.347  -71.805  1.738 0.1000000015
14931  -31.112  -70.764  1.085 0.1000000015
15692  -32.730  -69.876  0.182 0.1000000015
12095  -38.189  -74.109  -1.326 0.1000000015
11334  -27.533  -75.762  6.444 0.1000000015
12033  -27.688  -74.425  3.508 0.1000000015
13486  -29.550  -72.357  2.818 0.1000000015
14930  -30.497  -71.018  1.702 0.1000000015
11930  -29.385  -74.555  11.945 0.1000000015
11944  -28.443  -74.393  10.644 0.1000000015
15696  -36.727  -69.342  -0.245 0.1000000015
15697  -37.435  -69.645  0.013 0.1000000015
14968  -37.254  -70.696  -1.133 0.1000000015
11963  -27.840  -74.256  9.437 0.1000000015
12705  -27.546  -73.842  8.261 0.1000000015
12689  -27.706  -73.627  8.911 0.1000000015
131278  -37.707  -72.123  -1.602 0.1000000015
12756  -27.550  -73.641  4.797 0.1000000015
12763  -28.514  -73.022  3.798 0.1000000015
13481  -29.003  -72.285  3.504 0.1000000015
122914  -32.183  -70.061  0.557 0.1000000015
13480  -28.582  -72.226  4.208 0.1000000015
14204  -29.433  -71.523  3.233 0.1000000015
14922  -30.961  -70.203  1.780 0.1000000015
12650  -31.216  -73.014  12.138 0.1000000015
12649  -30.375  -73.322  12.103 0.1000000015
13366  -31.552  -72.588  11.453 0.1000000015
13355  -32.119  -72.838  12.083 0.1000000015
134190  -37.117  -69.258  0.423 0.1000000015
12637  -29.712  -73.745  11.918 0.1000000015
13381  -29.215  -72.893  10.843 0.1000000015
15695  -35.428  -69.181  -0.531 0.1000000015
15698  -38.093  -69.983  0.484 0.1000000015
12667  -28.619  -73.503  10.464 0.1000000015
16459  -34.840  -68.681  -0.142 0.1000000015
14952  -37.718  -70.258  -0.375 0.1000000015
12690  -28.196  -73.339  9.634 0.1000000015
13426  -27.677  -73.116  8.336 0.1000000015
13441  -27.724  -72.704  7.034 0.1000000015
13466  -27.806  -72.789  5.267 0.1000000015
12729  -27.447  -73.499  6.603 0.1000000015
13454  -27.721  -72.705  6.143 0.1000000015
14921  -30.387  -70.449  2.550 0.1000000015
13474  -28.272  -72.138  4.909 0.1000000015
14195  -29.030  -71.515  3.995 0.1000000015
13367  -32.529  -72.723  11.010 0.1000000015
15685  -36.485  -68.845  0.422 0.1000000015
13365  -30.643  -72.661  11.472 0.1000000015
131233  -31.120  -72.414  11.106 0.1000000015
13384  -32.245  -72.660  9.993 0.1000000015
12670  -33.362  -73.414  10.556 0.1000000015
16448  -34.386  -68.296  0.456 0.1000000015
16460  -35.667  -68.649  0.059 0.1000000015
117053  -29.954  -72.404  10.898 0.1000000015
13382  -30.722  -72.278  10.725 0.1000000015
16458  -33.920  -68.918  -0.179 0.1000000015
14969  -38.221  -70.916  -0.710 0.1000000015
13407  -28.495  -72.462  9.312 0.1000000015
125964  -29.428  -72.340  10.369 0.1000000015
15683  -32.375  -69.398  0.762 0.1000000015
13406  -27.953  -72.925  8.957 0.1000000015
14909  -29.553  -70.829  3.785 0.1000000015
117612  -27.803  -72.736  7.769 0.1000000015
13455  -28.199  -71.938  6.601 0.1000000015
13467  -28.158  -72.064  5.690 0.1000000015
13383  -31.585  -72.382  10.592 0.1000000015
16447  -33.573  -68.445  0.676 0.1000000015
14941  -38.722  -70.432  0.975 0.1000000015
14910  -30.186  -70.319  3.466 0.1000000015
15663  -31.567  -69.552  2.067 0.1000000015
14180  -28.555  -71.521  5.992 0.1000000015
13427  -28.249  -72.382  8.388 0.1000000015
13442  -28.213  -72.147  7.495 0.1000000015
16438  -33.397  -68.143  1.535 0.1000000015
17255  -34.797  -67.935  1.012 0.1000000015
15676  -32.180  -69.132  1.542 0.1000000015
14103  -30.095  -71.946  10.084 0.1000000015
15662  -31.022  -69.857  2.519 0.1000000015
15651  -31.606  -69.484  3.066 0.1000000015
14181  -29.149  -70.987  5.798 0.1000000015
14188  -29.262  -70.854  4.799 0.1000000015
13408  -29.208  -72.053  9.692 0.1000000015
14155  -28.636  -71.603  7.197 0.1000000015
14138  -28.776  -71.722  7.930 0.1000000015
17234  -33.996  -67.602  2.016 0.1000000015
15664  -32.229  -69.003  2.501 0.1000000015
128708  -31.304  -72.147  9.256 0.1000000015
14888  -30.055  -70.320  5.139 0.1000000015
133979  -31.242  -69.662  3.674 0.1000000015
132507  -29.603  -70.619  5.440 0.1000000015
14900  -30.056  -70.266  4.320 0.1000000015
14125  -28.924  -71.825  8.829 0.1000000015
17222  -33.876  -67.510  3.009 0.1000000015
16421  -32.852  -68.437  2.847 0.1000000015
15636  -31.850  -69.461  3.897 0.1000000015
15652  -32.508  -68.984  3.482 0.1000000015
13410  -31.726  -72.405  9.640 0.1000000015
14169  -29.507  -71.013  6.461 0.1000000015
14126  -29.777  -71.707  9.119 0.1000000015
14127  -30.653  -71.852  9.258 0.1000000015
133880  -33.161  -72.987  11.357 0.1000000015
11289  -33.402  -76.899  8.941 0.1000000015
11966  -33.235  -76.006  8.657 0.1000000015
11965  -33.105  -74.932  8.468 0.1000000015
11945  -33.450  -74.596  9.472 0.1000000015
11929  -28.713  -74.933  11.325 0.1000000015
12715  -27.501  -73.517  7.554 0.1000000015
115727  -27.333  -74.297  6.152 0.1000000015
11342  -27.373  -75.160  5.716 0.1000000015
12745  -27.466  -73.512  5.706 0.1000000015
12762  -27.872  -73.662  4.015 0.1000000015
12764  -29.105  -73.231  3.106 0.1000000015
13494  -30.150  -72.465  2.198 0.1000000015
12775  -31.220  -73.272  1.356 0.1000000015
12668  -29.051  -73.819  11.297 0.1000000015
15675  -31.659  -69.905  1.134 0.1000000015
13364  -29.772  -73.023  11.507 0.1000000015
14187  -28.633  -71.489  5.292 0.1000000015
17249  -34.133  -67.886  1.180 0.1000000015
16446  -32.809  -68.699  1.078 0.1000000015
16437  -32.740  -68.506  1.952 0.1000000015
15650  -30.820  -69.886  3.199 0.1000000015
14873  -30.021  -70.569  5.888 0.1000000015
16422  -33.313  -67.971  2.404 0.1000000015
11946  -33.811  -75.531  9.640 0.1000000015
1827  -28.457  -93.578  -4.469 0.1000000015
1817  -28.329  -93.671  -3.651 0.1000000015
3443  -23.261  -89.660  -6.262 0.1000000015
2997  -24.311  -90.015  -5.995 0.1000000015
3432  -25.468  -89.722  -5.338 0.1000000015
121034  -25.924  -90.674  -5.782 0.1000000015
1835  -27.597  -93.609  -5.982 0.1000000015
3918  -22.913  -88.267  -6.661 0.1000000015
4499  -24.122  -87.430  -8.499 0.1000000015
3954  -25.299  -87.932  -9.314 0.1000000015
2138  -28.389  -92.788  -2.330 0.1000000015
2519  -28.157  -92.420  -1.419 0.1000000015
2166  -28.944  -92.881  -4.565 0.1000000015
2557  -26.659  -91.644  -5.772 0.1000000015
2558  -27.646  -92.166  -5.480 0.1000000015
2177  -28.489  -93.115  -5.140 0.1000000015
125164  -27.396  -93.963  -2.239 0.1000000015
3905  -24.411  -88.607  -5.453 0.1000000015
2569  -27.225  -92.598  -6.186 0.1000000015
3009  -25.970  -91.495  -6.298 0.1000000015
4454  -23.427  -87.911  -6.044 0.1000000015
5063  -23.979  -87.094  -7.931 0.1000000015
4500  -24.957  -87.216  -8.737 0.1000000015
5086  -25.693  -87.141  -9.041 0.1000000015
127922  -29.508  -85.965  1.476 0.1000000015
3805  -29.150  -88.655  2.100 0.1000000015
4955  -29.639  -86.652  1.054 0.1000000015
2527  -29.248  -92.632  -2.672 0.1000000015
128837  -28.470  -91.725  -1.204 0.1000000015
133785  -28.307  -91.482  0.261 0.1000000015
2930  -28.491  -90.598  0.472 0.1000000015
121915  -29.014  -89.502  1.960 0.1000000015
3357  -29.021  -89.031  1.148 0.1000000015
2145  -30.128  -92.652  -2.972 0.1000000015
2157  -30.057  -92.527  -3.498 0.1000000015
2499  -28.084  -92.101  -0.460 0.1000000015
2548  -28.174  -91.670  -4.840 0.1000000015
2559  -28.413  -92.541  -5.083 0.1000000015
4474  -23.407  -87.451  -6.730 0.1000000015
4355  -29.210  -87.773  2.042 0.1000000015
5513  -29.896  -85.667  0.842 0.1000000015
2950  -28.567  -91.044  -0.546 0.1000000015
3383  -28.882  -90.025  -0.192 0.1000000015
3368  -29.227  -89.143  0.254 0.1000000015
2962  -29.038  -91.503  -1.457 0.1000000015
2521  -29.983  -92.371  -2.176 0.1000000015
2999  -26.595  -90.703  -5.308 0.1000000015
3433  -26.172  -89.930  -5.060 0.1000000015
3906  -25.047  -88.850  -5.068 0.1000000015
118714  -24.780  -88.115  -5.197 0.1000000015
5029  -24.399  -86.806  -5.779 0.1000000015
2549  -29.028  -92.138  -4.582 0.1000000015
4937  -29.259  -86.688  1.989 0.1000000015
3822  -29.174  -88.439  1.117 0.1000000015
2990  -28.703  -91.188  -4.262 0.1000000015
3806  -29.566  -88.142  3.281 0.1000000015
2139  -30.782  -92.416  -2.350 0.1000000015
2158  -30.659  -92.307  -3.090 0.1000000015
126364  -30.216  -86.822  4.424 0.1000000015
121640  -30.685  -90.642  -3.106 0.1000000015
114327  -31.574  -90.598  -2.609 0.1000000015
114725  -31.493  -89.318  -2.277 0.1000000015
3835  -29.634  -88.538  0.538 0.1000000015
2951  -29.262  -90.740  -0.767 0.1000000015
2963  -29.987  -91.701  -1.378 0.1000000015
2140  -31.326  -92.335  -2.201 0.1000000015
2514  -31.861  -91.627  -1.065 0.1000000015
2981  -30.853  -91.729  -3.304 0.1000000015
2970  -31.994  -91.586  -2.414 0.1000000015
115469  -31.174  -90.990  -0.671 0.1000000015
3850  -29.941  -89.085  -0.093 0.1000000015
3385  -30.398  -89.913  -0.468 0.1000000015
2953  -32.189  -91.001  -0.307 0.1000000015
2522  -30.883  -92.309  -1.871 0.1000000015
3404  -30.716  -89.472  -2.562 0.1000000015
125914  -32.164  -91.801  -1.543 0.1000000015
1816  -28.027  -94.255  -3.990 0.1000000015
1836  -28.164  -93.618  -5.340 0.1000000015
2137  -27.746  -93.360  -1.718 0.1000000015
2143  -27.981  -93.516  -2.758 0.1000000015
2144  -28.871  -93.037  -3.236 0.1000000015
2146  -30.915  -92.351  -2.559 0.1000000015
2156  -29.273  -93.056  -3.834 0.1000000015
2167  -29.606  -92.470  -4.055 0.1000000015
2176  -28.041  -92.973  -5.822 0.1000000015
2187  -27.446  -93.091  -6.343 0.1000000015
2513  -27.813  -92.915  -0.895 0.1000000015
2520  -28.777  -92.125  -1.959 0.1000000015
2523  -31.607  -92.111  -1.734 0.1000000015
2528  -31.380  -92.131  -2.685 0.1000000015
2529  -31.925  -92.184  -2.102 0.1000000015
2568  -26.455  -92.215  -6.599 0.1000000015
2952  -30.999  -91.707  -1.282 0.1000000015
2969  -31.405  -91.427  -2.957 0.1000000015
2988  -26.912  -90.209  -4.678 0.1000000015
2998  -25.158  -90.330  -5.888 0.1000000015
3000  -27.320  -91.165  -5.113 0.1000000015
3384  -29.583  -89.840  -0.400 0.1000000015
3422  -25.779  -89.012  -4.779 0.1000000015
3430  -23.911  -89.130  -5.759 0.1000000015
3431  -24.736  -89.462  -5.538 0.1000000015
3460  -32.566  -89.672  -9.074 0.1000000015
3472  -32.798  -89.407  -9.943 0.1000000015
3904  -23.795  -88.424  -5.728 0.1000000015
3919  -23.220  -88.707  -6.092 0.1000000015
3938  -24.330  -88.098  -9.003 0.1000000015
3974  -33.093  -89.431  -10.869 0.1000000015
3975  -33.545  -89.312  -11.229 0.1000000015
3987  -33.377  -89.189  -11.686 0.1000000015
4356  -29.624  -87.189  3.275 0.1000000015
4455  -24.165  -87.748  -5.585 0.1000000015
4456  -24.900  -87.398  -5.264 0.1000000015
4462  -34.374  -88.040  -5.453 0.1000000015
4487  -23.514  -87.414  -7.540 0.1000000015
4490  -33.074  -89.019  -7.984 0.1000000015
4513  -33.745  -88.783  -9.679 0.1000000015
4529  -34.188  -88.999  -11.053 0.1000000015
4552  -34.440  -88.193  -13.011 0.1000000015
4565  -34.333  -87.736  -13.201 0.1000000015
4566  -34.907  -87.577  -13.266 0.1000000015
5028  -23.753  -87.270  -5.993 0.1000000015
5036  -34.591  -87.548  -5.179 0.1000000015
5047  -23.958  -86.790  -6.459 0.1000000015
5053  -23.893  -86.918  -7.242 0.1000000015
5064  -24.319  -86.581  -7.641 0.1000000015
5065  -25.336  -86.587  -8.602 0.1000000015
5113  -37.158  -86.314  -10.871 0.1000000015
5127  -36.433  -86.904  -11.500 0.1000000015
5140  -35.818  -86.921  -13.247 0.1000000015
5152  -34.708  -87.079  -13.415 0.1000000015
5153  -35.354  -86.789  -13.518 0.1000000015
5163  -35.632  -85.981  -13.901 0.1000000015
5507  -37.568  -85.443  1.778 0.1000000015
5627  -37.450  -86.010  -9.106 0.1000000015
5628  -37.763  -86.022  -9.466 0.1000000015
5666  -37.332  -85.404  -12.413 0.1000000015
6016  -37.501  -85.426  4.942 0.1000000015
6017  -38.063  -85.468  4.973 0.1000000015
6130  -33.624  -85.216  -7.058 0.1000000015
6134  -38.211  -84.710  -7.606 0.1000000015
6147  -35.111  -85.355  -8.450 0.1000000015
6148  -37.079  -85.283  -8.043 0.1000000015
6200  -37.195  -84.658  -14.039 0.1000000015
6517  -37.531  -83.708  4.100 0.1000000015
6519  -39.269  -83.207  3.601 0.1000000015
6527  -35.404  -83.733  3.463 0.1000000015
6625  -33.698  -83.730  -6.206 0.1000000015
6628  -37.947  -83.893  -6.600 0.1000000015
6629  -38.555  -83.500  -6.629 0.1000000015
6641  -36.464  -83.473  -9.362 0.1000000015
6642  -37.619  -83.949  -9.084 0.1000000015
6643  -38.365  -84.550  -8.121 0.1000000015
6686  -37.468  -83.972  -14.119 0.1000000015
7043  -39.773  -82.664  3.343 0.1000000015
7044  -40.086  -82.432  3.103 0.1000000015
7053  -34.851  -82.973  2.886 0.1000000015
7128  -33.467  -82.669  -4.873 0.1000000015
7141  -38.752  -82.653  -6.052 0.1000000015
7149  -38.693  -83.303  -7.549 0.1000000015
7158  -34.860  -82.385  -9.004 0.1000000015
7202  -35.459  -82.531  -11.067 0.1000000015
7626  -36.321  -82.001  3.509 0.1000000015
7627  -37.055  -81.639  3.504 0.2000000030
7634  -40.183  -81.858  2.690 0.2000000030
7653  -37.537  -81.581  0.673 0.1000000015
7669  -36.693  -81.952  0.094 0.1000000015
7691  -33.926  -81.341  -2.585 0.1000000015
7707  -37.425  -81.984  -5.331 0.1000000015
7708  -38.882  -81.441  -5.400 0.1000000015
7710  -40.225  -80.996  -5.906 0.1000000015
7713  -40.559  -80.827  -6.098 0.1000000015
7726  -40.235  -81.051  -6.334 0.1000000015
8208  -36.049  -81.271  3.272 0.1000000015
8221  -35.835  -80.486  3.027 0.1000000015
8239  -41.676  -79.912  0.851 0.3000000119
8264  -38.857  -80.045  0.199 0.1000000015
8297  -36.286  -79.930  -4.997 0.2000000030
8310  -35.339  -80.743  -5.042 0.1000000015
8314  -41.237  -79.850  -5.921 0.1000000015
8329  -41.050  -80.282  -6.162 0.1000000015
8352  -35.626  -80.193  -7.481 0.1000000015
8356  -40.084  -80.828  -6.821 0.1000000015
8374  -32.974  -80.196  -8.331 0.1000000015
8375  -33.402  -80.784  -8.340 0.1000000015
8866  -35.217  -79.431  2.602 0.1000000015
8867  -36.325  -79.909  3.054 0.1000000015
8868  -37.795  -79.266  2.883 0.1000000015
8870  -40.094  -79.975  2.375 0.2000000030
8883  -41.410  -79.728  1.301 0.3000000119
8884  -42.040  -79.555  0.893 0.3000000119
8914  -37.236  -79.960  -0.506 0.2000000030
8919  -42.316  -79.458  -0.150 0.3000000119
8933  -34.190  -79.711  -3.122 0.1000000015
8935  -34.963  -78.767  -2.452 0.1000000015
8951  -35.368  -79.289  -4.494 0.1000000015
8976  -41.552  -79.321  -6.078 0.1000000015
8990  -37.291  -79.501  -7.514 0.1000000015
8995  -41.537  -79.244  -6.540 0.1000000015
9470  -37.164  -78.437  2.666 0.1000000015
9478  -40.244  -78.509  1.808 0.3000000119
9485  -42.595  -78.786  0.603 0.3000000119
9486  -43.024  -78.836  0.204 0.3000000119
9498  -43.059  -78.807  -0.291 0.3000000119
9503  -38.763  -78.216  -1.222 0.1000000015
9506  -42.221  -78.519  -1.088 0.3000000119
9508  -43.686  -77.899  -1.022 0.4000000060
9513  -34.634  -78.848  -3.141 0.1000000015
9529  -34.899  -78.924  -3.827 0.1000000015
9531  -36.269  -78.314  -4.805 0.2000000030
9540  -38.123  -78.435  -5.448 0.2000000030
9542  -39.861  -79.367  -5.471 0.1000000015
9543  -41.326  -79.026  -5.781 0.1000000015
9568  -32.383  -78.559  -7.642 0.1000000015
9569  -33.625  -78.801  -7.333 0.1000000015
9590  -41.593  -78.415  -7.686 0.1000000015
10105  -38.441  -77.725  2.181 0.1000000015
10115  -41.758  -78.490  1.024 0.4000000060
10125  -43.187  -78.309  0.203 0.4000000060
10131  -43.655  -77.763  -0.306 0.4000000060
10132  -43.829  -77.734  -0.709 0.4000000060
10139  -41.458  -77.774  -1.512 0.2000000030
10147  -35.645  -77.566  -2.854 0.1000000015
10149  -37.094  -77.276  -2.078 0.1000000015
10154  -35.484  -77.662  -3.223 0.2000000030
10159  -35.558  -77.780  -3.695 0.1000000015
10170  -41.552  -78.435  -6.008 0.1000000015
10184  -40.252  -77.387  -5.952 0.1000000015
10188  -42.813  -76.835  -7.002 0.1000000015
10207  -39.372  -78.353  -7.934 0.1000000015
10735  -37.510  -76.545  1.579 0.1000000015
10756  -42.497  -76.696  -0.031 0.3000000119
10761  -38.556  -76.879  -2.062 0.1000000015
10763  -40.552  -76.875  -2.003 0.1000000015
10786  -37.096  -76.045  -3.191 0.1000000015
10795  -37.135  -76.249  -4.604 0.2000000030
10804  -37.552  -76.643  -5.198 0.2000000030
10820  -34.317  -76.436  -6.912 0.1000000015
10824  -42.802  -76.451  -6.834 0.1000000015
10840  -36.173  -76.551  -7.581 0.1000000015
10843  -42.813  -76.886  -7.374 0.1000000015
11407  -40.154  -75.488  -0.526 0.2000000030
11415  -44.434  -77.084  -1.331 0.4000000060
11416  -45.495  -76.025  -1.012 0.4000000060
11426  -38.869  -75.502  -2.953 0.1000000015
11430  -43.941  -76.337  -1.834 0.4000000060
11437  -36.975  -76.041  -3.916 0.2000000030
11439  -38.400  -75.211  -3.661 0.1000000015
11448  -38.206  -75.235  -4.375 0.1000000015
11455  -38.166  -75.475  -4.952 0.1000000015
11471  -39.758  -75.584  -6.038 0.2000000030
11475  -43.217  -75.764  -6.866 0.1000000015
11489  -43.516  -75.656  -7.160 0.1000000015
11499  -41.329  -76.334  -8.783 0.1000000015
11512  -40.076  -75.420  -9.187 0.1000000015
11943  -28.030  -74.799  9.992 0.1000000015
11964  -28.233  -74.065  10.029 0.1000000015
12021  -27.339  -74.289  5.312 0.1000000015
12082  -45.633  -75.087  -0.686 0.4000000060
12083  -46.049  -75.090  -0.913 0.4000000060
12096  -39.131  -74.263  -1.243 0.2000000030
12100  -45.887  -75.468  -1.039 0.4000000060
12113  -43.354  -74.648  -2.386 0.4000000060
12136  -40.391  -73.911  -5.691 0.1000000015
12206  -41.493  -74.306  -10.478 0.1000000015
12757  -28.090  -72.905  4.494 0.1000000015
12770  -29.913  -73.234  2.571 0.1000000015
12783  -45.725  -72.958  -0.059 0.4000000060
12793  -46.188  -73.282  -0.683 0.4000000060
12804  -46.311  -73.700  -1.031 0.4000000060
12806  -42.323  -73.577  -2.922 0.2000000030
12815  -40.154  -73.722  -4.304 0.1000000015
12817  -41.501  -73.144  -3.568 0.1000000015
12827  -40.114  -73.643  -4.815 0.1000000015
12843  -39.946  -73.803  -5.110 0.1000000015
12863  -33.674  -73.846  -6.769 0.1000000015
12899  -35.422  -73.312  -8.320 0.1000000015
13380  -28.786  -72.687  10.121 0.1000000015
13409  -31.017  -72.068  9.984 0.1000000015
13517  -35.245  -72.650  -0.689 0.1000000015
13522  -46.082  -72.573  -0.328 0.4000000060
13523  -46.561  -72.438  -0.810 0.4000000060
13534  -46.801  -72.228  -1.151 0.4000000060
13561  -41.200  -72.797  -5.034 0.1000000015
13586  -32.596  -72.461  -6.503 0.1000000015
13588  -42.740  -72.743  -5.899 0.1000000015
13611  -34.971  -71.968  -8.716 0.1000000015
13635  -38.449  -72.643  -10.668 0.1000000015
14168  -28.854  -71.330  6.575 0.1000000015
14194  -28.712  -71.609  4.627 0.1000000015
14205  -29.928  -71.466  2.410 0.1000000015
14207  -41.373  -71.823  3.038 0.5000000000
14212  -30.821  -71.651  1.171 0.1000000015
14228  -44.266  -72.003  1.397 0.5000000000
14237  -32.910  -71.213  -0.120 0.1000000015
14243  -45.494  -71.621  0.304 0.5000000000
14253  -35.050  -70.962  -1.324 0.1000000015
14258  -47.324  -70.976  -1.746 0.4000000060
14260  -44.412  -71.869  -2.971 0.2000000030
14262  -46.803  -71.843  -2.001 0.3000000119
14271  -42.185  -72.158  -4.069 0.1000000015
14311  -33.999  -71.677  -7.528 0.1000000015
14920  -29.803  -70.853  3.042 0.1000000015
14939  -31.812  -70.656  0.597 0.1000000015
14949  -33.747  -70.387  -0.697 0.1000000015
14965  -35.204  -69.829  -1.067 0.1000000015
14966  -35.607  -70.392  -1.301 0.1000000015
14967  -36.406  -70.507  -1.267 0.1000000015
14997  -44.949  -70.923  -3.867 0.2000000030
14999  -47.260  -69.703  -2.878 0.3000000119
15009  -46.466  -70.162  -4.405 0.3000000119
15019  -46.572  -69.672  -5.500 0.1000000015
15027  -46.090  -70.720  -6.578 0.1000000015
15035  -32.550  -70.194  -7.252 0.1000000015
15081  -35.736  -70.567  -11.541 0.1000000015
15635  -30.721  -69.916  3.937 0.1000000015
15684  -33.093  -69.109  0.330 0.1000000015
15693  -33.391  -69.701  -0.273 0.1000000015
15705  -47.152  -70.170  -1.770 0.4000000060
15710  -47.305  -69.759  -2.273 0.4000000060
15723  -45.333  -68.629  -3.367 0.4000000060
15750  -31.233  -69.882  -6.945 0.1000000015
15757  -46.188  -68.931  -6.555 0.1000000015
15787  -34.163  -69.911  -9.274 0.1000000015
15804  -33.965  -69.178  -9.307 0.1000000015
16398  -38.704  -69.272  5.248 0.3000000119
16424  -37.535  -69.075  2.974 0.1000000015
16472  -41.135  -67.456  -3.054 0.5000000000
16498  -46.600  -68.318  -4.666 0.1000000015
16510  -42.901  -67.113  -5.494 0.2000000030
16512  -46.411  -68.174  -5.331 0.1000000015
16526  -46.344  -68.490  -5.898 0.1000000015
16534  -30.441  -68.740  -7.575 0.1000000015
16578  -36.467  -68.506  -11.357 0.1000000015
17250  -34.787  -67.613  1.712 0.1000000015
17288  -37.022  -67.184  -4.596 0.2000000030
17294  -42.435  -66.427  -4.816 0.4000000060
17313  -44.651  -67.235  -5.407 0.2000000030
17328  -44.863  -67.599  -6.020 0.1000000015
17365  -33.316  -67.643  -9.340 0.1000000015
18098  -40.700  -65.721  -3.588 0.5000000000
18110  -40.099  -65.222  -3.377 0.3000000119
18202  -37.631  -66.567  -12.421 0.1000000015
18682  -37.462  -65.448  13.512 0.1000000015
18880  -39.584  -64.695  -3.024 0.4000000060
18937  -35.824  -65.555  -11.684 0.1000000015
19613  -38.820  -63.937  -1.947 0.4000000060
19649  -35.719  -64.211  -6.209 0.1000000015
19658  -37.246  -64.267  -8.141 0.1000000015
20452  -37.855  -63.721  -14.159 0.1000000015
20965  -36.418  -62.482  12.334 0.1000000015
113088  -24.652  -86.605  -8.211 0.1000000015
113367  -30.168  -90.823  -0.827 0.1000000015
114629  -38.361  -83.313  2.288 0.2000000030
114881  -31.854  -77.803  -7.627 0.1000000015
114954  -34.217  -79.962  -2.679 0.1000000015
115672  -46.158  -74.289  -0.844 0.4000000060
115946  -43.407  -71.464  -4.328 0.1000000015
116176  -28.765  -89.690  0.756 0.1000000015
116505  -30.923  -73.629  12.703 0.1000000015
116567  -34.902  -70.951  -9.794 0.1000000015
116684  -45.730  -71.005  -5.737 0.1000000015
116748  -33.855  -88.714  -12.438 0.1000000015
117246  -39.430  -82.154  3.524 0.1000000015
117628  -30.373  -74.908  13.148 0.1000000015
118164  -36.740  -83.252  -12.009 0.1000000015
119495  -32.964  -79.087  -7.565 0.1000000015
119946  -42.057  -77.286  -6.388 0.1000000015
120540  -37.238  -78.661  -1.212 0.1000000015
121023  -32.776  -74.103  -6.495 0.1000000015
121428  -40.656  -80.670  1.260 0.2000000030
121623  -36.082  -87.282  -11.246 0.1000000015
122727  -36.222  -65.717  -6.557 0.1000000015
123777  -43.143  -75.227  -6.638 0.1000000015
123917  -41.412  -76.533  0.039 0.3000000119
124003  -36.472  -70.397  -12.988 0.1000000015
124202  -42.768  -72.206  -3.502 0.2000000030
124507  -38.322  -84.210  -8.554 0.1000000015
124699  -35.239  -80.199  2.671 0.1000000015
125403  -42.803  -77.205  -1.723 0.4000000060
126155  -34.173  -66.325  -11.038 0.1000000015
126343  -37.926  -67.664  6.660 0.3000000119
126363  -34.162  -66.702  -10.259 0.1000000015
126538  -42.174  -70.308  1.549 0.6000000238
126624  -43.006  -76.570  -7.195 0.1000000015
126657  -38.109  -81.050  -5.274 0.1000000015
127869  -40.141  -81.575  2.926 0.3000000119
127983  -39.058  -82.748  -7.236 0.1000000015
128469  -31.327  -69.748  4.169 0.1000000015
129830  -39.680  -81.927  -6.162 0.1000000015
129903  -38.385  -70.393  0.068 0.1000000015
129904  -35.888  -77.873  -2.340 0.1000000015
130176  -37.910  -84.408  -7.067 0.1000000015
130597  -40.941  -69.556  -0.382 0.6000000238
130920  -37.674  -75.968  -4.967 0.2000000030
131001  -24.683  -87.666  -8.864 0.1000000015
131258  -36.104  -69.071  -0.293 0.1000000015
131323  -32.289  -91.735  -1.881 0.1000000015
131457  -32.054  -71.611  -6.576 0.1000000015
131535  -35.925  -77.244  -3.146 0.1000000015
131561  -38.728  -81.046  -5.343 0.1000000015
131639  -39.194  -81.702  -5.534 0.1000000015
131649  -39.202  -74.341  -4.113 0.1000000015
132091  -37.830  -71.937  -11.688 0.1000000015
132155  -39.470  -75.514  -0.449 0.2000000030
132388  -40.118  -74.927  -0.796 0.2000000030
132413  -41.709  -74.503  -10.296 0.1000000015
132778  -42.684  -70.494  1.327 0.5000000000
132946  -35.016  -87.643  -10.357 0.1000000015
133047  -45.302  -72.625  0.526 0.5000000000
133419  -33.357  -71.669  -0.283 0.1000000015
133483  -42.311  -72.063  2.254 0.5000000000
134532  -36.814  -79.558  -0.929 0.2000000030
134636  -36.265  -65.249  -3.441 0.2000000030
134662  -37.509  -68.741  -13.556 0.1000000015
