#!ascii label  , from subject bert vox2ras=TkReg
538
119288  -44.742  -74.181  -0.333 0.0000000000
12867  -43.969  -74.041  -6.653 0.0000000000
16473  -41.962  -67.776  -3.345 0.0000000000
13537  -43.747  -72.592  -2.806 0.0000000000
15755  -43.122  -68.750  -6.685 0.0000000000
14912  -41.034  -70.864  3.946 0.0000000000
18856  -37.451  -64.871  0.138 0.0000000000
20310  -33.760  -63.398  3.577 0.0000000000
18109  -39.492  -65.378  -3.546 0.0000000000
17295  -43.385  -66.655  -4.944 0.0000000000
16493  -39.252  -67.959  -4.761 0.0000000000
16452  -39.047  -68.186  1.239 0.0000000000
18062  -37.909  -66.353  3.214 0.0000000000
22740  -33.054  -60.307  3.255 0.0000000000
21927  -34.392  -61.682  1.032 0.0000000000
127102  -43.469  -78.162  -0.675 0.0000000000
13573  -42.796  -72.084  -5.349 0.0000000000
11440  -39.225  -74.814  -3.553 0.0000000000
11456  -38.920  -75.519  -5.505 0.0000000000
14957  -45.235  -71.050  0.210 0.0000000000
12803  -46.193  -74.729  -1.046 0.0000000000
15743  -46.886  -68.891  -5.118 0.0000000000
15037  -46.010  -70.188  -7.156 0.0000000000
15700  -41.588  -69.903  0.154 0.0000000000
17266  -39.217  -66.878  -1.790 0.0000000000
19612  -38.279  -63.904  -2.025 0.0000000000
19555  -36.356  -64.933  5.147 0.0000000000
19587  -36.024  -63.886  1.548 0.0000000000
21133  -36.252  -62.778  -0.275 0.0000000000
20376  -35.190  -63.622  -2.785 0.0000000000
126088  -41.123  -76.432  -2.175 0.0000000000
13659  -43.907  -72.139  -12.805 0.0000000000
12178  -43.067  -74.781  -8.809 0.0000000000
118057  -41.395  -77.220  -8.442 0.0000000000
18108  -38.467  -65.524  -3.400 0.0000000000
17291  -39.812  -66.699  -4.472 0.0000000000
11410  -44.566  -76.556  -0.560 0.0000000000
13589  -43.977  -73.051  -6.313 0.0000000000
123357  -40.945  -73.282  -5.512 0.0000000000
12153  -42.317  -74.755  -6.418 0.0000000000
10821  -40.490  -76.508  -6.182 0.0000000000
11474  -42.688  -75.797  -6.606 0.0000000000
14970  -43.067  -69.994  -1.915 0.0000000000
15708  -44.700  -69.293  -2.647 0.0000000000
17326  -43.557  -67.003  -5.473 0.0000000000
17297  -45.270  -67.354  -5.094 0.0000000000
17329  -45.402  -67.830  -6.121 0.0000000000
15028  -46.304  -69.828  -6.398 0.0000000000
15773  -44.417  -68.796  -7.090 0.0000000000
14936  -42.728  -70.928  1.833 0.0000000000
14934  -41.593  -70.146  2.326 0.0000000000
17256  -37.779  -66.679  0.279 0.0000000000
16461  -38.760  -68.080  -0.035 0.0000000000
18088  -38.198  -65.764  -0.649 0.0000000000
131300  -39.338  -64.728  -1.966 0.0000000000
19603  -38.632  -64.057  -1.543 0.0000000000
19553  -34.836  -64.267  4.540 0.0000000000
120296  -35.604  -64.368  3.336 0.0000000000
20312  -35.114  -63.782  2.683 0.0000000000
21972  -34.626  -61.466  -0.384 0.0000000000
21132  -35.613  -62.423  0.086 0.0000000000
21167  -35.414  -62.436  -1.068 0.0000000000
20363  -36.097  -63.003  -1.290 0.0000000000
12808  -44.825  -73.734  -2.113 0.0000000000
120338  -44.333  -75.701  -1.899 0.0000000000
125101  -42.275  -74.647  -2.561 0.0000000000
10773  -37.640  -76.500  -2.457 0.0000000000
14370  -43.328  -71.889  -13.824 0.0000000000
13638  -43.427  -72.970  -10.988 0.0000000000
11514  -41.666  -75.398  -9.291 0.0000000000
17280  -41.299  -66.278  -3.616 0.0000000000
16480  -42.666  -67.275  -3.863 0.0000000000
18126  -41.161  -65.920  -4.224 0.0000000000
17309  -41.309  -66.843  -4.970 0.0000000000
15742  -41.292  -68.912  -5.857 0.0000000000
15667  -40.570  -69.391  2.884 0.0000000000
18077  -38.310  -67.212  2.158 0.0000000000
18847  -37.198  -65.750  1.536 0.0000000000
111523  -33.170  -61.999  3.466 0.0000000000
21094  -33.830  -62.686  2.490 0.0000000000
21926  -33.800  -61.306  1.663 0.0000000000
21955  -34.078  -60.932  0.883 0.0000000000
22812  -33.767  -60.128  -0.504 0.0000000000
14272  -42.942  -71.689  -3.913 0.0000000000
12123  -41.372  -73.875  -3.197 0.0000000000
12828  -40.664  -73.245  -4.624 0.0000000000
12134  -38.820  -74.765  -4.972 0.0000000000
10803  -36.911  -76.828  -4.921 0.0000000000
10168  -38.282  -77.427  -5.539 0.0000000000
128712  -40.454  -78.873  -5.579 0.0000000000
8964  -41.422  -79.391  -5.884 0.0000000000
14229  -45.168  -72.111  0.962 0.0000000000
12792  -45.848  -74.299  -0.577 0.0000000000
13540  -47.024  -71.661  -1.574 0.0000000000
14275  -46.583  -71.130  -2.713 0.0000000000
16482  -44.651  -67.783  -4.082 0.0000000000
16484  -46.704  -68.507  -3.908 0.0000000000
14998  -46.156  -70.522  -3.567 0.0000000000
15017  -45.519  -70.641  -4.895 0.0000000000
13575  -45.306  -71.999  -6.303 0.0000000000
13590  -45.114  -72.807  -6.835 0.0000000000
14944  -44.061  -71.191  1.175 0.0000000000
14955  -43.226  -70.351  0.013 0.0000000000
15704  -41.404  -69.222  -1.934 0.0000000000
15688  -40.305  -69.100  0.620 0.0000000000
16463  -39.868  -68.624  -1.113 0.0000000000
16471  -40.366  -67.548  -2.484 0.0000000000
130220  -40.258  -65.514  -2.990 0.0000000000
18879  -38.913  -64.616  -3.030 0.0000000000
18870  -37.045  -65.195  -3.018 0.0000000000
18821  -36.853  -65.272  3.872 0.0000000000
18830  -36.870  -65.181  2.903 0.0000000000
19588  -36.519  -64.355  1.038 0.0000000000
20332  -35.169  -62.873  1.582 0.0000000000
20334  -36.335  -63.483  0.709 0.0000000000
20346  -37.389  -63.542  -0.362 0.0000000000
20365  -37.635  -63.477  -1.051 0.0000000000
19610  -36.151  -64.064  -2.313 0.0000000000
11431  -44.935  -76.454  -1.338 0.0000000000
10140  -42.813  -77.890  -1.428 0.0000000000
10775  -39.564  -76.109  -2.408 0.0000000000
10137  -39.164  -77.565  -1.618 0.0000000000
15792  -44.207  -69.653  -8.770 0.0000000000
14321  -44.841  -71.030  -8.674 0.0000000000
114253  -44.656  -72.761  -8.257 0.0000000000
13628  -43.988  -72.922  -9.066 0.0000000000
12179  -43.831  -74.519  -7.866 0.0000000000
10844  -43.228  -76.265  -7.574 0.0000000000
10208  -42.268  -78.108  -7.341 0.0000000000
18107  -37.285  -65.877  -3.482 0.0000000000
18123  -37.565  -66.606  -3.908 0.0000000000
12081  -44.829  -75.425  -0.514 0.0000000000
134097  -43.368  -73.599  -6.358 0.0000000000
12866  -42.410  -73.608  -6.261 0.0000000000
12154  -43.283  -74.446  -6.543 0.0000000000
11473  -41.868  -75.699  -6.385 0.0000000000
118034  -43.653  -74.952  -6.866 0.0000000000
15707  -42.286  -69.085  -2.578 0.0000000000
14982  -43.462  -69.243  -2.686 0.0000000000
15721  -42.945  -68.280  -3.344 0.0000000000
16522  -43.632  -67.816  -6.068 0.0000000000
17327  -44.203  -67.308  -5.773 0.0000000000
16523  -44.368  -68.106  -6.371 0.0000000000
16524  -45.028  -68.343  -6.611 0.0000000000
15756  -43.876  -68.701  -6.894 0.0000000000
14196  -40.771  -71.388  3.756 0.0000000000
14197  -41.170  -71.486  3.492 0.0000000000
14925  -41.487  -70.958  3.271 0.0000000000
15668  -41.204  -70.284  3.495 0.0000000000
18087  -37.621  -65.701  0.105 0.0000000000
18861  -38.131  -64.619  -0.717 0.0000000000
118146  -33.265  -62.972  5.030 0.0000000000
20295  -33.630  -63.441  4.589 0.0000000000
20281  -34.237  -63.901  5.055 0.0000000000
20296  -34.151  -63.893  4.249 0.0000000000
20311  -34.690  -64.017  3.563 0.0000000000
21973  -35.033  -62.077  -0.615 0.0000000000
21166  -34.723  -62.210  -1.786 0.0000000000
13538  -45.170  -72.705  -2.320 0.0000000000
12807  -43.551  -73.678  -2.568 0.0000000000
12938  -42.253  -73.777  -11.257 0.0000000000
12195  -41.938  -74.721  -9.995 0.0000000000
12194  -41.352  -74.760  -9.869 0.0000000000
113841  -40.605  -65.698  -3.693 0.0000000000
18111  -41.366  -65.945  -4.071 0.0000000000
18125  -40.328  -65.731  -4.022 0.0000000000
17292  -40.839  -66.232  -4.519 0.0000000000
16494  -40.277  -67.497  -4.850 0.0000000000
16508  -40.813  -68.288  -5.350 0.0000000000
16507  -39.803  -68.629  -5.299 0.0000000000
18076  -37.684  -66.575  2.102 0.0000000000
18831  -37.315  -65.770  2.565 0.0000000000
21884  -32.908  -61.546  4.268 0.0000000000
21900  -33.126  -61.202  3.301 0.0000000000
112435  -33.464  -61.873  2.555 0.0000000000
21913  -33.372  -60.820  2.452 0.0000000000
22796  -34.143  -60.705  0.073 0.0000000000
121478  -42.584  -78.905  -0.622 0.0000000000
13563  -42.603  -71.909  -4.628 0.0000000000
13550  -41.395  -72.716  -4.226 0.0000000000
13562  -41.844  -72.358  -4.647 0.0000000000
12151  -40.029  -74.751  -6.043 0.0000000000
12135  -39.584  -74.299  -5.355 0.0000000000
120479  -39.344  -74.908  -5.601 0.0000000000
10805  -38.401  -76.340  -5.472 0.0000000000
10167  -37.349  -77.489  -5.317 0.0000000000
10185  -41.368  -77.560  -6.130 0.0000000000
132018  -40.048  -78.091  -5.700 0.0000000000
10169  -40.914  -78.279  -5.826 0.0000000000
124803  -40.773  -79.813  -5.660 0.0000000000
9544  -41.713  -78.818  -6.128 0.0000000000
13512  -45.642  -72.278  0.236 0.0000000000
14263  -47.321  -71.057  -2.142 0.0000000000
14985  -47.353  -70.361  -2.210 0.0000000000
17282  -42.811  -66.719  -4.522 0.0000000000
16481  -43.521  -67.521  -4.030 0.0000000000
16495  -44.006  -66.999  -4.647 0.0000000000
123557  -46.002  -67.813  -4.644 0.0000000000
15734  -47.112  -69.085  -3.936 0.0000000000
125206  -47.095  -69.791  -3.675 0.0000000000
15010  -46.975  -69.568  -4.626 0.0000000000
15008  -45.447  -70.625  -4.239 0.0000000000
14291  -46.175  -70.520  -5.947 0.0000000000
14302  -45.893  -71.381  -6.375 0.0000000000
13591  -45.633  -72.048  -6.730 0.0000000000
14312  -45.845  -71.280  -7.112 0.0000000000
134063  -41.947  -69.980  0.831 0.0000000000
111928  -42.443  -70.230  0.659 0.0000000000
14954  -42.226  -70.160  -0.448 0.0000000000
121160  -41.453  -69.708  -0.910 0.0000000000
16443  -39.888  -68.677  1.989 0.0000000000
15679  -40.416  -69.092  1.649 0.0000000000
16453  -39.653  -68.653  0.870 0.0000000000
17260  -38.683  -67.298  -1.005 0.0000000000
16462  -39.574  -68.730  -0.181 0.0000000000
17261  -39.120  -68.048  -1.076 0.0000000000
127824  -40.225  -68.370  -1.842 0.0000000000
16468  -39.696  -67.750  -1.872 0.0000000000
17272  -39.965  -66.544  -2.516 0.0000000000
18092  -39.674  -65.390  -2.369 0.0000000000
18866  -39.169  -64.178  -1.993 0.0000000000
18867  -39.526  -64.588  -2.482 0.0000000000
18872  -39.073  -64.275  -2.401 0.0000000000
18871  -38.255  -64.480  -2.608 0.0000000000
18811  -36.930  -65.259  4.848 0.0000000000
19577  -35.826  -64.164  2.460 0.0000000000
19578  -36.311  -64.752  3.169 0.0000000000
116288  -36.389  -64.586  2.170 0.0000000000
18846  -36.862  -65.105  1.865 0.0000000000
21106  -34.041  -62.123  1.776 0.0000000000
21095  -34.507  -62.721  2.023 0.0000000000
21107  -34.750  -62.316  1.260 0.0000000000
20344  -36.088  -62.841  0.384 0.0000000000
20345  -36.734  -63.134  0.010 0.0000000000
19597  -36.890  -63.666  0.311 0.0000000000
20354  -36.897  -63.160  -0.631 0.0000000000
20364  -36.958  -63.220  -1.093 0.0000000000
20369  -35.699  -63.385  -1.980 0.0000000000
20370  -36.683  -63.494  -1.593 0.0000000000
19620  -36.206  -64.786  -3.036 0.0000000000
11412  -45.789  -75.593  -0.968 0.0000000000
12099  -45.305  -75.709  -1.394 0.0000000000
10777  -42.078  -76.506  -2.124 0.0000000000
10778  -43.325  -76.796  -1.782 0.0000000000
10764  -41.799  -77.110  -1.834 0.0000000000
9505  -41.071  -78.485  -1.145 0.0000000000
10138  -40.259  -77.652  -1.544 0.0000000000
12122  -40.525  -74.068  -3.554 0.0000000000
12111  -40.198  -74.761  -3.125 0.0000000000
11427  -39.819  -75.410  -2.753 0.0000000000
10135  -36.572  -78.047  -1.763 0.0000000000
10136  -38.106  -77.383  -1.786 0.0000000000
115756  -43.777  -69.379  -8.294 0.0000000000
15791  -43.067  -69.481  -8.629 0.0000000000
13615  -44.985  -72.092  -8.038 0.0000000000
13614  -44.555  -72.016  -8.944 0.0000000000
12923  -42.922  -74.082  -9.767 0.0000000000
13627  -43.706  -72.906  -10.232 0.0000000000
128720  -43.445  -73.517  -9.718 0.0000000000
12902  -43.571  -73.908  -8.833 0.0000000000
11501  -43.558  -75.439  -7.788 0.0000000000
10855  -42.075  -76.995  -8.413 0.0000000000
10228  -42.482  -77.407  -7.743 0.0000000000
10227  -41.866  -77.752  -8.069 0.0000000000
120934  -39.396  -66.215  -4.055 0.0000000000
18124  -38.524  -66.449  -3.904 0.0000000000
17290  -38.792  -67.220  -4.360 0.0000000000
16492  -38.325  -68.116  -4.772 0.0000000000
22756  -33.238  -59.886  2.478 0.0000000000
23646  -33.318  -59.123  2.510 0.0000000000
10758  -44.208  -77.325  -0.659 0.0000000000
117359  -43.460  -72.266  -5.778 0.0000000000
13572  -42.022  -72.341  -5.242 0.0000000000
12865  -41.654  -72.930  -5.740 0.0000000000
12864  -41.371  -73.757  -6.074 0.0000000000
12152  -41.041  -74.678  -6.292 0.0000000000
10806  -39.452  -76.436  -5.911 0.0000000000
11472  -40.734  -75.594  -6.339 0.0000000000
10822  -41.553  -76.578  -6.320 0.0000000000
10823  -42.321  -76.571  -6.521 0.0000000000
14971  -44.019  -70.364  -0.993 0.0000000000
14983  -44.076  -69.895  -2.050 0.0000000000
14984  -45.392  -69.982  -1.707 0.0000000000
114600  -46.092  -69.296  -2.589 0.0000000000
17311  -42.918  -66.553  -5.083 0.0000000000
17296  -44.381  -66.991  -5.019 0.0000000000
17312  -43.854  -66.870  -5.250 0.0000000000
17314  -45.376  -67.523  -5.588 0.0000000000
16511  -45.960  -67.831  -5.826 0.0000000000
133307  -46.496  -69.166  -5.897 0.0000000000
16525  -45.794  -68.238  -6.454 0.0000000000
15775  -45.577  -68.810  -6.992 0.0000000000
15794  -45.576  -69.428  -7.569 0.0000000000
14935  -42.074  -70.972  2.501 0.0000000000
15690  -41.584  -69.745  1.088 0.0000000000
17257  -38.308  -67.541  0.676 0.0000000000
120974  -38.222  -67.009  -0.441 0.0000000000
18091  -38.830  -65.937  -1.434 0.0000000000
18862  -38.797  -64.721  -1.454 0.0000000000
19608  -38.267  -63.862  -1.555 0.0000000000
19538  -35.072  -64.251  5.442 0.0000000000
19554  -35.664  -64.603  4.878 0.0000000000
19570  -36.179  -64.845  4.186 0.0000000000
123730  -35.398  -64.479  4.084 0.0000000000
21956  -34.556  -61.476  0.287 0.0000000000
21131  -34.935  -62.100  0.478 0.0000000000
21957  -35.051  -62.027  -0.147 0.0000000000
21154  -35.633  -62.446  -0.477 0.0000000000
21155  -36.259  -62.846  -0.788 0.0000000000
21178  -35.250  -62.808  -1.766 0.0000000000
20368  -35.046  -63.144  -2.389 0.0000000000
12809  -45.997  -73.651  -1.464 0.0000000000
12114  -45.640  -74.835  -1.431 0.0000000000
112126  -44.563  -74.801  -2.015 0.0000000000
128356  -43.271  -75.451  -2.220 0.0000000000
11429  -42.458  -75.772  -2.306 0.0000000000
11425  -37.938  -75.702  -3.025 0.0000000000
13665  -43.204  -72.481  -13.116 0.0000000000
13649  -43.302  -72.799  -12.270 0.0000000000
112961  -43.691  -72.617  -11.676 0.0000000000
12939  -42.934  -73.379  -11.385 0.0000000000
12922  -42.459  -74.045  -10.615 0.0000000000
12196  -42.408  -74.547  -9.859 0.0000000000
122626  -42.978  -75.823  -8.396 0.0000000000
11500  -42.218  -76.092  -8.723 0.0000000000
128484  -41.620  -66.948  -3.489 0.0000000000
17281  -42.049  -66.445  -3.931 0.0000000000
18112  -42.011  -66.298  -4.437 0.0000000000
18127  -41.796  -66.261  -4.555 0.0000000000
17293  -41.514  -66.216  -4.582 0.0000000000
18140  -42.274  -66.405  -4.837 0.0000000000
17310  -42.132  -66.439  -5.026 0.0000000000
16509  -41.950  -67.779  -5.543 0.0000000000
15754  -42.149  -68.907  -6.259 0.0000000000
16442  -39.367  -68.166  2.327 0.0000000000
16425  -38.920  -67.619  2.672 0.0000000000
17252  -38.642  -67.656  1.737 0.0000000000
17251  -37.916  -67.099  1.323 0.0000000000
18084  -37.443  -66.326  0.980 0.0000000000
121004  -37.274  -65.583  0.716 0.0000000000
118780  -33.217  -62.660  4.164 0.0000000000
134554  -33.755  -63.066  2.952 0.0000000000
21080  -33.471  -62.651  3.170 0.0000000000
111473  -33.569  -60.346  1.609 0.0000000000
22813  -34.168  -60.891  -0.785 0.0000000000
13551  -43.449  -71.851  -3.380 0.0000000000
130463  -42.793  -72.867  -3.056 0.0000000000
120528  -42.047  -72.635  -3.563 0.0000000000
12816  -40.831  -73.349  -3.948 0.0000000000
122723  -39.689  -74.205  -3.889 0.0000000000
12121  -38.836  -74.692  -4.289 0.0000000000
10794  -36.522  -76.774  -4.200 0.0000000000
120076  -39.255  -77.361  -5.750 0.0000000000
9541  -39.290  -78.439  -5.540 0.0000000000
8962  -38.901  -79.390  -5.403 0.0000000000
8963  -39.620  -80.163  -5.440 0.0000000000
8312  -40.067  -80.703  -5.692 0.0000000000
13521  -45.359  -73.276  0.081 0.0000000000
12791  -45.343  -73.939  -0.303 0.0000000000
134387  -45.869  -73.674  -0.428 0.0000000000
12794  -46.466  -72.880  -0.997 0.0000000000
14245  -46.987  -71.673  -1.209 0.0000000000
13539  -46.517  -72.638  -1.364 0.0000000000
121356  -46.153  -72.574  -1.897 0.0000000000
14261  -45.753  -71.899  -2.554 0.0000000000
15722  -44.049  -68.503  -3.379 0.0000000000
16496  -45.066  -67.400  -4.687 0.0000000000
16483  -45.818  -68.132  -4.073 0.0000000000
126292  -47.214  -70.366  -2.795 0.0000000000
14274  -45.235  -71.293  -3.301 0.0000000000
14273  -43.979  -71.353  -3.718 0.0000000000
14282  -44.448  -71.083  -4.486 0.0000000000
14289  -43.598  -71.603  -5.156 0.0000000000
15018  -46.334  -70.226  -5.195 0.0000000000
14290  -44.822  -71.308  -5.474 0.0000000000
13574  -44.377  -72.158  -6.019 0.0000000000
118106  -44.752  -72.780  -6.519 0.0000000000
12868  -44.556  -73.503  -6.756 0.0000000000
13511  -44.840  -72.619  0.949 0.0000000000
14945  -44.868  -71.401  0.922 0.0000000000
14956  -44.340  -70.728  0.364 0.0000000000
14937  -43.330  -71.460  1.655 0.0000000000
14943  -43.317  -70.663  1.090 0.0000000000
134599  -42.874  -70.284  -1.017 0.0000000000
126595  -42.152  -69.863  -1.521 0.0000000000
15706  -41.466  -68.480  -2.687 0.0000000000
15680  -41.006  -69.617  2.391 0.0000000000
15689  -41.006  -69.435  1.382 0.0000000000
121184  -40.926  -69.508  0.402 0.0000000000
15699  -40.306  -69.217  -0.314 0.0000000000
111794  -40.656  -69.117  -1.276 0.0000000000
15703  -40.806  -68.460  -2.272 0.0000000000
17273  -40.639  -66.421  -3.119 0.0000000000
133025  -40.308  -65.338  -3.344 0.0000000000
18097  -40.037  -64.921  -2.948 0.0000000000
134227  -39.221  -64.884  -3.243 0.0000000000
112729  -38.018  -65.152  -3.025 0.0000000000
19589  -36.959  -65.041  0.877 0.0000000000
20322  -34.250  -63.340  2.730 0.0000000000
129672  -34.912  -63.222  2.201 0.0000000000
20323  -35.468  -63.513  1.931 0.0000000000
21108  -35.420  -62.575  0.798 0.0000000000
20333  -35.768  -63.166  1.149 0.0000000000
19598  -37.195  -64.188  0.289 0.0000000000
129421  -37.697  -64.129  -0.335 0.0000000000
19602  -38.081  -63.802  -0.979 0.0000000000
19607  -37.633  -63.629  -1.470 0.0000000000
133595  -37.292  -63.894  -1.841 0.0000000000
19611  -37.260  -64.412  -2.370 0.0000000000
11411  -45.376  -75.951  -0.808 0.0000000000
111563  -44.831  -76.738  -0.980 0.0000000000
10766  -44.266  -77.466  -0.977 0.0000000000
10765  -43.760  -77.518  -1.354 0.0000000000
9507  -43.112  -78.437  -0.899 0.0000000000
9497  -41.756  -79.105  -0.697 0.0000000000
12112  -41.244  -74.743  -2.767 0.0000000000
11428  -40.992  -75.617  -2.442 0.0000000000
10776  -40.363  -76.052  -2.329 0.0000000000
10774  -38.607  -76.195  -2.479 0.0000000000
10762  -39.436  -76.881  -2.022 0.0000000000
17308  -37.443  -67.914  -5.065 0.0000000000
15741  -40.399  -69.162  -5.901 0.0000000000
15771  -42.357  -69.402  -7.157 0.0000000000
129517  -43.986  -69.100  -7.581 0.0000000000
123704  -44.339  -69.259  -7.848 0.0000000000
15793  -44.958  -69.457  -8.162 0.0000000000
15808  -43.478  -69.720  -9.161 0.0000000000
124806  -44.805  -70.048  -8.679 0.0000000000
15053  -45.459  -70.363  -7.963 0.0000000000
14322  -45.361  -71.423  -7.810 0.0000000000
13602  -44.971  -72.932  -7.475 0.0000000000
12883  -44.720  -73.651  -7.063 0.0000000000
13639  -43.950  -72.255  -10.935 0.0000000000
118692  -44.249  -72.095  -9.984 0.0000000000
12903  -44.358  -73.604  -7.862 0.0000000000
12165  -44.264  -74.237  -7.231 0.0000000000
12164  -43.864  -74.891  -7.192 0.0000000000
10825  -43.115  -76.265  -7.084 0.0000000000
10187  -42.435  -77.332  -6.706 0.0000000000
10209  -42.594  -77.535  -7.060 0.0000000000
9557  -42.136  -78.244  -6.634 0.0000000000
128704  -41.767  -78.852  -6.379 0.0000000000
8314  -41.237  -79.850  -5.921 0.0000000000
8919  -42.316  -79.458  -0.150 0.0000000000
8976  -41.552  -79.321  -6.078 0.0000000000
9503  -38.763  -78.216  -1.222 0.0000000000
9506  -42.221  -78.519  -1.088 0.0000000000
9508  -43.686  -77.899  -1.022 0.0000000000
9540  -38.123  -78.435  -5.448 0.0000000000
9542  -39.861  -79.367  -5.471 0.0000000000
9543  -41.326  -79.026  -5.781 0.0000000000
10132  -43.829  -77.734  -0.709 0.0000000000
10139  -41.458  -77.774  -1.512 0.0000000000
10149  -37.094  -77.276  -2.078 0.0000000000
10170  -41.552  -78.435  -6.008 0.0000000000
10184  -40.252  -77.387  -5.952 0.0000000000
10188  -42.813  -76.835  -7.002 0.0000000000
10761  -38.556  -76.879  -2.062 0.0000000000
10763  -40.552  -76.875  -2.003 0.0000000000
10795  -37.135  -76.249  -4.604 0.0000000000
10804  -37.552  -76.643  -5.198 0.0000000000
10824  -42.802  -76.451  -6.834 0.0000000000
10843  -42.813  -76.886  -7.374 0.0000000000
11415  -44.434  -77.084  -1.331 0.0000000000
11416  -45.495  -76.025  -1.012 0.0000000000
11426  -38.869  -75.502  -2.953 0.0000000000
11430  -43.941  -76.337  -1.834 0.0000000000
11437  -36.975  -76.041  -3.916 0.0000000000
11439  -38.400  -75.211  -3.661 0.0000000000
11448  -38.206  -75.235  -4.375 0.0000000000
11471  -39.758  -75.584  -6.038 0.0000000000
11475  -43.217  -75.764  -6.866 0.0000000000
11489  -43.516  -75.656  -7.160 0.0000000000
11499  -41.329  -76.334  -8.783 0.0000000000
12082  -45.633  -75.087  -0.686 0.0000000000
12083  -46.049  -75.090  -0.913 0.0000000000
12100  -45.887  -75.468  -1.039 0.0000000000
12113  -43.354  -74.648  -2.386 0.0000000000
12136  -40.391  -73.911  -5.691 0.0000000000
12155  -44.206  -74.230  -6.951 0.0000000000
12783  -45.725  -72.958  -0.059 0.0000000000
12793  -46.188  -73.282  -0.683 0.0000000000
12804  -46.311  -73.700  -1.031 0.0000000000
12806  -42.323  -73.577  -2.922 0.0000000000
12815  -40.154  -73.722  -4.304 0.0000000000
12817  -41.501  -73.144  -3.568 0.0000000000
12843  -39.946  -73.803  -5.110 0.0000000000
13523  -46.561  -72.438  -0.810 0.0000000000
13534  -46.801  -72.228  -1.151 0.0000000000
13561  -41.200  -72.797  -5.034 0.0000000000
13588  -42.740  -72.743  -5.899 0.0000000000
13603  -45.432  -72.193  -7.265 0.0000000000
14228  -44.266  -72.003  1.397 0.0000000000
14260  -44.412  -71.869  -2.971 0.0000000000
14262  -46.803  -71.843  -2.001 0.0000000000
14271  -42.185  -72.158  -4.069 0.0000000000
14360  -44.140  -71.403  -12.989 0.0000000000
14997  -44.949  -70.923  -3.867 0.0000000000
14999  -47.260  -69.703  -2.878 0.0000000000
15009  -46.466  -70.162  -4.405 0.0000000000
15019  -46.572  -69.672  -5.500 0.0000000000
15027  -46.090  -70.720  -6.578 0.0000000000
15038  -46.029  -69.388  -7.032 0.0000000000
15740  -39.454  -69.201  -5.975 0.0000000000
15757  -46.188  -68.931  -6.555 0.0000000000
15772  -43.347  -69.194  -7.675 0.0000000000
15774  -44.941  -68.978  -7.392 0.0000000000
16472  -41.135  -67.456  -3.054 0.0000000000
16510  -42.901  -67.113  -5.494 0.0000000000
16512  -46.411  -68.174  -5.331 0.0000000000
16521  -42.811  -68.094  -5.991 0.0000000000
16526  -46.344  -68.490  -5.898 0.0000000000
17294  -42.435  -66.427  -4.816 0.0000000000
17313  -44.651  -67.235  -5.407 0.0000000000
17328  -44.863  -67.599  -6.020 0.0000000000
18098  -40.700  -65.721  -3.588 0.0000000000
18110  -40.099  -65.222  -3.377 0.0000000000
18880  -39.584  -64.695  -3.024 0.0000000000
19613  -38.820  -63.937  -1.947 0.0000000000
21177  -34.685  -62.627  -2.458 0.0000000000
115672  -46.158  -74.289  -0.844 0.0000000000
115946  -43.407  -71.464  -4.328 0.0000000000
116684  -45.730  -71.005  -5.737 0.0000000000
119019  -44.026  -72.225  -12.277 0.0000000000
119946  -42.057  -77.286  -6.388 0.0000000000
123777  -43.143  -75.227  -6.638 0.0000000000
124202  -42.768  -72.206  -3.502 0.0000000000
125403  -42.803  -77.205  -1.723 0.0000000000
126538  -42.174  -70.308  1.549 0.0000000000
126624  -43.006  -76.570  -7.195 0.0000000000
128870  -43.102  -73.546  -10.515 0.0000000000
130597  -40.941  -69.556  -0.382 0.0000000000
130920  -37.674  -75.968  -4.967 0.0000000000
131649  -39.202  -74.341  -4.113 0.0000000000
132413  -41.709  -74.503  -10.296 0.0000000000
132778  -42.684  -70.494  1.327 0.0000000000
133047  -45.302  -72.625  0.526 0.0000000000
134636  -36.265  -65.249  -3.441 0.0000000000
