#!ascii label  , from subject bert vox2ras=TkReg
314
62145  -26.744  -14.550  -20.691 0.0000000000
64716  -24.600  -11.794  -24.177 0.0000000000
120496  -22.761  2.397  -25.235 0.0000000000
72318  -24.062  -2.464  -25.037 0.0000000000
68929  -26.930  -6.687  -24.391 0.0000000000
65563  -29.343  -10.299  -21.607 0.0000000000
78000  -21.547  4.730  -25.031 0.0000000000
70553  -25.469  -4.720  -24.648 0.0000000000
123762  -24.201  -7.084  -25.461 0.0000000000
63007  -25.962  -12.958  -22.168 0.0000000000
65569  -26.924  -10.912  -23.197 0.0000000000
63857  -27.864  -12.797  -21.203 0.0000000000
58704  -23.511  -18.542  -18.746 0.0000000000
61297  -24.249  -15.635  -21.301 0.0000000000
82627  -23.614  10.282  -22.411 0.0000000000
80412  -23.820  8.045  -23.072 0.0000000000
125800  -24.554  6.704  -22.989 0.0000000000
78003  -24.905  4.200  -23.425 0.0000000000
76392  -25.420  1.982  -23.756 0.0000000000
74779  -23.087  -0.011  -25.561 0.0000000000
74763  -26.293  -0.216  -23.885 0.0000000000
72301  -26.967  -2.591  -24.079 0.0000000000
127043  -28.588  -5.112  -25.262 0.0000000000
68931  -29.067  -6.626  -24.313 0.0000000000
66460  -25.640  -9.359  -24.376 0.0000000000
67243  -28.015  -8.853  -23.487 0.0000000000
121969  -23.755  -5.943  -26.065 0.0000000000
68097  -23.053  -7.770  -26.068 0.0000000000
62155  -26.276  -14.235  -21.387 0.0000000000
63864  -26.862  -12.718  -22.013 0.0000000000
62989  -27.786  -13.426  -20.816 0.0000000000
54951  -24.579  -22.093  -16.523 0.0000000000
55794  -25.302  -21.558  -16.698 0.0000000000
56787  -25.535  -20.303  -17.173 0.0000000000
128978  -23.208  -14.625  -22.301 0.0000000000
61295  -22.229  -15.614  -21.876 0.0000000000
80429  -24.290  7.364  -23.010 0.0000000000
76389  -22.236  3.264  -25.319 0.0000000000
122681  -23.193  4.575  -24.233 0.0000000000
121418  -23.959  2.942  -24.249 0.0000000000
77218  -25.356  3.300  -23.400 0.0000000000
76391  -23.531  2.234  -24.629 0.0000000000
73996  -23.960  -1.101  -24.799 0.0000000000
123381  -25.164  -0.191  -24.327 0.0000000000
73154  -25.341  -1.728  -24.294 0.0000000000
73155  -27.353  -1.809  -24.103 0.0000000000
72300  -25.927  -2.533  -24.192 0.0000000000
69748  -26.734  -5.818  -24.475 0.0000000000
120687  -27.088  -5.062  -24.537 0.0000000000
69749  -27.762  -5.842  -24.581 0.0000000000
69751  -29.239  -5.799  -24.847 0.0000000000
68085  -28.366  -7.069  -24.139 0.0000000000
65589  -23.755  -10.892  -25.031 0.0000000000
66472  -24.394  -9.268  -25.070 0.0000000000
65590  -24.575  -10.642  -24.738 0.0000000000
65571  -28.156  -10.369  -22.541 0.0000000000
66437  -28.002  -9.618  -23.041 0.0000000000
66438  -28.671  -9.646  -22.644 0.0000000000
67234  -29.364  -8.320  -22.833 0.0000000000
67227  -29.681  -8.850  -22.141 0.0000000000
58705  -25.026  -18.393  -18.466 0.0000000000
59623  -23.834  -17.945  -19.203 0.0000000000
115263  -25.534  -17.683  -18.611 0.0000000000
60439  -25.531  -16.351  -19.420 0.0000000000
70569  -23.339  -4.069  -25.973 0.0000000000
71453  -24.929  -3.974  -24.765 0.0000000000
70552  -24.554  -4.674  -25.151 0.0000000000
122215  -25.155  -6.093  -24.794 0.0000000000
68927  -25.038  -6.951  -24.798 0.0000000000
63884  -24.975  -12.124  -23.515 0.0000000000
64717  -25.452  -11.472  -23.827 0.0000000000
63874  -26.335  -12.219  -22.526 0.0000000000
64701  -27.978  -11.603  -21.997 0.0000000000
130844  -28.491  -11.519  -21.442 0.0000000000
57773  -25.315  -19.626  -17.496 0.0000000000
63882  -23.352  -12.737  -24.149 0.0000000000
63005  -24.035  -13.570  -22.979 0.0000000000
129271  -25.345  -14.514  -21.604 0.0000000000
62144  -25.951  -14.906  -21.032 0.0000000000
83300  -24.884  11.762  -23.351 0.0000000000
81934  -22.424  9.237  -22.617 0.0000000000
81936  -24.283  9.555  -22.757 0.0000000000
81947  -26.001  9.305  -23.367 0.0000000000
80431  -26.235  7.531  -23.448 0.0000000000
79625  -26.874  6.774  -23.546 0.0000000000
78831  -23.204  5.232  -24.097 0.0000000000
78812  -24.901  5.518  -23.269 0.0000000000
78814  -27.095  5.392  -23.301 0.0000000000
77984  -27.459  4.554  -23.532 0.0000000000
77220  -27.572  2.816  -23.804 0.0000000000
76394  -27.520  1.952  -23.744 0.0000000000
75597  -22.761  0.845  -25.742 0.0000000000
74762  -24.560  0.594  -24.496 0.0000000000
120699  -25.642  0.548  -23.956 0.0000000000
74765  -27.644  0.484  -23.874 0.0000000000
124737  -27.970  -0.312  -24.356 0.0000000000
72303  -28.482  -3.069  -25.700 0.0000000000
71455  -26.494  -3.468  -24.306 0.0000000000
114576  -27.515  -3.478  -24.484 0.0000000000
67273  -23.362  -8.580  -25.759 0.0000000000
67254  -24.795  -8.549  -24.867 0.0000000000
68083  -26.284  -8.053  -24.489 0.0000000000
65579  -26.531  -10.390  -23.652 0.0000000000
67242  -27.139  -8.861  -23.836 0.0000000000
68084  -27.693  -7.682  -24.018 0.0000000000
68918  -28.895  -7.268  -23.870 0.0000000000
68912  -29.773  -6.918  -22.896 0.0000000000
60448  -24.269  -16.299  -20.736 0.0000000000
61280  -25.908  -15.663  -19.769 0.0000000000
61281  -26.680  -15.464  -19.676 0.0000000000
112110  -27.067  -13.865  -21.078 0.0000000000
62146  -27.634  -14.243  -20.340 0.0000000000
62136  -27.946  -14.854  -19.686 0.0000000000
54952  -25.487  -22.194  -16.269 0.0000000000
54953  -26.181  -22.306  -16.116 0.0000000000
76390  -23.128  3.123  -24.729 0.0000000000
72317  -23.279  -2.433  -25.648 0.0000000000
73169  -23.592  -1.700  -25.159 0.0000000000
73170  -24.380  -1.742  -24.617 0.0000000000
72299  -24.912  -2.491  -24.515 0.0000000000
132154  -27.315  -6.222  -24.435 0.0000000000
68930  -27.800  -6.561  -24.394 0.0000000000
128337  -27.586  -7.114  -24.256 0.0000000000
64726  -24.208  -11.399  -24.629 0.0000000000
64727  -25.082  -11.133  -24.377 0.0000000000
65572  -28.853  -10.178  -22.233 0.0000000000
66439  -29.290  -9.622  -22.225 0.0000000000
66428  -29.808  -9.534  -21.630 0.0000000000
65555  -30.010  -10.006  -21.051 0.0000000000
70570  -23.938  -4.633  -25.728 0.0000000000
69761  -23.367  -5.120  -26.291 0.0000000000
128685  -23.894  -6.564  -25.880 0.0000000000
68943  -24.434  -6.189  -25.349 0.0000000000
63873  -25.392  -12.476  -22.760 0.0000000000
63865  -27.572  -12.406  -21.727 0.0000000000
63866  -28.193  -12.175  -21.329 0.0000000000
64695  -28.727  -11.860  -20.820 0.0000000000
63858  -28.422  -12.756  -20.639 0.0000000000
54936  -24.023  -22.802  -16.101 0.0000000000
54108  -24.487  -23.468  -15.530 0.0000000000
120557  -25.953  -19.761  -17.244 0.0000000000
63016  -23.600  -13.196  -23.663 0.0000000000
62153  -24.167  -14.732  -21.797 0.0000000000
62163  -23.640  -14.122  -22.620 0.0000000000
62154  -25.100  -15.252  -21.275 0.0000000000
83290  -23.486  11.152  -22.253 0.0000000000
83291  -24.157  11.502  -22.576 0.0000000000
113146  -24.169  10.824  -22.478 0.0000000000
83292  -24.780  10.938  -22.888 0.0000000000
81224  -23.142  8.608  -22.829 0.0000000000
81225  -24.029  8.835  -23.065 0.0000000000
81226  -24.770  8.990  -22.908 0.0000000000
81243  -25.404  8.743  -23.085 0.0000000000
116779  -25.531  8.015  -23.198 0.0000000000
80430  -25.217  7.206  -22.935 0.0000000000
79624  -26.053  6.573  -23.180 0.0000000000
116397  -22.584  4.685  -24.521 0.0000000000
78002  -23.840  4.618  -23.779 0.0000000000
124063  -24.590  4.942  -23.491 0.0000000000
78813  -26.035  5.613  -23.095 0.0000000000
77982  -25.509  4.805  -23.268 0.0000000000
77983  -26.592  4.660  -23.224 0.0000000000
77203  -26.000  3.910  -23.129 0.0000000000
131386  -25.700  2.569  -23.475 0.0000000000
77219  -26.484  2.963  -23.395 0.0000000000
76393  -26.497  2.054  -23.557 0.0000000000
132508  -27.048  2.443  -23.604 0.0000000000
73994  -22.574  -0.709  -26.130 0.0000000000
74778  -22.291  0.113  -26.310 0.0000000000
75598  -23.568  0.684  -25.003 0.0000000000
74764  -26.736  0.517  -23.674 0.0000000000
119503  -27.250  -0.235  -23.873 0.0000000000
72302  -27.807  -2.735  -24.552 0.0000000000
73156  -28.172  -1.982  -24.740 0.0000000000
120676  -25.736  -3.952  -24.502 0.0000000000
118319  -27.897  -5.110  -24.838 0.0000000000
70555  -27.292  -4.262  -24.517 0.0000000000
70556  -28.111  -4.369  -24.865 0.0000000000
71456  -28.404  -3.728  -25.130 0.0000000000
70571  -28.783  -4.609  -25.739 0.0000000000
69739  -29.615  -6.128  -24.121 0.0000000000
66459  -24.834  -9.791  -24.658 0.0000000000
116787  -25.014  -9.118  -24.658 0.0000000000
68082  -25.398  -7.888  -24.738 0.0000000000
67255  -25.600  -8.623  -24.574 0.0000000000
64718  -26.250  -11.168  -23.486 0.0000000000
65578  -25.811  -10.917  -23.982 0.0000000000
66449  -27.261  -9.584  -23.514 0.0000000000
68071  -27.675  -8.297  -23.810 0.0000000000
68072  -28.403  -7.923  -23.710 0.0000000000
67235  -29.858  -8.040  -22.262 0.0000000000
68063  -29.586  -7.571  -22.917 0.0000000000
68064  -30.059  -7.323  -22.348 0.0000000000
60440  -26.526  -16.130  -19.136 0.0000000000
68942  -23.520  -7.109  -25.994 0.0000000000
62995  -25.654  -13.756  -21.896 0.0000000000
62996  -26.547  -13.465  -21.666 0.0000000000
62997  -27.305  -13.139  -21.443 0.0000000000
62990  -28.420  -13.671  -20.167 0.0000000000
112231  -28.711  -14.102  -19.652 0.0000000000
54937  -24.943  -22.739  -15.942 0.0000000000
56786  -24.640  -20.216  -17.472 0.0000000000
56772  -25.063  -20.943  -17.122 0.0000000000
56773  -25.894  -20.994  -16.854 0.0000000000
62162  -22.897  -14.155  -22.805 0.0000000000
61304  -22.560  -14.829  -22.410 0.0000000000
61296  -23.196  -15.339  -21.718 0.0000000000
81919  -22.554  10.038  -22.383 0.0000000000
80413  -24.756  8.170  -22.953 0.0000000000
134234  -23.576  7.404  -23.297 0.0000000000
79622  -23.740  6.677  -23.504 0.0000000000
77215  -22.786  3.963  -24.624 0.0000000000
77216  -23.500  3.834  -24.204 0.0000000000
77217  -24.322  3.599  -23.727 0.0000000000
125624  -24.845  2.724  -23.768 0.0000000000
125438  -24.448  2.092  -24.200 0.0000000000
73995  -23.295  -0.881  -25.343 0.0000000000
74780  -24.011  -0.250  -24.799 0.0000000000
73978  -24.765  -0.970  -24.520 0.0000000000
73979  -25.784  -0.952  -24.141 0.0000000000
118895  -26.824  -0.976  -23.997 0.0000000000
116263  -26.400  -1.747  -24.001 0.0000000000
69747  -25.719  -5.574  -24.624 0.0000000000
122618  -26.293  -5.096  -24.529 0.0000000000
69750  -28.632  -5.638  -24.987 0.0000000000
122887  -28.598  -6.327  -24.614 0.0000000000
66471  -23.685  -9.382  -25.542 0.0000000000
66458  -24.074  -10.084  -25.198 0.0000000000
65591  -25.564  -10.290  -24.255 0.0000000000
64712  -27.510  -11.101  -22.632 0.0000000000
65570  -27.408  -10.314  -23.098 0.0000000000
134591  -28.554  -9.137  -23.074 0.0000000000
67244  -28.793  -8.528  -23.264 0.0000000000
113624  -29.088  -9.033  -22.741 0.0000000000
67228  -30.144  -8.428  -21.761 0.0000000000
66429  -30.221  -8.989  -21.512 0.0000000000
126029  -24.288  -18.334  -18.732 0.0000000000
59624  -24.712  -17.839  -19.000 0.0000000000
59633  -24.253  -17.321  -19.555 0.0000000000
60438  -24.681  -16.648  -19.853 0.0000000000
59634  -25.122  -17.119  -19.203 0.0000000000
60427  -25.940  -16.867  -18.787 0.0000000000
71469  -22.950  -3.189  -26.028 0.0000000000
119636  -23.745  -3.219  -25.522 0.0000000000
120176  -24.530  -3.226  -24.938 0.0000000000
71470  -24.174  -3.966  -25.352 0.0000000000
69762  -24.170  -5.322  -25.646 0.0000000000
69746  -24.857  -5.421  -24.951 0.0000000000
68928  -25.931  -6.386  -24.564 0.0000000000
121865  -26.096  -7.251  -24.528 0.0000000000
64710  -25.851  -11.795  -23.135 0.0000000000
64711  -26.699  -11.516  -22.889 0.0000000000
63875  -27.194  -11.950  -22.331 0.0000000000
132902  -28.080  -11.001  -22.296 0.0000000000
64702  -28.557  -10.861  -21.891 0.0000000000
64703  -28.990  -11.083  -21.124 0.0000000000
63850  -28.930  -13.064  -20.052 0.0000000000
54119  -23.450  -23.466  -15.754 0.0000000000
57781  -24.260  -18.930  -18.206 0.0000000000
125419  -24.663  -19.463  -17.763 0.0000000000
58692  -25.179  -18.951  -17.858 0.0000000000
58693  -25.924  -19.139  -17.535 0.0000000000
63883  -24.099  -12.512  -23.962 0.0000000000
63872  -24.461  -12.823  -23.185 0.0000000000
63006  -24.995  -13.242  -22.464 0.0000000000
62164  -24.660  -14.021  -22.241 0.0000000000
83982  -23.394  11.944  -22.143 0.0000000000
125852  -21.535  9.890  -22.589 0.0000000000
81935  -23.343  9.402  -22.609 0.0000000000
82628  -24.578  10.262  -22.688 0.0000000000
82629  -25.218  10.380  -23.003 0.0000000000
81244  -26.127  8.455  -23.462 0.0000000000
81245  -26.730  8.162  -23.749 0.0000000000
81248  -27.187  8.246  -24.153 0.0000000000
80432  -27.072  7.523  -23.858 0.0000000000
79641  -27.482  6.819  -24.023 0.0000000000
78811  -23.485  5.855  -23.870 0.0000000000
125304  -24.267  6.056  -23.460 0.0000000000
77981  -23.940  5.420  -23.706 0.0000000000
79623  -25.180  6.263  -22.924 0.0000000000
123147  -26.760  6.090  -23.246 0.0000000000
120342  -27.407  6.081  -23.591 0.0000000000
78815  -27.863  5.275  -23.809 0.0000000000
77985  -27.991  4.459  -23.974 0.0000000000
77204  -27.023  3.767  -23.428 0.0000000000
75613  -21.850  1.029  -26.434 0.0000000000
117178  -22.369  1.716  -25.758 0.0000000000
76405  -23.166  1.540  -25.149 0.0000000000
75599  -23.993  1.394  -24.545 0.0000000000
75586  -25.027  1.318  -24.146 0.0000000000
75587  -26.095  1.267  -23.644 0.0000000000
75588  -27.153  1.251  -23.659 0.0000000000
73980  -27.646  -1.040  -24.324 0.0000000000
73157  -28.464  -2.338  -26.094 0.0000000000
71454  -25.413  -3.265  -24.482 0.0000000000
70554  -26.411  -4.401  -24.467 0.0000000000
70557  -29.104  -5.036  -25.510 0.0000000000
68098  -23.812  -7.859  -25.752 0.0000000000
67274  -24.113  -8.598  -25.437 0.0000000000
68081  -24.525  -7.819  -25.105 0.0000000000
118915  -26.963  -7.504  -24.304 0.0000000000
66448  -26.416  -9.532  -23.953 0.0000000000
116329  -26.371  -8.763  -24.241 0.0000000000
67256  -27.039  -8.193  -24.118 0.0000000000
68073  -29.100  -7.792  -23.440 0.0000000000
68919  -29.409  -6.979  -23.613 0.0000000000
60458  -23.570  -16.089  -21.293 0.0000000000
60449  -25.165  -16.037  -20.202 0.0000000000
128988  -24.929  -15.795  -20.900 0.0000000000
61287  -25.580  -15.460  -20.593 0.0000000000
61288  -26.333  -15.137  -20.273 0.0000000000
62135  -27.133  -14.938  -19.977 0.0000000000
81946  -21.631  9.162  -22.840 0.0000000000
131548  -23.428  -6.491  -26.217 0.0000000000
