#!ascii label  , from subject bert vox2ras=TkReg
863
54119  -23.450  -23.466  -15.754 0.4285714328
113943  -23.616  -22.209  -16.591 0.2857142985
54936  -24.023  -22.802  -16.101 0.4285714328
54951  -24.579  -22.093  -16.523 0.4285714328
54953  -26.181  -22.306  -16.116 0.4285714328
125469  -24.648  -21.448  -16.935 0.2857142985
55794  -25.302  -21.558  -16.698 0.4285714328
56773  -25.894  -20.994  -16.854 0.4285714328
56786  -24.640  -20.216  -17.472 0.4285714328
56787  -25.535  -20.303  -17.173 0.4285714328
57781  -24.260  -18.930  -18.206 0.4285714328
58705  -25.026  -18.393  -18.466 0.4285714328
59623  -23.834  -17.945  -19.203 0.5714285970
126029  -24.288  -18.334  -18.732 0.5714285970
59625  -26.407  -17.485  -18.263 0.2857142985
59633  -24.253  -17.321  -19.555 0.7142857313
59634  -25.122  -17.119  -19.203 0.7142857313
60440  -26.526  -16.130  -19.136 0.7142857313
60439  -25.531  -16.351  -19.420 0.7142857313
62135  -27.133  -14.938  -19.977 0.5714285970
61280  -25.908  -15.663  -19.769 0.5714285970
61288  -26.333  -15.137  -20.273 0.5714285970
62144  -25.951  -14.906  -21.032 0.5714285970
62145  -26.744  -14.550  -20.691 0.5714285970
61287  -25.580  -15.460  -20.593 0.5714285970
62136  -27.946  -14.854  -19.686 0.4285714328
112110  -27.067  -13.865  -21.078 0.5714285970
62989  -27.786  -13.426  -20.816 0.5714285970
62155  -26.276  -14.235  -21.387 0.7142857313
62997  -27.305  -13.139  -21.443 0.7142857313
63857  -27.864  -12.797  -21.203 0.7142857313
62163  -23.640  -14.122  -22.620 0.5714285970
63007  -25.962  -12.958  -22.168 0.8571428657
63866  -28.193  -12.175  -21.329 0.7142857313
63006  -24.995  -13.242  -22.464 0.5714285970
132902  -28.080  -11.001  -22.296 0.7142857313
130844  -28.491  -11.519  -21.442 0.5714285970
63864  -26.862  -12.718  -22.013 0.7142857313
64701  -27.978  -11.603  -21.997 0.7142857313
65571  -28.156  -10.369  -22.541 0.5714285970
63875  -27.194  -11.950  -22.331 0.7142857313
65572  -28.853  -10.178  -22.233 0.5714285970
63874  -26.335  -12.219  -22.526 0.5714285970
64711  -26.699  -11.516  -22.889 0.7142857313
64712  -27.510  -11.101  -22.632 0.7142857313
66437  -28.002  -9.618  -23.041 0.7142857313
65579  -26.531  -10.390  -23.652 0.7142857313
65570  -27.408  -10.314  -23.098 0.7142857313
67243  -28.015  -8.853  -23.487 0.7142857313
134591  -28.554  -9.137  -23.074 0.5714285970
66449  -27.261  -9.584  -23.514 0.7142857313
64717  -25.452  -11.472  -23.827 0.5714285970
68072  -28.403  -7.923  -23.710 0.5714285970
68918  -28.895  -7.268  -23.870 0.5714285970
66448  -26.416  -9.532  -23.953 0.8571428657
68084  -27.693  -7.682  -24.018 0.7142857313
67242  -27.139  -8.861  -23.836 0.8571428657
68071  -27.675  -8.297  -23.810 0.7142857313
132154  -27.315  -6.222  -24.435 0.8571428657
68085  -28.366  -7.069  -24.139 0.5714285970
118915  -26.963  -7.504  -24.304 0.8571428657
116329  -26.371  -8.763  -24.241 0.8571428657
67256  -27.039  -8.193  -24.118 0.8571428657
122618  -26.293  -5.096  -24.529 0.8571428657
120687  -27.088  -5.062  -24.537 0.8571428657
71455  -26.494  -3.468  -24.306 0.8571428657
68929  -26.930  -6.687  -24.391 0.8571428657
71453  -24.929  -3.974  -24.765 1.0000000000
120676  -25.736  -3.952  -24.502 1.0000000000
69748  -26.734  -5.818  -24.475 0.8571428657
70553  -25.469  -4.720  -24.648 1.0000000000
72299  -24.912  -2.491  -24.515 1.0000000000
73996  -23.960  -1.101  -24.799 0.7142857313
71454  -25.413  -3.265  -24.482 1.0000000000
120176  -24.530  -3.226  -24.938 1.0000000000
73170  -24.380  -1.742  -24.617 1.0000000000
75599  -23.993  1.394  -24.545 1.0000000000
76405  -23.166  1.540  -25.149 0.8571428657
121418  -23.959  2.942  -24.249 0.8571428657
79623  -25.180  6.263  -22.924 0.8571428657
124063  -24.590  4.942  -23.491 0.8571428657
78002  -23.840  4.618  -23.779 1.0000000000
116779  -25.531  8.015  -23.198 0.8571428657
80430  -25.217  7.206  -22.935 0.8571428657
134234  -23.576  7.404  -23.297 0.5714285970
81226  -24.770  8.990  -22.908 0.7142857313
81947  -26.001  9.305  -23.367 0.5714285970
81935  -23.343  9.402  -22.609 0.5714285970
81224  -23.142  8.608  -22.829 0.5714285970
81919  -22.554  10.038  -22.383 0.4285714328
113146  -24.169  10.824  -22.478 0.4285714328
83292  -24.780  10.938  -22.888 0.4285714328
83278  -22.711  11.524  -21.841 0.2857142985
83277  -21.911  11.768  -21.440 0.2857142985
82615  -21.980  11.177  -21.774 0.2857142985
83971  -22.615  12.363  -21.575 0.2857142985
128337  -27.586  -7.114  -24.256 0.8571428657
69749  -27.762  -5.842  -24.581 0.8571428657
70554  -26.411  -4.401  -24.467 0.8571428657
84625  -21.502  13.504  -20.026 0.1428571492
131385  -23.263  -21.708  -16.944 0.2857142985
55805  -23.434  -21.176  -17.308 0.2857142985
55806  -24.255  -20.988  -17.249 0.2857142985
120557  -25.953  -19.761  -17.244 0.4285714328
57772  -23.907  -19.678  -17.832 0.2857142985
58693  -25.924  -19.139  -17.535 0.4285714328
58704  -23.511  -18.542  -18.746 0.5714285970
59624  -24.712  -17.839  -19.000 0.5714285970
60427  -25.940  -16.867  -18.787 0.4285714328
60437  -23.749  -16.918  -20.246 0.2857142985
60438  -24.681  -16.648  -19.853 0.7142857313
128988  -24.929  -15.795  -20.900 0.5714285970
112231  -28.711  -14.102  -19.652 0.4285714328
62154  -25.100  -15.252  -21.275 0.7142857313
129271  -25.345  -14.514  -21.604 0.7142857313
62146  -27.634  -14.243  -20.340 0.7142857313
62990  -28.420  -13.671  -20.167 0.4285714328
63865  -27.572  -12.406  -21.727 0.7142857313
62164  -24.660  -14.021  -22.241 0.5714285970
62995  -25.654  -13.756  -21.896 0.5714285970
66439  -29.290  -9.622  -22.225 0.5714285970
63873  -25.392  -12.476  -22.760 0.5714285970
64702  -28.557  -10.861  -21.891 0.5714285970
65569  -26.924  -10.912  -23.197 0.7142857313
66438  -28.671  -9.646  -22.644 0.5714285970
64710  -25.851  -11.795  -23.135 0.8571428657
68930  -27.800  -6.561  -24.394 0.5714285970
121865  -26.096  -7.251  -24.528 1.0000000000
70552  -24.554  -4.674  -25.151 1.0000000000
73169  -23.592  -1.700  -25.159 0.8571428657
74779  -23.087  -0.011  -25.561 0.7142857313
74780  -24.011  -0.250  -24.799 1.0000000000
123381  -25.164  -0.191  -24.327 1.0000000000
75598  -23.568  0.684  -25.003 0.7142857313
74762  -24.560  0.594  -24.496 1.0000000000
76391  -23.531  2.234  -24.629 0.8571428657
77981  -23.940  5.420  -23.706 0.8571428657
77217  -24.322  3.599  -23.727 1.0000000000
80429  -24.290  7.364  -23.010 0.7142857313
82627  -23.614  10.282  -22.411 0.7142857313
80412  -23.820  8.045  -23.072 0.5714285970
81225  -24.029  8.835  -23.065 0.7142857313
81936  -24.283  9.555  -22.757 0.7142857313
81934  -22.424  9.237  -22.617 0.4285714328
83291  -24.157  11.502  -22.576 0.4285714328
82629  -25.218  10.380  -23.003 0.4285714328
83300  -24.884  11.762  -23.351 0.4285714328
83982  -23.394  11.944  -22.143 0.4285714328
60448  -24.269  -16.299  -20.736 0.4285714328
61297  -24.249  -15.635  -21.301 0.4285714328
83290  -23.486  11.152  -22.253 0.4285714328
54108  -24.487  -23.468  -15.530 0.4285714328
54937  -24.943  -22.739  -15.942 0.4285714328
54950  -23.051  -22.803  -16.209 0.2857142985
54952  -25.487  -22.194  -16.269 0.4285714328
56772  -25.063  -20.943  -17.122 0.4285714328
125419  -24.663  -19.463  -17.763 0.4285714328
57773  -25.315  -19.626  -17.496 0.4285714328
58692  -25.179  -18.951  -17.858 0.4285714328
115263  -25.534  -17.683  -18.611 0.4285714328
60449  -25.165  -16.037  -20.202 0.5714285970
62996  -26.547  -13.465  -21.666 0.7142857313
63858  -28.422  -12.756  -20.639 0.5714285970
62153  -24.167  -14.732  -21.797 0.7142857313
64718  -26.250  -11.168  -23.486 0.8571428657
65578  -25.811  -10.917  -23.982 0.8571428657
68083  -26.284  -8.053  -24.489 0.8571428657
69747  -25.719  -5.574  -24.624 1.0000000000
72318  -24.062  -2.464  -25.037 1.0000000000
73995  -23.295  -0.881  -25.343 0.8571428657
125800  -24.554  6.704  -22.989 0.8571428657
80413  -24.756  8.170  -22.953 0.7142857313
81243  -25.404  8.743  -23.085 0.7142857313
125852  -21.535  9.890  -22.589 0.4285714328
82616  -22.675  10.807  -22.141 0.2857142985
83970  -21.866  12.481  -21.072 0.2857142985
129787  -21.727  13.110  -20.665 0.1428571492
56785  -23.682  -20.473  -17.596 0.2857142985
82628  -24.578  10.262  -22.688 0.5714285970
85294  -24.529  14.655  -25.573 0.2857142985
85957  -24.026  15.274  -24.951 0.1428571492
84651  -25.208  13.032  -24.064 0.2857142985
85295  -24.950  14.158  -25.285 0.2857142985
84657  -24.444  14.400  -23.834 0.1428571492
85954  -24.000  15.213  -23.956 0.1428571492
83983  -23.957  12.495  -22.705 0.1428571492
83990  -24.694  12.803  -23.429 0.2857142985
84645  -24.023  13.635  -22.832 0.1428571492
84007  -25.728  12.814  -25.707 0.2857142985
84658  -25.002  13.751  -24.531 0.2857142985
82657  -26.994  9.928  -27.212 0.2857142985
83321  -26.760  11.648  -25.582 0.2857142985
85283  -23.904  15.018  -23.088 0.1428571492
81951  -27.011  9.851  -24.393 0.2857142985
83312  -25.939  12.259  -24.524 0.2857142985
129563  -27.678  7.731  -25.168 0.1428571492
82647  -27.241  10.345  -24.994 0.2857142985
83313  -26.601  11.604  -24.727 0.2857142985
128199  -24.202  14.244  -23.132 0.1428571492
129003  -25.525  12.635  -24.351 0.2857142985
79667  -28.196  6.112  -26.718 0.1428571492
79663  -28.127  6.609  -26.265 0.1428571492
81952  -27.429  9.614  -25.196 0.4285714328
83302  -26.334  10.719  -23.849 0.2857142985
77984  -27.459  4.554  -23.532 0.2857142985
80432  -27.072  7.523  -23.858 0.4285714328
81247  -26.764  8.993  -23.865 0.2857142985
77206  -28.301  3.937  -24.481 0.1428571492
78832  -27.916  6.097  -24.196 0.2857142985
81245  -26.730  8.162  -23.749 0.4285714328
123147  -26.760  6.090  -23.246 0.5714285970
80431  -26.235  7.531  -23.448 0.7142857313
76395  -28.267  1.951  -24.191 0.1428571492
77205  -27.826  3.744  -23.902 0.1428571492
77983  -26.592  4.660  -23.224 0.4285714328
75589  -28.044  1.178  -23.929 0.2857142985
76394  -27.520  1.952  -23.744 0.7142857313
78813  -26.035  5.613  -23.095 0.7142857313
125624  -24.845  2.724  -23.768 0.8571428657
77219  -26.484  2.963  -23.395 0.8571428657
77982  -25.509  4.805  -23.268 0.5714285970
124737  -27.970  -0.312  -24.356 0.2857142985
74766  -28.182  0.358  -24.497 0.2857142985
77203  -26.000  3.910  -23.129 0.7142857313
78831  -23.204  5.232  -24.097 0.5714285970
78003  -24.905  4.200  -23.425 0.8571428657
117998  -28.334  -1.238  -25.037 0.1428571492
75588  -27.153  1.251  -23.659 0.7142857313
121969  -23.755  -5.943  -26.065 0.5714285970
71470  -24.174  -3.966  -25.352 0.8571428657
119636  -23.745  -3.219  -25.522 0.8571428657
70569  -23.339  -4.069  -25.973 0.4285714328
72317  -23.279  -2.433  -25.648 0.5714285970
73979  -25.784  -0.952  -24.141 0.8571428657
75586  -25.027  1.318  -24.146 0.8571428657
73156  -28.172  -1.982  -24.740 0.2857142985
74763  -26.293  -0.216  -23.885 0.8571428657
75587  -26.095  1.267  -23.644 0.8571428657
77218  -25.356  3.300  -23.400 0.8571428657
72303  -28.482  -3.069  -25.700 0.4285714328
119503  -27.250  -0.235  -23.873 0.7142857313
74764  -26.736  0.517  -23.674 0.7142857313
68954  -23.018  -5.987  -26.510 0.2857142985
69761  -23.367  -5.120  -26.291 0.5714285970
73154  -25.341  -1.728  -24.294 0.8571428657
73978  -24.765  -0.970  -24.520 0.8571428657
120699  -25.642  0.548  -23.956 0.8571428657
72302  -27.807  -2.735  -24.552 0.4285714328
73155  -27.353  -1.809  -24.103 0.8571428657
65590  -24.575  -10.642  -24.738 0.7142857313
66471  -23.685  -9.382  -25.542 0.4285714328
116787  -25.014  -9.118  -24.658 0.8571428657
67274  -24.113  -8.598  -25.437 0.5714285970
68942  -23.520  -7.109  -25.994 0.5714285970
68097  -23.053  -7.770  -26.068 0.4285714328
68082  -25.398  -7.888  -24.738 0.8571428657
123762  -24.201  -7.084  -25.461 0.5714285970
68928  -25.931  -6.386  -24.564 0.8571428657
122215  -25.155  -6.093  -24.794 0.7142857313
68943  -24.434  -6.189  -25.349 0.5714285970
70555  -27.292  -4.262  -24.517 0.7142857313
114576  -27.515  -3.478  -24.484 0.7142857313
72301  -26.967  -2.591  -24.079 0.7142857313
116263  -26.400  -1.747  -24.001 0.8571428657
70572  -29.093  -4.360  -26.408 0.2857142985
71456  -28.404  -3.728  -25.130 0.4285714328
63884  -24.975  -12.124  -23.515 0.4285714328
64716  -24.600  -11.794  -24.177 0.4285714328
65589  -23.755  -10.892  -25.031 0.4285714328
66460  -25.640  -9.359  -24.376 0.7142857313
67255  -25.600  -8.623  -24.574 0.7142857313
68927  -25.038  -6.951  -24.798 0.8571428657
118319  -27.897  -5.110  -24.838 0.7142857313
70557  -29.104  -5.036  -25.510 0.2857142985
127043  -28.588  -5.112  -25.262 0.5714285970
63872  -24.461  -12.823  -23.185 0.4285714328
63882  -23.352  -12.737  -24.149 0.5714285970
64727  -25.082  -11.133  -24.377 0.5714285970
68931  -29.067  -6.626  -24.313 0.4285714328
69751  -29.239  -5.799  -24.847 0.4285714328
69750  -28.632  -5.638  -24.987 0.4285714328
64703  -28.990  -11.083  -21.124 0.4285714328
65563  -29.343  -10.299  -21.607 0.4285714328
68063  -29.586  -7.571  -22.917 0.4285714328
67244  -28.793  -8.528  -23.264 0.4285714328
68912  -29.773  -6.918  -22.896 0.4285714328
125595  -26.539  -18.758  -17.536 0.1428571492
67227  -29.681  -8.850  -22.141 0.4285714328
67235  -29.858  -8.040  -22.262 0.4285714328
59626  -27.400  -17.220  -18.090 0.1428571492
64688  -29.956  -11.915  -19.767 0.2857142985
65556  -31.163  -10.165  -20.004 0.2857142985
64697  -30.394  -10.468  -20.423 0.2857142985
63850  -28.930  -13.064  -20.052 0.4285714328
115949  -30.632  -9.759  -20.693 0.2857142985
65555  -30.010  -10.006  -21.051 0.2857142985
64696  -29.395  -11.477  -20.455 0.2857142985
66417  -30.693  -9.132  -20.984 0.2857142985
66428  -29.808  -9.534  -21.630 0.4285714328
58695  -27.942  -17.987  -17.523 0.1428571492
58706  -25.919  -18.324  -17.941 0.1428571492
60415  -28.169  -16.663  -18.242 0.2857142985
61272  -28.231  -15.988  -18.729 0.2857142985
62976  -30.191  -13.832  -18.852 0.2857142985
63852  -30.279  -12.595  -19.365 0.2857142985
63851  -29.627  -12.940  -19.644 0.2857142985
62983  -29.097  -13.635  -19.671 0.2857142985
59613  -28.195  -17.244  -17.830 0.1428571492
61266  -30.165  -15.948  -18.019 0.2857142985
60416  -28.814  -16.927  -17.872 0.2857142985
62127  -29.235  -15.037  -18.872 0.2857142985
61273  -28.868  -15.681  -18.696 0.2857142985
60429  -27.440  -16.393  -18.666 0.2857142985
55795  -26.109  -21.699  -16.465 0.2857142985
57774  -26.682  -19.507  -17.207 0.1428571492
57775  -27.317  -18.803  -17.350 0.1428571492
53250  -24.613  -24.248  -15.044 0.2857142985
53249  -23.767  -24.115  -15.310 0.2857142985
56788  -26.341  -20.295  -16.943 0.2857142985
53251  -25.339  -23.835  -15.210 0.1428571492
53234  -23.976  -24.676  -14.785 0.2857142985
134004  -23.546  -25.164  -14.571 0.1428571492
60417  -29.594  -16.554  -17.885 0.2857142985
62128  -29.832  -14.390  -18.847 0.2857142985
111759  -30.753  -12.055  -19.288 0.2857142985
62984  -29.699  -13.727  -19.244 0.2857142985
64689  -30.784  -11.156  -19.736 0.2857142985
64695  -28.727  -11.860  -20.820 0.4285714328
130659  -30.285  -9.472  -21.192 0.2857142985
67219  -30.622  -8.494  -21.284 0.2857142985
66472  -24.394  -9.268  -25.070 0.7142857313
67228  -30.144  -8.428  -21.761 0.4285714328
68073  -29.100  -7.792  -23.440 0.4285714328
122887  -28.598  -6.327  -24.614 0.4285714328
70571  -28.783  -4.609  -25.739 0.5714285970
77216  -23.500  3.834  -24.204 0.7142857313
125438  -24.448  2.092  -24.200 0.8571428657
79622  -23.740  6.677  -23.504 0.4285714328
78812  -24.901  5.518  -23.269 0.7142857313
76392  -25.420  1.982  -23.756 0.8571428657
74765  -27.644  0.484  -23.874 0.5714285970
77985  -27.991  4.459  -23.974 0.4285714328
78815  -27.863  5.275  -23.809 0.4285714328
85279  -23.707  14.628  -22.523 0.1428571492
81251  -27.628  8.671  -25.442 0.2857142985
79657  -27.828  6.830  -24.847 0.1428571492
54109  -25.317  -23.224  -15.553 0.1428571492
54954  -26.812  -21.999  -16.169 0.1428571492
56774  -27.080  -20.178  -16.814 0.1428571492
58696  -28.908  -18.178  -17.045 0.1428571492
116215  -29.341  -17.361  -17.426 0.1428571492
61282  -27.509  -15.595  -19.307 0.2857142985
62138  -29.191  -14.255  -19.259 0.2857142985
63843  -30.784  -12.771  -18.941 0.2857142985
62147  -28.267  -14.309  -19.847 0.2857142985
63883  -24.099  -12.512  -23.962 0.5714285970
64725  -23.429  -11.657  -24.657 0.2857142985
68048  -31.007  -7.892  -20.929 0.2857142985
66459  -24.834  -9.791  -24.658 0.7142857313
65591  -25.564  -10.290  -24.255 0.5714285970
67273  -23.362  -8.580  -25.759 0.4285714328
113624  -29.088  -9.033  -22.741 0.4285714328
68081  -24.525  -7.819  -25.105 0.7142857313
68913  -30.184  -6.593  -22.431 0.1428571492
69739  -29.615  -6.128  -24.121 0.4285714328
69752  -29.970  -5.391  -24.543 0.1428571492
70556  -28.111  -4.369  -24.865 0.5714285970
73980  -27.646  -1.040  -24.324 0.7142857313
131386  -25.700  2.569  -23.475 0.8571428657
73157  -28.464  -2.338  -26.094 0.2857142985
73997  -28.443  -1.621  -26.332 0.1428571492
73981  -28.320  -0.546  -25.250 0.1428571492
77220  -27.572  2.816  -23.804 0.5714285970
74781  -28.222  -0.005  -25.537 0.1428571492
77221  -28.362  2.923  -24.501 0.1428571492
121409  -27.328  8.950  -24.570 0.2857142985
80439  -27.479  7.567  -24.415 0.2857142985
78833  -28.203  5.485  -24.475 0.2857142985
121766  -28.401  5.191  -25.207 0.1428571492
78848  -28.343  5.816  -25.987 0.1428571492
81955  -27.578  9.494  -26.076 0.2857142985
81960  -27.323  9.345  -26.837 0.2857142985
81272  -27.272  8.473  -27.233 0.1428571492
126650  -27.624  7.968  -26.759 0.1428571492
54111  -27.533  -23.140  -15.526 0.1428571492
58675  -28.186  -18.876  -17.044 0.1428571492
79671  -27.457  6.467  -27.708 0.1428571492
81971  -26.445  9.525  -27.686 0.2857142985
54938  -25.778  -22.768  -15.820 0.1428571492
54939  -26.671  -22.797  -15.735 0.1428571492
126710  -26.928  -21.081  -16.545 0.1428571492
58694  -26.903  -18.063  -17.718 0.1428571492
61281  -26.680  -15.464  -19.676 0.4285714328
60428  -26.747  -16.810  -18.574 0.1428571492
68919  -29.409  -6.979  -23.613 0.4285714328
69746  -24.857  -5.421  -24.951 0.8571428657
72300  -25.927  -2.533  -24.192 0.8571428657
125304  -24.267  6.056  -23.460 0.5714285970
79624  -26.053  6.573  -23.180 0.7142857313
81244  -26.127  8.455  -23.462 0.5714285970
82639  -25.854  10.152  -23.297 0.2857142985
81948  -26.480  9.898  -23.765 0.2857142985
113530  -25.944  11.569  -24.004 0.2857142985
83301  -25.546  10.927  -23.371 0.2857142985
85287  -24.540  14.574  -24.701 0.1428571492
84650  -24.675  13.639  -23.587 0.2857142985
84664  -25.322  13.543  -25.465 0.2857142985
83999  -25.547  12.893  -24.834 0.2857142985
82650  -27.409  10.307  -25.705 0.2857142985
84018  -26.231  12.177  -25.972 0.2857142985
83322  -27.173  11.027  -25.230 0.2857142985
82646  -26.879  10.776  -24.483 0.2857142985
84008  -26.203  12.266  -25.202 0.2857142985
130314  -27.480  8.240  -24.711 0.2857142985
116855  -27.761  7.922  -26.012 0.1428571492
132492  -26.499  11.201  -24.251 0.2857142985
79662  -27.863  6.652  -27.001 0.1428571492
79658  -28.147  6.501  -25.553 0.1428571492
80458  -27.820  7.294  -26.530 0.1428571492
81260  -27.590  8.660  -26.430 0.1428571492
78004  -28.282  4.770  -24.455 0.1428571492
79625  -26.874  6.774  -23.546 0.5714285970
79641  -27.482  6.819  -24.023 0.4285714328
81248  -27.187  8.246  -24.153 0.5714285970
122136  -28.543  3.466  -25.139 0.1428571492
79642  -28.225  6.013  -25.000 0.2857142985
120342  -27.407  6.081  -23.591 0.4285714328
78814  -27.095  5.392  -23.301 0.5714285970
132508  -27.048  2.443  -23.604 0.4285714328
77204  -27.023  3.767  -23.428 0.5714285970
76393  -26.497  2.054  -23.557 0.7142857313
69762  -24.170  -5.322  -25.646 0.5714285970
70570  -23.938  -4.633  -25.728 0.5714285970
71469  -22.950  -3.189  -26.028 0.4285714328
118895  -26.824  -0.976  -23.997 0.8571428657
64726  -24.208  -11.399  -24.629 0.5714285970
66458  -24.074  -10.084  -25.198 0.4285714328
67254  -24.795  -8.549  -24.867 0.7142857313
68098  -23.812  -7.859  -25.752 0.5714285970
128685  -23.894  -6.564  -25.880 0.5714285970
134301  -29.654  -5.089  -25.174 0.2857142985
115030  -29.653  -10.691  -20.770 0.2857142985
67234  -29.364  -8.320  -22.833 0.4285714328
68064  -30.059  -7.323  -22.348 0.4285714328
61283  -28.426  -15.321  -19.137 0.2857142985
62137  -28.627  -14.649  -19.399 0.2857142985
130226  -30.037  -11.125  -20.217 0.2857142985
63859  -29.164  -12.333  -20.216 0.2857142985
66429  -30.221  -8.989  -21.512 0.4285714328
60430  -28.892  -16.289  -18.350 0.2857142985
62985  -30.238  -13.249  -19.150 0.2857142985
59614  -28.642  -17.524  -17.525 0.1428571492
61274  -29.512  -15.797  -18.420 0.2857142985
115501  -30.189  -15.160  -18.453 0.2857142985
53236  -25.429  -24.625  -14.797 0.1428571492
53235  -24.669  -24.838  -14.707 0.1428571492
53252  -26.141  -24.118  -15.034 0.1428571492
54110  -26.028  -23.424  -15.471 0.1428571492
54940  -27.500  -22.369  -15.910 0.1428571492
84644  -23.222  13.339  -22.359 0.1428571492
116397  -22.584  4.685  -24.521 0.5714285970
76389  -22.236  3.264  -25.319 0.4285714328
77215  -22.786  3.963  -24.624 0.5714285970
120496  -22.761  2.397  -25.235 0.4285714328
76390  -23.128  3.123  -24.729 0.5714285970
122681  -23.193  4.575  -24.233 0.4285714328
74778  -22.291  0.113  -26.310 0.4285714328
75597  -22.761  0.845  -25.742 0.4285714328
75613  -21.850  1.029  -26.434 0.4285714328
117178  -22.369  1.716  -25.758 0.5714285970
66402  -32.251  -9.387  -19.248 0.1428571492
66418  -31.151  -9.340  -20.354 0.1428571492
67220  -31.107  -8.622  -20.650 0.1428571492
58714  -22.884  -18.092  -19.348 0.2857142985
66380  -33.489  -9.726  -18.571 0.1428571492
118611  -32.284  -10.231  -18.936 0.1428571492
67193  -33.964  -8.985  -18.727 0.1428571492
64691  -31.958  -12.100  -18.530 0.1428571492
65545  -32.314  -11.157  -18.631 0.1428571492
64690  -31.435  -11.579  -19.048 0.1428571492
65523  -32.978  -10.405  -18.518 0.1428571492
66382  -35.200  -9.880  -18.740 0.1428571492
66430  -36.259  -9.605  -21.067 0.1428571492
66404  -35.685  -9.600  -19.306 0.1428571492
67222  -36.141  -8.864  -20.687 0.1428571492
58703  -22.544  -18.697  -18.795 0.2857142985
62121  -31.643  -14.656  -17.691 0.1428571492
62977  -32.075  -13.362  -17.820 0.1428571492
63844  -31.493  -12.942  -18.390 0.1428571492
62129  -30.544  -14.289  -18.490 0.1428571492
63853  -31.274  -12.289  -18.845 0.1428571492
64655  -33.642  -11.872  -17.797 0.1428571492
63833  -33.188  -12.507  -17.687 0.1428571492
64656  -34.951  -11.507  -18.074 0.1428571492
64678  -32.791  -11.902  -18.117 0.1428571492
65527  -36.041  -11.227  -19.033 0.1428571492
65557  -36.357  -10.427  -20.569 0.1428571492
65564  -36.122  -10.311  -21.399 0.1428571492
66420  -36.241  -9.624  -20.382 0.1428571492
57780  -23.241  -19.220  -18.317 0.2857142985
57779  -22.186  -19.483  -18.413 0.2857142985
56784  -22.155  -20.327  -18.062 0.2857142985
114105  -30.762  -15.544  -17.883 0.1428571492
114069  -34.441  -11.979  -17.745 0.1428571492
63845  -32.390  -12.658  -17.982 0.1428571492
64657  -35.547  -11.946  -18.232 0.1428571492
65547  -36.330  -10.982  -19.680 0.1428571492
64680  -35.972  -11.808  -18.801 0.1428571492
65573  -35.509  -10.181  -22.791 0.1428571492
66441  -35.883  -9.683  -21.977 0.1428571492
60418  -30.259  -16.467  -17.625 0.1428571492
129662  -31.443  -15.294  -17.611 0.1428571492
60419  -31.205  -15.943  -17.408 0.1428571492
62106  -33.013  -14.825  -17.112 0.1428571492
128506  -32.766  -15.518  -16.965 0.1428571492
62973  -35.298  -13.275  -17.648 0.1428571492
62969  -32.360  -14.126  -17.452 0.1428571492
63836  -35.480  -12.606  -17.943 0.1428571492
62971  -33.668  -13.203  -17.368 0.1428571492
64705  -36.161  -11.217  -21.307 0.1428571492
127085  -36.188  -11.631  -19.330 0.1428571492
65574  -35.724  -10.663  -22.074 0.1428571492
60401  -31.689  -16.412  -16.938 0.1428571492
61256  -34.399  -15.728  -16.770 0.1428571492
61255  -33.546  -15.869  -16.681 0.1428571492
61253  -31.970  -15.747  -17.186 0.1428571492
62107  -33.918  -14.955  -16.846 0.1428571492
131612  -33.317  -15.304  -16.875 0.1428571492
62131  -35.987  -14.026  -18.494 0.1428571492
111254  -35.804  -14.669  -18.011 0.1428571492
62979  -36.146  -13.246  -19.064 0.1428571492
62992  -36.132  -12.765  -20.046 0.1428571492
62978  -35.846  -13.270  -18.233 0.1428571492
64698  -36.385  -11.314  -20.458 0.1428571492
63846  -35.943  -12.533  -18.575 0.1428571492
131994  -34.733  -17.059  -16.476 0.1428571492
60403  -33.409  -16.737  -16.355 0.1428571492
60402  -32.605  -16.293  -16.721 0.1428571492
112091  -35.493  -16.005  -17.926 0.1428571492
116092  -35.211  -16.002  -17.415 0.1428571492
111267  -35.949  -14.788  -18.707 0.1428571492
61275  -35.748  -15.384  -18.265 0.1428571492
62148  -35.751  -14.275  -20.078 0.1428571492
61257  -34.970  -15.696  -17.114 0.1428571492
62122  -34.534  -14.283  -17.171 0.1428571492
63834  -33.945  -12.606  -17.476 0.1428571492
115500  -30.743  -13.502  -18.625 0.1428571492
66440  -35.716  -9.332  -22.811 0.1428571492
65525  -34.871  -10.629  -18.375 0.1428571492
65546  -36.227  -10.020  -19.745 0.1428571492
57771  -23.016  -20.016  -18.041 0.2857142985
63867  -36.222  -12.027  -20.749 0.1428571492
126993  -35.879  -12.120  -21.584 0.1428571492
126736  -35.745  -8.960  -23.431 0.1428571492
73994  -22.574  -0.709  -26.130 0.4285714328
67236  -36.005  -8.892  -22.239 0.1428571492
67230  -36.169  -8.867  -21.520 0.1428571492
116998  -35.531  -8.978  -19.580 0.1428571492
129141  -36.111  -8.242  -21.258 0.1428571492
67205  -31.712  -8.729  -19.869 0.1428571492
78811  -23.485  5.855  -23.870 0.4285714328
81988  -25.922  9.147  -28.103 0.1428571492
82656  -26.355  10.352  -27.581 0.1428571492
66401  -31.599  -9.529  -19.766 0.1428571492
132646  -30.629  -16.098  -17.623 0.1428571492
62120  -31.001  -14.849  -18.088 0.1428571492
68057  -30.429  -7.771  -21.671 0.1428571492
133561  -30.453  -7.016  -21.871 0.1428571492
65544  -31.628  -10.727  -19.299 0.1428571492
116452  -31.788  -10.017  -19.448 0.1428571492
66379  -32.790  -9.737  -18.749 0.1428571492
67192  -33.069  -9.056  -18.865 0.1428571492
66381  -34.391  -9.781  -18.551 0.1428571492
65524  -33.866  -10.472  -18.308 0.1428571492
66403  -34.914  -9.126  -19.060 0.1428571492
67206  -32.577  -8.470  -19.359 0.1428571492
67207  -33.531  -8.264  -19.128 0.1428571492
116858  -33.297  -11.175  -18.227 0.1428571492
65526  -35.821  -10.475  -18.961 0.1428571492
65500  -34.188  -11.243  -18.014 0.1428571492
66419  -36.011  -9.254  -19.935 0.1428571492
62130  -31.361  -13.948  -18.024 0.1428571492
132811  -33.440  -12.880  -17.502 0.1428571492
64679  -35.564  -11.250  -18.539 0.1428571492
62970  -32.936  -13.227  -17.518 0.1428571492
111145  -33.551  -13.978  -17.180 0.1428571492
133941  -35.072  -12.114  -17.854 0.1428571492
63835  -34.806  -12.639  -17.591 0.1428571492
63854  -36.181  -12.304  -19.269 0.1428571492
64692  -36.323  -11.847  -19.919 0.1428571492
60400  -30.855  -16.650  -17.186 0.1428571492
62972  -34.432  -13.388  -17.338 0.1428571492
120059  -35.094  -13.876  -17.434 0.1428571492
60405  -34.915  -16.383  -16.872 0.1428571492
62108  -34.789  -15.073  -17.096 0.1428571492
62139  -36.093  -14.165  -19.243 0.1428571492
62986  -36.039  -13.599  -19.787 0.1428571492
62991  -35.750  -13.560  -20.596 0.1428571492
62123  -35.287  -14.533  -17.479 0.1428571492
61267  -35.398  -15.339  -17.585 0.1428571492
52436  -21.516  -25.403  -15.031 0.1428571492
53233  -23.077  -24.687  -15.027 0.1428571492
53247  -21.504  -24.897  -15.487 0.1428571492
53248  -22.271  -24.457  -15.545 0.1428571492
111189  -22.990  -24.074  -15.535 0.1428571492
54949  -22.100  -22.731  -16.390 0.1428571492
55792  -22.735  -22.157  -16.715 0.1428571492
55791  -21.836  -22.120  -17.032 0.1428571492
55803  -21.534  -21.423  -17.522 0.1428571492
122069  -22.825  -20.752  -17.701 0.1428571492
55790  -20.904  -21.987  -17.150 0.1428571492
133305  -22.073  -20.940  -17.745 0.1428571492
57770  -20.834  -20.044  -18.393 0.1428571492
57777  -20.500  -19.339  -18.468 0.1428571492
58702  -21.620  -18.695  -18.858 0.1428571492
57778  -21.232  -19.377  -18.574 0.1428571492
58712  -21.193  -18.003  -19.443 0.2857142985
58713  -21.933  -18.100  -19.440 0.1428571492
59632  -23.270  -17.474  -19.793 0.1428571492
60447  -23.217  -16.619  -20.967 0.2857142985
62162  -22.897  -14.155  -22.805 0.4285714328
63005  -24.035  -13.570  -22.979 0.4285714328
63016  -23.600  -13.196  -23.663 0.4285714328
73185  -22.155  -1.273  -26.697 0.2857142985
73168  -22.786  -1.608  -25.973 0.2857142985
77241  -20.715  3.391  -26.485 0.2857142985
77230  -21.268  3.861  -25.702 0.2857142985
78001  -22.084  4.095  -24.991 0.2857142985
78000  -21.547  4.730  -25.031 0.4285714328
59631  -21.394  -17.639  -20.243 0.2857142985
59641  -22.684  -17.130  -20.548 0.1428571492
54118  -21.402  -23.340  -16.206 0.1428571492
56782  -20.526  -20.525  -18.019 0.1428571492
120597  -20.906  -18.637  -18.838 0.1428571492
59639  -21.088  -17.634  -21.047 0.2857142985
59640  -21.638  -17.386  -20.979 0.2857142985
59647  -21.531  -17.156  -21.488 0.2857142985
60446  -22.199  -16.901  -21.234 0.2857142985
61296  -23.196  -15.339  -21.718 0.4285714328
61304  -22.560  -14.829  -22.410 0.4285714328
62169  -22.888  -13.783  -23.081 0.2857142985
133733  -22.601  -3.789  -26.360 0.2857142985
72316  -22.542  -2.443  -26.296 0.2857142985
73184  -21.444  -1.511  -27.394 0.2857142985
74010  -21.883  -0.634  -26.917 0.2857142985
75612  -21.182  1.559  -26.854 0.2857142985
75611  -20.492  1.851  -26.862 0.2857142985
76403  -21.516  2.945  -26.154 0.2857142985
131473  -22.148  -1.849  -26.690 0.2857142985
126506  -22.180  -3.168  -26.514 0.2857142985
127840  -21.269  0.787  -27.041 0.2857142985
74797  -21.573  0.154  -27.008 0.2857142985
75625  -20.814  0.970  -27.148 0.2857142985
130558  -20.995  -1.113  -27.695 0.2857142985
128978  -23.208  -14.625  -22.301 0.4285714328
55804  -22.540  -21.486  -17.314 0.1428571492
60458  -23.570  -16.089  -21.293 0.4285714328
54107  -22.388  -23.564  -15.905 0.1428571492
76404  -22.091  2.472  -25.750 0.2857142985
117920  -22.232  -17.583  -20.043 0.1428571492
56791  -21.522  -20.011  -18.339 0.1428571492
52437  -22.205  -25.118  -15.105 0.1428571492
54948  -21.199  -22.607  -16.608 0.1428571492
56783  -21.300  -20.660  -18.011 0.1428571492
56781  -19.877  -20.590  -17.662 0.1428571492
59630  -20.893  -17.663  -20.180 0.2857142985
76415  -20.990  2.501  -26.696 0.2857142985
61295  -22.229  -15.614  -21.876 0.4285714328
74020  -20.674  -0.373  -27.464 0.2857142985
63881  -22.884  -12.992  -23.974 0.2857142985
63015  -23.119  -13.383  -23.661 0.2857142985
63895  -23.793  -12.080  -24.369 0.2857142985
84033  -23.316  12.589  -28.796 0.1428571492
83338  -23.566  11.780  -29.058 0.1428571492
84023  -24.652  12.628  -27.852 0.1428571492
83329  -26.119  11.284  -27.362 0.1428571492
84702  -22.480  13.024  -29.244 0.1428571492
84024  -25.477  12.139  -27.482 0.1428571492
84676  -25.352  13.363  -26.338 0.1428571492
85302  -23.637  14.887  -26.830 0.1428571492
63894  -23.028  -12.170  -24.435 0.2857142985
82655  -25.656  10.678  -28.039 0.1428571492
82652  -26.834  10.733  -26.903 0.1428571492
84034  -24.897  11.840  -28.258 0.1428571492
83340  -24.975  10.997  -28.418 0.1428571492
83326  -27.155  10.963  -26.079 0.1428571492
84017  -25.670  12.584  -26.571 0.1428571492
83325  -26.595  11.503  -26.450 0.1428571492
84688  -24.376  13.434  -27.535 0.1428571492
126706  -23.309  14.606  -27.642 0.1428571492
84675  -24.796  13.825  -26.837 0.1428571492
85303  -24.363  14.499  -26.443 0.1428571492
85304  -25.055  14.133  -26.049 0.1428571492
84025  -26.003  11.928  -26.725 0.1428571492
63004  -23.234  -13.652  -23.227 0.2857142985
119596  -24.096  12.203  -28.452 0.1428571492
84703  -23.106  13.416  -28.551 0.1428571492
84689  -25.145  13.054  -27.169 0.1428571492
113365  -22.295  13.874  -29.052 0.1428571492
83339  -24.276  11.376  -28.722 0.1428571492
72331  -21.131  -2.387  -27.424 0.1428571492
72332  -21.770  -2.421  -26.901 0.1428571492
74812  -20.523  0.412  -27.317 0.1428571492
74794  -18.725  0.672  -26.086 0.1428571492
75609  -19.165  1.451  -26.407 0.1428571492
75624  -20.229  1.031  -27.098 0.1428571492
124642  -18.543  3.431  -26.057 0.1428571492
77239  -19.444  3.974  -26.482 0.1428571492
77238  -18.899  4.069  -26.234 0.2857142985
66470  -22.827  -9.293  -25.638 0.1428571492
68953  -22.174  -6.091  -26.604 0.1428571492
69771  -22.433  -5.329  -26.692 0.1428571492
71487  -21.921  -3.933  -26.670 0.1428571492
72319  -28.673  -3.316  -27.173 0.1428571492
73197  -20.918  -1.749  -27.625 0.1428571492
76414  -20.286  2.944  -26.783 0.1428571492
77229  -20.437  4.091  -26.273 0.1428571492
78023  -19.581  4.496  -26.262 0.1428571492
78854  -19.587  4.991  -25.922 0.2857142985
78829  -21.322  5.469  -24.799 0.2857142985
81241  -20.241  8.609  -23.277 0.2857142985
81240  -19.350  8.583  -23.461 0.2857142985
81933  -20.615  9.435  -22.883 0.2857142985
133055  -23.160  12.666  -22.144 0.1428571492
83276  -21.179  11.903  -20.994 0.1428571492
78846  -19.927  5.335  -25.731 0.2857142985
79640  -21.962  5.669  -24.369 0.2857142985
79621  -22.905  6.354  -23.879 0.2857142985
79619  -20.687  6.914  -23.958 0.2857142985
79618  -19.439  7.317  -24.299 0.2857142985
80411  -22.989  7.887  -23.155 0.2857142985
80426  -20.978  7.801  -23.500 0.2857142985
80425  -19.808  7.995  -23.818 0.2857142985
81223  -22.258  8.507  -22.893 0.2857142985
129593  -21.664  10.609  -22.105 0.1428571492
81221  -19.227  8.873  -22.848 0.2857142985
83981  -22.581  13.233  -21.797 0.1428571492
84636  -21.829  13.996  -21.509 0.1428571492
80424  -18.812  8.245  -24.109 0.1428571492
80423  -18.283  7.949  -24.163 0.1428571492
78021  -18.766  4.775  -25.841 0.2857142985
81222  -19.792  8.960  -22.868 0.2857142985
122230  -20.414  10.492  -22.335 0.1428571492
81932  -19.574  9.726  -22.549 0.2857142985
82614  -20.930  11.256  -21.622 0.1428571492
81918  -19.298  10.570  -22.071 0.1428571492
77214  -17.231  3.716  -24.310 0.2857142985
81931  -18.962  9.391  -22.405 0.1428571492
82604  -19.954  11.188  -19.951 0.1428571492
82613  -18.633  10.749  -21.404 0.1428571492
129548  -16.334  2.643  -22.543 0.1428571492
70558  -29.668  -4.563  -25.763 0.1428571492
70584  -21.147  -4.686  -26.726 0.1428571492
71488  -29.018  -3.576  -27.451 0.1428571492
112910  -21.275  -3.957  -26.892 0.1428571492
72330  -20.405  -1.852  -27.122 0.1428571492
73183  -19.887  -1.236  -26.782 0.1428571492
74019  -20.052  -0.594  -27.186 0.1428571492
133226  -20.043  1.583  -26.860 0.1428571492
76388  -17.624  2.675  -24.543 0.1428571492
77228  -18.257  4.272  -25.734 0.2857142985
79656  -19.465  5.938  -25.380 0.1428571492
120682  -20.057  6.561  -24.575 0.2857142985
81917  -18.726  10.094  -21.935 0.1428571492
119653  -19.540  11.079  -21.557 0.1428571492
82605  -20.176  11.318  -20.833 0.1428571492
71471  -28.842  -4.070  -26.693 0.1428571492
71472  -29.050  -4.044  -27.087 0.1428571492
80428  -22.931  7.169  -23.566 0.2857142985
81242  -21.279  8.616  -23.182 0.2857142985
120333  -22.086  13.160  -21.193 0.1428571492
78830  -22.340  5.235  -24.459 0.2857142985
68941  -22.764  -6.821  -26.266 0.1428571492
68096  -22.092  -7.537  -25.852 0.1428571492
70586  -22.584  -4.517  -26.535 0.1428571492
130339  -30.213  -4.737  -24.950 0.1428571492
78810  -22.795  5.707  -24.156 0.2857142985
78012  -20.580  4.644  -25.746 0.1428571492
113674  -21.410  -3.174  -26.933 0.1428571492
73196  -20.533  -1.151  -27.405 0.1428571492
74811  -19.807  0.237  -27.163 0.1428571492
71485  -20.382  -2.590  -26.748 0.1428571492
71486  -20.895  -3.112  -27.116 0.1428571492
74795  -19.230  0.565  -26.651 0.1428571492
76413  -18.901  2.472  -26.263 0.1428571492
75610  -19.703  2.300  -26.675 0.1428571492
70585  -21.804  -4.682  -26.770 0.1428571492
117181  -17.877  3.572  -25.267 0.1428571492
124940  -19.197  3.323  -26.492 0.1428571492
77240  -20.006  3.894  -26.602 0.1428571492
69770  -21.615  -5.396  -26.685 0.1428571492
78011  -19.986  4.626  -26.252 0.2857142985
78845  -19.293  5.565  -25.649 0.2857142985
78828  -20.216  5.950  -25.143 0.2857142985
78847  -20.696  5.242  -25.321 0.2857142985
81239  -18.965  8.585  -23.654 0.1428571492
83267  -20.869  11.840  -20.155 0.1428571492
79639  -21.048  6.132  -24.534 0.2857142985
79620  -21.933  6.207  -24.066 0.2857142985
117353  -21.957  7.001  -23.731 0.2857142985
80427  -22.064  7.775  -23.258 0.2857142985
79638  -19.302  6.582  -24.843 0.2857142985
59637  -20.121  -17.234  -20.431 0.1428571492
59646  -21.220  -17.393  -21.429 0.1428571492
60455  -21.269  -16.968  -21.792 0.1428571492
111238  -19.653  -16.596  -20.287 0.1428571492
62151  -19.766  -15.218  -21.277 0.1428571492
62152  -20.328  -15.260  -21.985 0.1428571492
60454  -20.807  -16.784  -21.908 0.1428571492
62160  -20.528  -14.522  -22.226 0.1428571492
61293  -20.848  -15.924  -22.164 0.1428571492
60456  -21.855  -16.520  -21.627 0.1428571492
112969  -21.509  -14.565  -22.606 0.1428571492
127720  -22.081  -14.735  -22.625 0.1428571492
63003  -22.484  -14.028  -22.864 0.1428571492
62161  -22.492  -14.353  -22.690 0.1428571492
63000  -19.916  -13.731  -21.962 0.1428571492
63002  -21.812  -13.702  -22.884 0.1428571492
63014  -22.922  -13.557  -23.395 0.1428571492
132817  -23.017  -11.621  -24.708 0.1428571492
117814  -23.057  -11.109  -24.983 0.1428571492
118524  -17.553  4.459  -25.027 0.1428571492
60457  -22.709  -16.209  -21.480 0.1428571492
58710  -20.275  -17.620  -19.831 0.1428571492
61292  -20.267  -16.062  -21.636 0.1428571492
66457  -23.160  -10.243  -25.428 0.1428571492
60445  -20.930  -17.408  -21.508 0.1428571492
59638  -20.673  -17.515  -20.822 0.1428571492
60444  -20.282  -16.957  -21.185 0.1428571492
119959  -19.240  -14.995  -20.301 0.1428571492
61301  -20.914  -15.189  -22.352 0.1428571492
61302  -21.476  -15.423  -22.318 0.1428571492
60462  -21.599  -15.973  -21.931 0.1428571492
63001  -20.825  -13.735  -22.458 0.1428571492
61303  -22.032  -15.145  -22.432 0.1428571492
60436  -19.570  -17.081  -19.648 0.1428571492
55793  -23.978  -21.607  -16.937 0.2857142985
60420  -35.360  -16.587  -17.498 0.1428571492
61254  -32.183  -15.036  -17.345 0.1428571492
61294  -21.153  -16.326  -22.075 0.1428571492
64724  -22.541  -11.412  -24.614 0.1428571492
66450  -35.575  -9.760  -23.678 0.1428571492
67209  -35.091  -8.423  -19.564 0.1428571492
71502  -20.833  -2.334  -27.379 0.1428571492
74009  -21.244  -0.564  -27.504 0.2857142985
74796  -21.042  0.232  -27.407 0.2857142985
76344  -15.986  3.151  -20.061 0.1428571492
76416  -21.654  2.054  -26.331 0.2857142985
78022  -19.214  4.469  -26.179 0.2857142985
78853  -19.225  4.995  -25.869 0.2857142985
80447  -27.935  7.156  -25.715 0.1428571492
81937  -25.191  9.613  -22.930 0.2857142985
81946  -21.631  9.162  -22.840 0.4285714328
82653  -27.311  10.165  -26.521 0.2857142985
83328  -25.459  11.409  -27.965 0.1428571492
83991  -25.378  12.344  -23.968 0.2857142985
111443  -35.668  -13.954  -17.863 0.1428571492
112530  -32.148  -16.839  -16.606 0.1428571492
123405  -19.709  1.180  -26.834 0.1428571492
124312  -19.734  3.354  -26.693 0.1428571492
131548  -23.428  -6.491  -26.217 0.5714285970
131788  -23.349  -12.199  -24.397 0.2857142985
131817  -26.706  10.327  -24.097 0.2857142985
