#!ascii label  , from subject bert vox2ras=TkReg
1063
132354  5.956  -28.338  66.370 0.0000000000
111919  4.511  -41.227  45.375 0.0000000000
42916  0.076  -35.928  59.673 0.0000000000
47461  4.746  -31.698  55.488 0.0000000000
51100  3.699  -27.475  49.067 0.0000000000
127627  3.160  -33.217  64.208 0.0000000000
47360  3.492  -31.262  62.637 0.0000000000
114854  9.126  -30.118  64.740 0.0000000000
43642  6.171  -35.223  64.403 0.0000000000
41160  2.436  -38.464  61.447 0.0000000000
124218  1.082  -28.706  55.353 0.0000000000
47530  3.506  -29.738  52.214 0.0000000000
52676  0.101  -25.284  52.762 0.0000000000
41231  -0.406  -38.256  55.537 0.0000000000
43760  1.778  -36.780  53.257 0.0000000000
45420  2.047  -33.772  57.797 0.0000000000
111939  -0.068  -30.135  59.459 0.0000000000
44661  4.095  -35.573  50.295 0.0000000000
45605  6.883  -33.217  46.669 0.0000000000
48564  2.827  -30.579  44.480 0.0000000000
53513  2.641  -24.357  46.405 0.0000000000
47307  4.312  -30.653  66.030 0.0000000000
132568  4.237  -28.796  64.844 0.0000000000
48288  7.401  -29.448  65.891 0.0000000000
130471  7.580  -32.955  64.537 0.0000000000
45344  5.768  -32.197  65.823 0.0000000000
43638  4.177  -34.719  64.880 0.0000000000
51050  0.343  -27.263  54.179 0.0000000000
132630  -1.130  -37.026  57.556 0.0000000000
114722  -0.630  -35.487  56.017 0.0000000000
45389  0.520  -34.277  59.389 0.0000000000
111475  2.419  -28.328  61.215 0.0000000000
48339  2.208  -29.434  61.177 0.0000000000
42054  0.969  -37.218  61.186 0.0000000000
129320  1.446  -39.165  59.407 0.0000000000
41199  -0.241  -38.540  58.647 0.0000000000
40317  -0.137  -39.080  56.896 0.0000000000
44570  3.217  -34.259  54.475 0.0000000000
44643  3.053  -36.238  51.449 0.0000000000
45483  5.120  -33.444  53.322 0.0000000000
48498  3.321  -29.601  50.503 0.0000000000
46477  7.285  -31.387  50.027 0.0000000000
49425  6.222  -29.616  47.852 0.0000000000
47595  5.299  -31.848  45.235 0.0000000000
50312  4.707  -28.210  46.081 0.0000000000
123506  1.087  -35.168  62.131 0.0000000000
45371  1.339  -33.519  61.373 0.0000000000
47346  2.779  -32.119  63.725 0.0000000000
50180  3.771  -28.148  62.967 0.0000000000
47326  11.133  -29.973  63.971 0.0000000000
46348  9.597  -31.721  61.087 0.0000000000
45362  8.689  -32.661  62.816 0.0000000000
43655  7.826  -34.740  62.056 0.0000000000
42022  4.720  -36.897  62.859 0.0000000000
125718  2.373  -35.913  63.254 0.0000000000
129327  1.726  -30.679  55.546 0.0000000000
113713  4.384  -31.181  53.808 0.0000000000
48432  1.863  -29.340  53.900 0.0000000000
50247  2.078  -28.521  52.202 0.0000000000
115633  1.702  -26.440  51.056 0.0000000000
52550  8.576  -26.570  65.596 0.0000000000
47340  13.901  -28.717  61.763 0.0000000000
50171  14.713  -27.291  63.980 0.0000000000
49251  12.240  -28.245  65.567 0.0000000000
50974  9.905  -27.103  66.257 0.0000000000
39416  -0.627  -40.334  53.248 0.0000000000
117315  0.367  -39.363  51.274 0.0000000000
42955  0.260  -37.365  54.276 0.0000000000
44553  0.952  -34.831  55.533 0.0000000000
45417  4.815  -32.831  57.297 0.0000000000
46363  2.929  -32.554  60.836 0.0000000000
47404  4.445  -31.523  59.381 0.0000000000
48380  3.195  -30.923  57.369 0.0000000000
49321  0.242  -29.488  57.646 0.0000000000
42199  1.884  -38.460  50.214 0.0000000000
41315  2.846  -38.303  48.775 0.0000000000
42219  5.370  -38.354  47.506 0.0000000000
46452  6.159  -32.211  51.943 0.0000000000
44680  5.976  -34.558  48.681 0.0000000000
42226  6.145  -37.172  45.757 0.0000000000
43034  4.394  -35.544  44.666 0.0000000000
44711  1.789  -34.426  44.186 0.0000000000
54248  0.769  -23.550  52.211 0.0000000000
52701  2.191  -25.172  50.111 0.0000000000
54272  2.131  -22.671  49.058 0.0000000000
52708  3.385  -25.690  47.744 0.0000000000
50326  2.431  -28.425  44.889 0.0000000000
50145  4.732  -29.009  67.433 0.0000000000
50986  4.664  -28.750  65.920 0.0000000000
51800  5.502  -27.276  65.130 0.0000000000
120990  6.752  -28.927  66.786 0.0000000000
116497  6.298  -30.415  65.843 0.0000000000
116733  5.360  -29.987  67.385 0.0000000000
47305  5.031  -30.787  66.160 0.0000000000
37694  2.967  -41.702  44.583 0.0000000000
39494  3.877  -40.539  44.814 0.0000000000
124479  -0.696  -36.629  58.663 0.0000000000
43696  -0.807  -35.959  58.264 0.0000000000
44487  -0.141  -35.238  59.506 0.0000000000
47388  12.123  -30.297  60.416 0.0000000000
42070  0.528  -36.838  60.071 0.0000000000
41179  0.326  -37.960  59.868 0.0000000000
42071  0.038  -36.990  59.694 0.0000000000
41200  -0.819  -38.004  58.255 0.0000000000
45445  4.557  -33.264  55.229 0.0000000000
45464  4.216  -33.695  54.374 0.0000000000
45463  5.067  -32.861  54.615 0.0000000000
50279  3.852  -28.400  49.840 0.0000000000
49413  4.388  -29.998  48.924 0.0000000000
50290  4.821  -28.356  48.639 0.0000000000
49450  5.880  -29.458  46.730 0.0000000000
50289  5.057  -27.889  47.984 0.0000000000
45364  2.374  -34.171  62.624 0.0000000000
45368  1.937  -33.924  62.271 0.0000000000
46318  2.913  -32.810  64.011 0.0000000000
111840  4.078  -28.527  63.910 0.0000000000
51822  3.631  -27.578  62.133 0.0000000000
47314  9.855  -30.070  64.337 0.0000000000
46315  9.600  -30.816  63.561 0.0000000000
46309  9.338  -30.563  64.047 0.0000000000
128548  7.324  -34.265  64.389 0.0000000000
44450  7.767  -34.154  63.955 0.0000000000
43650  7.396  -35.385  63.334 0.0000000000
42864  5.238  -36.349  63.264 0.0000000000
44447  3.697  -33.810  64.555 0.0000000000
43646  3.505  -34.871  63.901 0.0000000000
43647  3.056  -34.789  63.414 0.0000000000
42868  0.892  -36.053  62.792 0.0000000000
48411  1.587  -29.357  55.136 0.0000000000
47485  1.886  -29.893  54.386 0.0000000000
49357  1.412  -28.922  54.842 0.0000000000
51869  0.199  -26.166  52.993 0.0000000000
51061  0.886  -28.048  52.937 0.0000000000
51060  1.076  -27.344  52.375 0.0000000000
50260  1.918  -27.915  51.661 0.0000000000
51875  1.106  -25.936  52.118 0.0000000000
49264  12.281  -28.315  65.328 0.0000000000
40367  -0.468  -39.586  53.510 0.0000000000
111530  -0.130  -39.092  52.957 0.0000000000
112631  -0.074  -38.135  54.160 0.0000000000
44520  0.328  -34.452  57.406 0.0000000000
44537  -0.032  -34.918  55.659 0.0000000000
44535  2.315  -33.861  56.935 0.0000000000
44551  2.594  -33.913  56.064 0.0000000000
45419  3.130  -33.667  57.648 0.0000000000
46337  2.722  -32.304  62.497 0.0000000000
46364  1.944  -32.895  61.086 0.0000000000
47375  3.333  -31.678  61.863 0.0000000000
48347  1.782  -29.951  60.600 0.0000000000
118137  3.676  -30.516  60.137 0.0000000000
114424  2.899  -30.627  59.116 0.0000000000
48366  3.847  -30.756  58.594 0.0000000000
48368  1.692  -30.849  58.556 0.0000000000
121537  0.444  -30.861  57.828 0.0000000000
48369  -0.296  -30.318  58.431 0.0000000000
45370  9.383  -32.865  60.812 0.0000000000
45385  9.964  -33.677  59.476 0.0000000000
40244  3.608  -38.869  60.607 0.0000000000
40277  4.169  -38.381  58.975 0.0000000000
118095  3.101  -39.037  60.143 0.0000000000
128087  1.148  -39.105  58.277 0.0000000000
39359  1.668  -39.695  57.846 0.0000000000
112054  -0.384  -38.698  56.229 0.0000000000
111647  -0.660  -40.154  54.933 0.0000000000
42178  0.698  -38.899  52.192 0.0000000000
41305  0.812  -39.018  50.961 0.0000000000
134062  1.629  -37.854  51.610 0.0000000000
44662  3.482  -36.028  50.584 0.0000000000
42991  2.669  -36.841  49.779 0.0000000000
132550  3.232  -36.330  49.723 0.0000000000
41314  3.889  -38.512  48.276 0.0000000000
43004  4.197  -36.434  48.615 0.0000000000
47515  3.843  -30.396  52.663 0.0000000000
47498  5.279  -31.487  52.948 0.0000000000
47513  5.710  -31.290  52.200 0.0000000000
47567  7.443  -31.853  48.607 0.0000000000
46491  6.913  -32.811  49.653 0.0000000000
45590  6.925  -33.877  47.405 0.0000000000
43024  6.350  -36.301  46.563 0.0000000000
43811  6.759  -34.970  45.895 0.0000000000
121093  5.556  -36.802  45.278 0.0000000000
43812  5.951  -34.814  45.142 0.0000000000
122547  3.476  -31.855  44.583 0.0000000000
45628  3.551  -33.525  44.639 0.0000000000
46551  2.706  -32.306  44.456 0.0000000000
55101  1.097  -22.900  51.734 0.0000000000
112565  1.341  -24.012  51.339 0.0000000000
118202  1.367  -22.963  50.871 0.0000000000
55130  2.432  -22.500  47.632 0.0000000000
53504  2.876  -24.232  47.556 0.0000000000
53498  2.874  -24.521  48.568 0.0000000000
52715  3.077  -25.073  46.924 0.0000000000
51926  3.340  -26.540  46.565 0.0000000000
51932  2.154  -26.549  45.276 0.0000000000
46313  3.674  -32.380  64.978 0.0000000000
47316  3.363  -31.212  65.180 0.0000000000
49257  4.165  -29.615  65.900 0.0000000000
47300  8.351  -30.117  65.197 0.0000000000
46303  8.278  -30.634  64.713 0.0000000000
47310  7.544  -30.515  65.198 0.0000000000
45348  6.701  -32.636  65.483 0.0000000000
44443  6.194  -34.409  65.249 0.0000000000
43636  5.483  -35.018  65.064 0.0000000000
45350  5.145  -33.018  65.904 0.0000000000
45352  4.180  -32.868  65.460 0.0000000000
51040  0.434  -27.453  56.210 0.0000000000
132023  0.795  -28.392  54.992 0.0000000000
52671  0.095  -26.150  55.081 0.0000000000
52670  -0.093  -25.482  54.363 0.0000000000
53469  -0.193  -24.844  53.525 0.0000000000
116317  -0.640  -37.826  56.375 0.0000000000
111313  -0.531  -36.429  55.616 0.0000000000
42931  -0.944  -35.630  56.895 0.0000000000
116605  -0.266  -34.814  57.797 0.0000000000
45403  0.982  -34.059  58.837 0.0000000000
49299  3.484  -29.021  62.390 0.0000000000
48338  3.146  -29.775  61.555 0.0000000000
49304  1.470  -28.948  61.328 0.0000000000
49305  0.666  -29.000  60.927 0.0000000000
49308  0.191  -29.397  60.131 0.0000000000
50198  -0.271  -29.152  59.236 0.0000000000
41161  1.623  -38.290  61.352 0.0000000000
40262  1.702  -39.048  60.063 0.0000000000
41178  0.815  -38.197  60.173 0.0000000000
40264  0.407  -38.648  59.564 0.0000000000
40288  0.353  -38.968  58.123 0.0000000000
39376  0.182  -40.402  56.716 0.0000000000
41207  -0.265  -38.604  57.738 0.0000000000
41220  -0.617  -38.257  57.018 0.0000000000
115369  2.020  -35.194  54.011 0.0000000000
43759  2.306  -36.471  52.726 0.0000000000
111732  2.710  -35.104  53.015 0.0000000000
44602  3.996  -34.654  52.545 0.0000000000
128172  4.575  -34.520  51.875 0.0000000000
48478  3.223  -30.036  50.599 0.0000000000
48460  4.940  -30.189  51.147 0.0000000000
48477  5.013  -30.164  50.365 0.0000000000
48493  7.058  -30.482  48.837 0.0000000000
47577  7.044  -30.925  47.149 0.0000000000
46535  6.409  -32.671  46.162 0.0000000000
48538  6.134  -30.351  46.535 0.0000000000
48539  5.156  -30.416  45.614 0.0000000000
49461  3.794  -29.288  44.951 0.0000000000
54289  2.506  -23.643  46.090 0.0000000000
52730  1.694  -25.908  44.875 0.0000000000
53536  1.513  -25.032  44.187 0.0000000000
43667  1.124  -35.885  60.716 0.0000000000
129398  0.749  -34.858  60.447 0.0000000000
44459  0.997  -34.381  62.025 0.0000000000
46338  2.094  -32.974  62.460 0.0000000000
113342  2.989  -31.789  63.369 0.0000000000
48320  3.532  -30.508  64.673 0.0000000000
48328  3.813  -30.147  63.905 0.0000000000
112162  3.891  -29.724  63.100 0.0000000000
50186  3.249  -28.123  61.869 0.0000000000
47342  11.858  -29.521  63.332 0.0000000000
46335  10.389  -30.689  61.414 0.0000000000
46324  10.656  -30.336  62.289 0.0000000000
45358  8.429  -32.125  63.462 0.0000000000
44453  8.493  -33.739  62.685 0.0000000000
114811  8.260  -34.355  61.463 0.0000000000
41138  4.953  -38.083  61.763 0.0000000000
41139  3.949  -38.046  62.081 0.0000000000
42851  4.141  -35.860  64.058 0.0000000000
42023  3.233  -37.070  63.146 0.0000000000
42037  2.617  -37.453  62.567 0.0000000000
42039  1.075  -36.986  62.019 0.0000000000
42877  0.829  -36.228  61.947 0.0000000000
47445  3.597  -31.051  56.061 0.0000000000
47481  4.750  -31.502  54.567 0.0000000000
47464  2.020  -30.768  54.937 0.0000000000
112063  2.076  -30.169  53.923 0.0000000000
48446  2.812  -29.507  52.771 0.0000000000
50236  1.080  -28.522  53.686 0.0000000000
118083  1.647  -28.786  52.960 0.0000000000
118763  2.853  -29.090  52.495 0.0000000000
49400  3.465  -28.693  51.513 0.0000000000
50281  3.147  -27.997  50.859 0.0000000000
51088  2.710  -27.325  50.475 0.0000000000
117251  7.245  -27.195  65.588 0.0000000000
111102  13.241  -29.200  61.910 0.0000000000
49276  17.344  -27.147  62.281 0.0000000000
50159  15.965  -26.598  63.414 0.0000000000
49277  16.017  -27.211  62.881 0.0000000000
48318  14.688  -28.140  62.723 0.0000000000
119099  13.733  -28.476  62.468 0.0000000000
47341  12.531  -29.284  62.577 0.0000000000
48306  11.253  -29.509  64.325 0.0000000000
133334  10.678  -28.874  64.956 0.0000000000
125002  11.428  -27.815  65.711 0.0000000000
49253  9.752  -28.611  65.350 0.0000000000
49243  8.455  -28.269  66.212 0.0000000000
50977  8.037  -27.726  66.348 0.0000000000
112013  0.252  -39.003  52.856 0.0000000000
42962  0.749  -37.929  53.832 0.0000000000
43722  -0.116  -35.796  55.179 0.0000000000
43734  0.486  -36.437  54.638 0.0000000000
43733  1.168  -36.151  54.401 0.0000000000
111216  2.341  -34.751  54.590 0.0000000000
45446  3.787  -33.553  55.860 0.0000000000
46398  5.096  -31.892  56.993 0.0000000000
45377  0.731  -34.010  60.059 0.0000000000
45388  1.415  -33.729  59.579 0.0000000000
45387  2.525  -33.355  59.389 0.0000000000
47374  3.738  -31.336  61.106 0.0000000000
47390  4.169  -31.422  60.253 0.0000000000
45386  3.611  -33.081  59.198 0.0000000000
47413  4.689  -31.489  58.462 0.0000000000
47425  4.798  -31.374  57.598 0.0000000000
48396  3.925  -30.924  56.948 0.0000000000
47446  1.650  -30.924  56.297 0.0000000000
48398  0.887  -30.392  56.721 0.0000000000
49331  0.902  -29.315  56.796 0.0000000000
122864  0.585  -29.193  57.994 0.0000000000
51038  0.937  -28.166  57.173 0.0000000000
124965  0.697  -27.959  56.582 0.0000000000
39357  4.040  -38.829  57.365 0.0000000000
39327  2.031  -39.397  59.336 0.0000000000
43776  2.401  -37.143  50.664 0.0000000000
41316  2.117  -38.690  49.243 0.0000000000
40428  5.368  -39.570  46.760 0.0000000000
46429  5.427  -32.127  53.464 0.0000000000
45501  5.456  -33.252  52.670 0.0000000000
45539  5.241  -34.078  50.491 0.0000000000
46464  6.688  -32.086  50.997 0.0000000000
45538  5.928  -33.447  50.574 0.0000000000
44681  4.994  -34.951  48.950 0.0000000000
43002  5.562  -35.936  47.826 0.0000000000
42218  5.803  -37.890  46.866 0.0000000000
117933  5.070  -39.169  45.590 0.0000000000
41349  3.996  -38.864  44.906 0.0000000000
44706  4.121  -34.040  44.768 0.0000000000
43817  2.904  -35.070  44.555 0.0000000000
54227  -0.363  -23.059  53.742 0.0000000000
55085  -0.151  -22.469  52.899 0.0000000000
53468  0.127  -24.330  52.582 0.0000000000
52688  1.296  -25.529  51.727 0.0000000000
51888  1.835  -25.865  50.744 0.0000000000
51898  2.481  -26.030  50.114 0.0000000000
53491  2.503  -24.404  49.380 0.0000000000
52700  2.861  -25.264  49.232 0.0000000000
51908  3.495  -26.422  48.562 0.0000000000
51111  4.013  -26.913  47.129 0.0000000000
50313  3.727  -27.917  45.779 0.0000000000
49462  2.905  -29.177  44.708 0.0000000000
50339  1.995  -28.735  44.516 0.0000000000
50144  4.975  -28.836  67.680 0.0000000000
50985  5.165  -28.454  66.010 0.0000000000
52544  6.004  -27.386  65.418 0.0000000000
119287  6.169  -28.551  66.674 0.0000000000
118917  5.840  -29.187  67.382 0.0000000000
50143  5.540  -28.901  67.384 0.0000000000
49247  4.925  -29.578  68.138 0.0000000000
38550  4.470  -41.902  45.517 0.0000000000
38551  3.727  -41.439  44.913 0.0000000000
42917  -0.185  -36.543  59.336 0.0000000000
43690  -0.309  -35.936  58.979 0.0000000000
47372  12.366  -29.990  61.145 0.0000000000
42905  0.321  -36.464  59.860 0.0000000000
42081  -0.464  -37.164  59.114 0.0000000000
46408  5.071  -32.090  56.006 0.0000000000
45444  5.019  -32.610  55.385 0.0000000000
46418  5.144  -32.054  55.066 0.0000000000
50278  4.278  -29.023  49.324 0.0000000000
50291  4.173  -28.174  49.046 0.0000000000
51099  4.458  -27.665  48.345 0.0000000000
45360  2.895  -33.666  63.444 0.0000000000
47309  9.657  -29.983  64.479 0.0000000000
47315  9.141  -30.351  64.449 0.0000000000
44451  6.908  -34.687  64.548 0.0000000000
43641  7.430  -34.786  63.982 0.0000000000
115072  6.953  -35.243  64.028 0.0000000000
42862  7.031  -36.112  62.780 0.0000000000
43651  6.596  -35.764  63.587 0.0000000000
42863  6.211  -36.504  63.033 0.0000000000
42849  5.740  -35.939  63.846 0.0000000000
45357  3.604  -33.124  64.681 0.0000000000
43640  3.525  -34.328  64.059 0.0000000000
44448  3.222  -33.763  63.880 0.0000000000
44452  2.717  -34.431  63.047 0.0000000000
49344  1.237  -29.061  55.822 0.0000000000
131112  0.363  -26.695  52.906 0.0000000000
51876  0.772  -26.517  52.493 0.0000000000
51883  1.246  -26.730  51.902 0.0000000000
52683  0.557  -25.755  52.504 0.0000000000
41243  -0.295  -38.617  54.664 0.0000000000
41256  -0.196  -38.916  53.814 0.0000000000
111749  -0.290  -37.758  54.891 0.0000000000
44519  1.302  -34.172  57.134 0.0000000000
47359  3.629  -30.952  61.910 0.0000000000
48348  0.683  -29.910  60.257 0.0000000000
48356  2.890  -30.329  60.000 0.0000000000
48357  1.365  -30.425  59.695 0.0000000000
127665  0.456  -30.654  58.914 0.0000000000
41159  3.335  -38.487  61.366 0.0000000000
40245  2.792  -38.929  60.832 0.0000000000
39360  0.911  -39.439  57.394 0.0000000000
40335  -0.408  -39.282  55.346 0.0000000000
40352  -0.488  -39.474  54.356 0.0000000000
128325  1.163  -38.073  53.246 0.0000000000
42970  1.298  -38.261  52.402 0.0000000000
43769  1.724  -37.390  52.729 0.0000000000
43784  3.611  -36.119  49.964 0.0000000000
43797  3.668  -36.176  49.248 0.0000000000
43783  4.304  -35.632  49.529 0.0000000000
47514  4.745  -30.773  52.441 0.0000000000
48445  4.113  -30.119  51.926 0.0000000000
45604  7.206  -32.923  47.367 0.0000000000
45574  7.130  -33.240  48.150 0.0000000000
122516  6.748  -34.799  46.803 0.0000000000
44701  6.878  -34.055  46.372 0.0000000000
44704  6.306  -34.035  45.531 0.0000000000
47597  3.672  -30.971  44.687 0.0000000000
47610  3.022  -31.432  44.484 0.0000000000
56030  0.842  -21.997  51.742 0.0000000000
128546  1.183  -22.290  51.266 0.0000000000
129811  2.656  -23.687  46.872 0.0000000000
54280  2.619  -23.335  47.598 0.0000000000
128330  2.782  -25.591  46.179 0.0000000000
52721  2.464  -25.099  45.886 0.0000000000
46308  3.790  -32.109  65.303 0.0000000000
47311  3.976  -31.189  65.609 0.0000000000
122466  4.193  -29.829  66.186 0.0000000000
112459  5.051  -27.382  65.056 0.0000000000
116398  8.257  -29.471  65.558 0.0000000000
47301  7.501  -29.941  65.547 0.0000000000
47303  5.821  -30.809  66.019 0.0000000000
46297  6.322  -31.163  65.617 0.0000000000
46306  6.225  -32.059  65.661 0.0000000000
45356  6.559  -33.509  65.587 0.0000000000
45349  6.131  -32.818  65.928 0.0000000000
44437  5.666  -33.575  65.973 0.0000000000
122967  5.586  -32.741  65.965 0.0000000000
47306  4.699  -30.809  66.116 0.0000000000
121902  4.451  -31.918  65.604 0.0000000000
46302  4.337  -31.324  65.701 0.0000000000
45353  3.959  -32.695  65.210 0.0000000000
51858  0.193  -26.827  55.708 0.0000000000
52662  -0.200  -25.469  55.358 0.0000000000
53458  -0.274  -24.648  54.586 0.0000000000
54228  -0.415  -23.740  54.742 0.0000000000
42114  -0.990  -37.440  57.177 0.0000000000
42937  -0.823  -36.944  56.415 0.0000000000
42932  -1.134  -36.529  57.136 0.0000000000
44505  -0.379  -35.161  58.600 0.0000000000
128606  -0.688  -35.376  57.670 0.0000000000
44504  0.245  -34.483  58.495 0.0000000000
49300  2.602  -28.581  61.523 0.0000000000
49303  2.799  -29.089  61.613 0.0000000000
50193  0.197  -28.933  60.222 0.0000000000
50197  0.784  -28.842  59.284 0.0000000000
41162  0.943  -37.952  61.021 0.0000000000
41189  -0.084  -38.354  59.334 0.0000000000
40279  0.193  -38.955  58.966 0.0000000000
42103  -1.072  -37.423  57.852 0.0000000000
41208  -0.916  -37.985  57.651 0.0000000000
44585  2.714  -34.840  53.763 0.0000000000
44586  2.286  -35.424  53.433 0.0000000000
45484  4.303  -34.042  53.414 0.0000000000
111177  3.319  -34.701  53.128 0.0000000000
44621  3.776  -35.034  51.760 0.0000000000
45502  4.872  -34.025  52.650 0.0000000000
130535  3.684  -30.240  50.469 0.0000000000
48497  3.235  -30.190  49.909 0.0000000000
49411  6.075  -29.783  48.431 0.0000000000
48494  6.244  -30.066  49.153 0.0000000000
48513  6.683  -29.991  48.270 0.0000000000
48512  7.206  -30.566  47.937 0.0000000000
48527  6.775  -30.025  47.451 0.0000000000
47588  6.552  -31.489  46.473 0.0000000000
50311  5.502  -28.791  46.431 0.0000000000
130951  5.422  -29.629  46.027 0.0000000000
133760  4.654  -29.776  45.406 0.0000000000
48548  4.176  -30.240  44.948 0.0000000000
49451  4.744  -29.015  45.608 0.0000000000
132698  2.637  -23.059  46.285 0.0000000000
54297  2.193  -23.831  45.296 0.0000000000
53525  1.828  -24.330  44.600 0.0000000000
43666  1.155  -35.244  61.269 0.0000000000
46327  2.771  -32.701  63.385 0.0000000000
45367  2.233  -33.236  62.643 0.0000000000
123719  2.582  -32.605  63.037 0.0000000000
48307  3.551  -30.663  65.295 0.0000000000
47328  3.078  -31.309  64.798 0.0000000000
49281  3.899  -29.916  65.087 0.0000000000
49290  4.031  -29.517  64.326 0.0000000000
49295  3.955  -28.955  63.311 0.0000000000
50185  3.502  -28.433  62.326 0.0000000000
47343  10.968  -30.076  63.147 0.0000000000
46326  9.025  -31.567  63.032 0.0000000000
45361  9.005  -31.941  62.407 0.0000000000
46311  7.786  -31.374  64.449 0.0000000000
46310  8.470  -31.083  64.040 0.0000000000
45354  7.834  -32.124  64.117 0.0000000000
43648  8.227  -34.537  62.838 0.0000000000
44454  8.215  -34.008  63.384 0.0000000000
43654  8.290  -34.259  62.225 0.0000000000
43665  7.825  -34.875  61.033 0.0000000000
42053  6.660  -36.211  60.387 0.0000000000
133246  5.120  -37.130  62.432 0.0000000000
42035  4.709  -37.443  62.295 0.0000000000
42036  3.970  -37.324  62.676 0.0000000000
43637  4.681  -35.052  65.039 0.0000000000
43644  4.568  -35.473  64.388 0.0000000000
42842  4.108  -35.170  64.377 0.0000000000
42853  2.985  -35.453  63.509 0.0000000000
42852  3.531  -35.524  63.928 0.0000000000
117988  2.915  -36.258  63.501 0.0000000000
42024  2.441  -36.914  63.130 0.0000000000
42038  1.747  -37.170  62.547 0.0000000000
42025  1.913  -36.443  63.070 0.0000000000
43653  1.238  -35.352  62.805 0.0000000000
43656  0.866  -35.714  62.454 0.0000000000
43657  1.032  -35.752  61.511 0.0000000000
116108  2.391  -30.984  55.732 0.0000000000
47463  3.050  -31.029  55.098 0.0000000000
48421  1.816  -29.472  54.258 0.0000000000
47484  1.919  -30.237  54.400 0.0000000000
47502  1.959  -29.799  54.001 0.0000000000
115205  2.317  -29.813  53.394 0.0000000000
48431  1.979  -29.422  53.545 0.0000000000
50224  0.630  -28.196  54.282 0.0000000000
50248  1.433  -28.141  52.435 0.0000000000
50249  1.290  -28.589  53.159 0.0000000000
49375  2.176  -28.957  52.739 0.0000000000
49387  2.872  -28.745  52.076 0.0000000000
129326  1.672  -27.080  51.252 0.0000000000
50268  2.434  -27.631  51.056 0.0000000000
51076  2.134  -26.839  50.629 0.0000000000
52542  7.958  -27.030  65.809 0.0000000000
52551  7.467  -26.926  65.315 0.0000000000
53354  8.028  -26.649  65.098 0.0000000000
123984  14.929  -28.708  61.423 0.0000000000
47370  14.170  -29.169  60.939 0.0000000000
47357  14.234  -28.877  61.266 0.0000000000
50160  15.118  -26.840  64.084 0.0000000000
50995  15.527  -26.344  64.007 0.0000000000
50170  15.562  -27.005  63.461 0.0000000000
120619  15.163  -27.383  63.449 0.0000000000
49289  15.295  -27.707  62.990 0.0000000000
133838  14.449  -27.890  63.178 0.0000000000
48319  12.719  -28.671  63.107 0.0000000000
48327  12.919  -28.935  62.387 0.0000000000
47324  12.175  -29.225  63.232 0.0000000000
49265  12.049  -28.340  65.495 0.0000000000
48293  11.650  -28.881  64.601 0.0000000000
48285  10.936  -29.220  64.593 0.0000000000
49266  11.459  -28.591  65.101 0.0000000000
119161  10.928  -27.274  66.089 0.0000000000
50138  10.205  -27.617  65.879 0.0000000000
49241  10.589  -28.110  65.519 0.0000000000
49242  9.440  -28.152  65.841 0.0000000000
49254  8.737  -28.761  65.710 0.0000000000
50139  9.209  -27.646  66.277 0.0000000000
52541  8.818  -26.550  66.063 0.0000000000
51781  8.605  -27.084  66.342 0.0000000000
51782  8.025  -27.133  65.961 0.0000000000
113644  7.526  -27.652  66.268 0.0000000000
39424  -0.350  -40.485  52.311 0.0000000000
40379  -0.276  -39.673  52.610 0.0000000000
42151  0.115  -37.975  54.079 0.0000000000
112038  0.057  -38.704  53.482 0.0000000000
42163  0.293  -38.399  53.744 0.0000000000
43721  0.677  -35.613  54.996 0.0000000000
44571  1.448  -35.220  54.614 0.0000000000
44552  1.938  -34.545  55.384 0.0000000000
114366  3.411  -33.649  56.793 0.0000000000
45432  4.416  -33.275  56.684 0.0000000000
45431  4.961  -32.632  56.603 0.0000000000
45378  0.899  -34.182  60.681 0.0000000000
46375  2.181  -33.099  60.252 0.0000000000
46374  3.280  -32.796  60.062 0.0000000000
48337  3.535  -30.559  61.423 0.0000000000
48346  3.100  -30.175  60.833 0.0000000000
48344  4.114  -30.890  59.818 0.0000000000
46373  4.120  -32.288  59.795 0.0000000000
46385  4.440  -32.498  58.768 0.0000000000
48365  4.252  -30.955  58.957 0.0000000000
48367  2.990  -30.877  58.138 0.0000000000
48378  4.405  -30.976  58.081 0.0000000000
48379  3.956  -30.829  57.736 0.0000000000
48395  4.507  -31.054  57.325 0.0000000000
48397  2.788  -30.968  56.625 0.0000000000
47426  1.838  -31.029  57.348 0.0000000000
48381  0.148  -30.625  57.524 0.0000000000
47427  0.706  -30.715  56.846 0.0000000000
48382  0.507  -30.340  57.224 0.0000000000
48399  1.202  -29.735  56.217 0.0000000000
50203  0.726  -29.043  58.563 0.0000000000
46347  10.374  -31.187  60.611 0.0000000000
39341  3.259  -38.758  58.655 0.0000000000
39340  4.046  -38.497  58.150 0.0000000000
38472  -0.655  -41.262  52.917 0.0000000000
42200  1.327  -38.704  50.730 0.0000000000
40400  1.057  -39.690  50.761 0.0000000000
40399  1.489  -39.609  50.326 0.0000000000
122985  1.752  -39.217  49.788 0.0000000000
44623  2.922  -36.177  52.195 0.0000000000
42980  2.088  -37.304  51.324 0.0000000000
43775  2.664  -36.710  50.981 0.0000000000
119518  2.641  -37.078  49.275 0.0000000000
43006  2.489  -37.404  49.599 0.0000000000
42212  2.371  -37.862  49.256 0.0000000000
113124  3.338  -39.134  48.556 0.0000000000
42209  4.726  -37.995  48.101 0.0000000000
41313  4.791  -38.821  47.959 0.0000000000
40429  5.107  -40.041  47.481 0.0000000000
41328  5.259  -39.193  47.460 0.0000000000
47482  3.625  -31.065  54.261 0.0000000000
47480  5.010  -31.557  53.717 0.0000000000
46439  5.763  -32.278  52.696 0.0000000000
116701  5.851  -32.955  52.149 0.0000000000
110991  5.372  -33.753  51.868 0.0000000000
45521  5.984  -33.076  51.411 0.0000000000
47545  5.914  -30.519  51.017 0.0000000000
47544  6.733  -31.111  50.672 0.0000000000
45575  6.780  -33.364  48.968 0.0000000000
45554  6.334  -33.428  49.786 0.0000000000
45576  6.163  -33.956  49.189 0.0000000000
45555  5.660  -33.942  49.897 0.0000000000
43795  5.741  -35.271  48.228 0.0000000000
42222  6.393  -36.861  46.064 0.0000000000
43025  6.166  -37.176  46.694 0.0000000000
42223  6.075  -37.776  46.111 0.0000000000
40435  5.456  -39.182  46.150 0.0000000000
41347  5.616  -38.577  45.891 0.0000000000
41348  5.065  -38.530  45.435 0.0000000000
112361  5.598  -37.790  45.544 0.0000000000
43031  4.614  -36.391  44.829 0.0000000000
43035  3.410  -35.933  44.638 0.0000000000
46536  5.769  -32.575  45.584 0.0000000000
45614  5.531  -33.240  45.216 0.0000000000
46537  4.939  -32.558  44.810 0.0000000000
45629  2.703  -33.713  44.561 0.0000000000
44709  3.316  -34.299  44.649 0.0000000000
44710  2.479  -34.397  44.474 0.0000000000
43818  2.113  -35.158  44.303 0.0000000000
55995  -0.183  -21.645  53.138 0.0000000000
54240  -0.038  -23.342  52.723 0.0000000000
52682  0.750  -25.097  52.251 0.0000000000
53475  0.992  -24.275  52.103 0.0000000000
53485  1.535  -24.552  50.990 0.0000000000
52693  1.508  -25.292  51.244 0.0000000000
132016  1.735  -25.062  50.718 0.0000000000
54271  2.396  -22.957  48.408 0.0000000000
115919  1.979  -22.004  49.278 0.0000000000
55114  1.714  -22.858  49.813 0.0000000000
54264  2.146  -23.528  49.417 0.0000000000
112152  3.159  -25.045  48.110 0.0000000000
112953  3.197  -25.709  48.605 0.0000000000
51918  3.656  -26.315  47.474 0.0000000000
51907  4.099  -26.923  48.018 0.0000000000
51122  2.745  -26.977  45.766 0.0000000000
51121  3.487  -27.242  46.238 0.0000000000
51132  2.841  -27.757  45.507 0.0000000000
50325  3.151  -28.491  45.155 0.0000000000
51933  1.551  -26.721  44.547 0.0000000000
125166  4.597  -30.121  66.588 0.0000000000
49256  4.404  -29.572  66.519 0.0000000000
50981  4.897  -28.864  66.475 0.0000000000
50996  4.929  -27.933  65.401 0.0000000000
52553  5.287  -27.007  64.796 0.0000000000
49244  6.933  -29.069  66.582 0.0000000000
48289  6.735  -29.782  65.958 0.0000000000
48282  6.460  -29.498  66.588 0.0000000000
48290  6.071  -30.008  66.314 0.0000000000
47297  5.495  -30.171  66.622 0.0000000000
47304  5.227  -30.761  66.162 0.0000000000
47298  5.086  -30.066  66.954 0.0000000000
47299  4.950  -30.086  66.873 0.0000000000
39503  2.889  -40.883  44.494 0.0000000000
40449  2.782  -39.966  44.363 0.0000000000
42924  -1.081  -36.702  57.934 0.0000000000
43702  -1.085  -36.008  57.578 0.0000000000
44486  -0.047  -34.709  59.257 0.0000000000
42055  0.835  -36.914  60.629 0.0000000000
41163  0.761  -37.553  60.438 0.0000000000
117285  0.447  -37.305  59.993 0.0000000000
41180  -0.089  -37.611  59.530 0.0000000000
41190  -0.534  -37.865  58.928 0.0000000000
42093  -0.872  -37.312  58.463 0.0000000000
45465  3.737  -33.760  55.040 0.0000000000
44584  3.518  -34.299  53.824 0.0000000000
116491  4.933  -33.428  53.950 0.0000000000
49414  3.489  -29.516  49.810 0.0000000000
115036  3.673  -30.002  49.336 0.0000000000
49427  5.039  -29.139  48.696 0.0000000000
49426  5.709  -29.284  48.216 0.0000000000
49438  6.234  -29.648  47.225 0.0000000000
121969  5.438  -28.523  48.094 0.0000000000
50302  5.279  -28.052  47.167 0.0000000000
44456  1.570  -34.727  62.303 0.0000000000
45363  2.601  -33.438  62.969 0.0000000000
50172  4.169  -29.051  64.669 0.0000000000
121141  3.913  -28.249  63.639 0.0000000000
130501  4.138  -27.658  63.397 0.0000000000
50181  3.784  -27.789  62.649 0.0000000000
118987  4.159  -27.440  63.001 0.0000000000
47313  10.709  -29.987  64.238 0.0000000000
47344  10.350  -30.432  63.611 0.0000000000
47327  10.153  -30.297  64.079 0.0000000000
46316  8.897  -31.129  63.525 0.0000000000
44441  7.503  -33.695  64.526 0.0000000000
43649  7.908  -34.716  63.417 0.0000000000
133593  7.927  -35.092  62.856 0.0000000000
42021  5.557  -36.921  62.693 0.0000000000
44446  4.069  -33.935  64.901 0.0000000000
43645  3.902  -34.964  64.259 0.0000000000
43639  3.790  -34.391  64.419 0.0000000000
42854  2.531  -35.428  63.067 0.0000000000
42867  1.651  -35.811  63.036 0.0000000000
43652  2.307  -35.163  62.777 0.0000000000
44455  2.059  -34.843  62.427 0.0000000000
48410  1.573  -29.826  55.426 0.0000000000
47465  1.761  -30.153  54.977 0.0000000000
118938  1.701  -29.401  54.661 0.0000000000
48422  1.645  -29.102  54.317 0.0000000000
51870  0.281  -26.899  53.387 0.0000000000
51057  0.528  -27.765  53.513 0.0000000000
51877  0.541  -27.256  52.853 0.0000000000
51068  1.451  -27.427  51.865 0.0000000000
51882  1.424  -26.253  51.551 0.0000000000
49280  12.617  -28.316  64.622 0.0000000000
49250  12.515  -28.287  66.191 0.0000000000
51780  9.173  -26.793  66.362 0.0000000000
42138  -0.086  -37.367  54.421 0.0000000000
133360  -0.411  -34.841  56.746 0.0000000000
44536  0.526  -34.547  56.433 0.0000000000
116105  1.570  -34.286  56.247 0.0000000000
45418  4.117  -33.421  57.485 0.0000000000
46351  1.885  -32.904  61.916 0.0000000000
46350  2.700  -32.394  61.609 0.0000000000
46349  3.368  -32.032  61.226 0.0000000000
48355  3.747  -30.624  59.465 0.0000000000
48370  -0.351  -30.100  58.056 0.0000000000
45369  9.904  -32.259  60.367 0.0000000000
45376  9.870  -33.354  60.215 0.0000000000
124878  4.262  -38.846  60.341 0.0000000000
39325  3.705  -38.770  59.662 0.0000000000
39326  2.783  -38.986  59.430 0.0000000000
39343  1.610  -39.529  58.857 0.0000000000
111816  -0.289  -39.626  56.224 0.0000000000
133688  -0.465  -40.117  55.699 0.0000000000
111646  -0.768  -40.232  54.085 0.0000000000
121674  0.379  -39.082  52.035 0.0000000000
41294  0.448  -39.062  51.505 0.0000000000
42191  0.828  -38.819  51.351 0.0000000000
42981  1.287  -38.432  51.521 0.0000000000
42993  1.511  -38.382  50.777 0.0000000000
44642  3.382  -35.862  51.208 0.0000000000
43774  3.060  -36.308  50.702 0.0000000000
43785  2.994  -36.376  50.066 0.0000000000
43005  2.983  -36.558  49.497 0.0000000000
42211  2.807  -37.467  48.881 0.0000000000
42210  3.629  -37.659  48.477 0.0000000000
112245  3.343  -36.823  48.855 0.0000000000
122235  4.364  -37.070  48.248 0.0000000000
47500  3.605  -30.746  53.367 0.0000000000
47499  4.491  -31.027  53.137 0.0000000000
47557  7.351  -31.223  49.245 0.0000000000
46478  7.125  -32.077  50.347 0.0000000000
46501  7.236  -32.677  48.799 0.0000000000
44679  6.642  -33.954  48.347 0.0000000000
44691  6.439  -34.674  47.771 0.0000000000
43808  6.596  -35.532  46.425 0.0000000000
43028  6.548  -35.949  45.991 0.0000000000
128418  6.322  -35.562  45.503 0.0000000000
43030  5.503  -35.747  44.922 0.0000000000
43813  4.713  -34.755  44.651 0.0000000000
46538  4.334  -31.814  44.737 0.0000000000
46550  3.776  -32.648  44.597 0.0000000000
122206  2.906  -33.086  44.558 0.0000000000
123066  2.003  -33.857  44.390 0.0000000000
56014  0.295  -21.860  52.293 0.0000000000
54255  1.178  -23.583  51.696 0.0000000000
112426  1.636  -23.738  50.445 0.0000000000
114633  2.636  -23.796  48.492 0.0000000000
52720  3.216  -25.862  46.805 0.0000000000
51927  2.745  -26.211  45.988 0.0000000000
46317  3.241  -32.028  64.760 0.0000000000
114577  3.676  -31.772  65.200 0.0000000000
134438  3.791  -30.779  65.645 0.0000000000
127289  4.117  -29.459  65.303 0.0000000000
50151  4.389  -29.175  65.954 0.0000000000
51004  4.299  -28.258  64.710 0.0000000000
48295  9.133  -29.695  65.050 0.0000000000
46304  7.330  -31.164  64.852 0.0000000000
47302  6.824  -30.418  65.535 0.0000000000
46305  6.700  -31.715  65.240 0.0000000000
46312  7.223  -32.182  64.780 0.0000000000
45355  7.139  -33.211  65.051 0.0000000000
44442  7.074  -34.051  65.045 0.0000000000
44444  5.178  -34.372  65.524 0.0000000000
44445  4.422  -34.213  65.345 0.0000000000
45346  4.703  -32.346  65.689 0.0000000000
45351  4.469  -32.939  65.703 0.0000000000
44439  4.254  -33.465  65.436 0.0000000000
44440  3.988  -33.295  65.055 0.0000000000
119863  0.622  -28.182  55.807 0.0000000000
51046  0.360  -27.609  55.142 0.0000000000
118429  0.199  -26.808  54.830 0.0000000000
51864  0.163  -26.313  54.044 0.0000000000
51863  -0.064  -25.623  53.493 0.0000000000
42125  -0.495  -37.376  55.672 0.0000000000
129715  -0.978  -36.152  56.360 0.0000000000
126487  1.111  -34.127  58.055 0.0000000000
45402  1.790  -33.706  58.667 0.0000000000
48333  3.746  -30.062  62.301 0.0000000000
50189  1.419  -28.685  61.195 0.0000000000
49307  0.953  -29.446  60.919 0.0000000000
49312  -0.260  -29.445  59.333 0.0000000000
49309  -0.163  -29.131  59.706 0.0000000000
40246  1.990  -38.939  60.865 0.0000000000
40247  1.342  -38.533  60.560 0.0000000000
40263  1.023  -38.801  59.842 0.0000000000
40278  0.817  -39.063  59.063 0.0000000000
39344  0.577  -39.011  58.269 0.0000000000
39361  0.439  -39.459  57.315 0.0000000000
40299  0.201  -39.468  57.331 0.0000000000
43745  2.050  -36.076  53.333 0.0000000000
44604  2.731  -35.667  52.742 0.0000000000
44622  3.244  -35.713  51.940 0.0000000000
44603  3.199  -35.157  52.374 0.0000000000
132194  3.442  -35.460  51.658 0.0000000000
44641  3.791  -35.394  51.045 0.0000000000
44640  4.606  -34.826  50.569 0.0000000000
48462  3.524  -29.995  51.186 0.0000000000
48461  4.174  -30.086  51.284 0.0000000000
48476  6.086  -30.262  50.185 0.0000000000
48495  5.073  -30.131  49.374 0.0000000000
47558  6.907  -30.629  49.802 0.0000000000
130761  7.359  -31.096  48.458 0.0000000000
47576  7.379  -31.465  47.820 0.0000000000
46514  7.208  -31.967  47.184 0.0000000000
46525  6.798  -32.414  46.631 0.0000000000
46526  6.087  -32.034  45.982 0.0000000000
47589  5.720  -31.188  45.749 0.0000000000
47596  4.702  -31.086  45.174 0.0000000000
48549  3.249  -29.953  44.654 0.0000000000
54288  2.634  -22.956  46.849 0.0000000000
52722  1.925  -25.294  45.263 0.0000000000
53514  2.073  -24.514  45.419 0.0000000000
127243  1.747  -24.581  43.979 0.0000000000
39481  5.090  -41.404  46.273 0.0000000000
43679  0.641  -35.927  60.135 0.0000000000
43689  0.252  -35.298  60.118 0.0000000000
44462  1.009  -35.334  60.485 0.0000000000
44461  1.054  -34.719  61.006 0.0000000000
45372  0.925  -33.996  61.536 0.0000000000
46352  1.419  -33.528  62.090 0.0000000000
47329  2.900  -32.019  64.180 0.0000000000
47345  3.100  -31.281  64.128 0.0000000000
111118  3.649  -30.743  63.342 0.0000000000
51017  2.991  -27.965  61.611 0.0000000000
111165  11.937  -29.679  62.437 0.0000000000
47358  11.552  -29.989  61.651 0.0000000000
46336  9.629  -31.278  62.001 0.0000000000
46325  9.905  -30.959  62.938 0.0000000000
45365  9.098  -32.403  61.637 0.0000000000
43663  8.716  -33.975  60.943 0.0000000000
45359  8.015  -33.248  63.935 0.0000000000
44449  8.405  -33.232  63.264 0.0000000000
44458  8.563  -33.822  61.814 0.0000000000
43664  8.425  -34.505  60.636 0.0000000000
42874  7.325  -35.322  61.438 0.0000000000
116409  5.181  -38.389  61.078 0.0000000000
41158  4.325  -38.551  61.139 0.0000000000
41140  2.923  -38.097  62.104 0.0000000000
43643  5.242  -35.437  64.456 0.0000000000
42850  4.884  -35.985  64.009 0.0000000000
42865  4.423  -36.339  63.484 0.0000000000
42866  3.658  -36.337  63.620 0.0000000000
120123  3.967  -36.867  63.244 0.0000000000
130239  3.335  -37.571  62.497 0.0000000000
41141  2.043  -38.005  62.128 0.0000000000
41142  1.302  -37.625  61.773 0.0000000000
42026  1.207  -36.533  62.760 0.0000000000
123344  0.927  -36.537  62.252 0.0000000000
42040  1.004  -36.688  61.449 0.0000000000
42878  1.059  -36.350  61.054 0.0000000000
42893  0.819  -36.446  60.353 0.0000000000
47462  4.172  -31.278  55.352 0.0000000000
47483  2.388  -30.698  54.323 0.0000000000
47501  2.689  -30.481  53.650 0.0000000000
47516  3.083  -29.988  53.076 0.0000000000
119747  1.168  -28.666  54.456 0.0000000000
49366  1.431  -28.855  54.162 0.0000000000
48433  1.684  -29.088  53.968 0.0000000000
49376  1.502  -28.853  53.567 0.0000000000
48448  1.813  -29.104  53.444 0.0000000000
48447  2.237  -29.308  53.060 0.0000000000
130614  3.359  -29.304  52.197 0.0000000000
48463  3.568  -29.534  51.446 0.0000000000
48479  3.528  -29.609  51.006 0.0000000000
127146  3.693  -28.762  51.099 0.0000000000
112250  2.606  -28.283  51.645 0.0000000000
49416  3.080  -28.243  51.262 0.0000000000
49415  3.670  -28.671  50.563 0.0000000000
50280  3.328  -27.755  50.186 0.0000000000
51789  6.647  -27.432  65.720 0.0000000000
52543  6.593  -27.173  65.288 0.0000000000
52564  7.172  -26.794  64.734 0.0000000000
129916  12.860  -29.416  62.131 0.0000000000
113674  16.646  -26.908  62.715 0.0000000000
125791  15.115  -28.444  61.946 0.0000000000
48304  12.011  -28.675  64.468 0.0000000000
48305  11.610  -29.335  64.254 0.0000000000
47312  11.415  -29.655  64.271 0.0000000000
47308  10.383  -29.732  64.422 0.0000000000
48294  9.956  -29.574  64.588 0.0000000000
50136  12.694  -27.866  66.240 0.0000000000
50148  12.486  -28.226  66.078 0.0000000000
50137  11.994  -27.558  65.931 0.0000000000
50149  11.767  -28.020  65.632 0.0000000000
49252  10.920  -28.495  65.216 0.0000000000
48286  9.912  -29.110  64.943 0.0000000000
48287  9.137  -29.176  65.322 0.0000000000
49255  7.798  -29.052  65.989 0.0000000000
50140  8.463  -27.960  66.352 0.0000000000
121274  7.616  -28.451  66.455 0.0000000000
50141  7.413  -28.401  66.489 0.0000000000
50978  6.982  -28.083  66.493 0.0000000000
129011  0.126  -39.048  52.637 0.0000000000
111497  0.707  -38.681  53.147 0.0000000000
43761  1.333  -37.377  53.595 0.0000000000
133696  -0.307  -37.044  55.053 0.0000000000
42948  -0.123  -36.621  54.756 0.0000000000
43747  1.037  -37.087  54.282 0.0000000000
43746  1.498  -36.553  53.797 0.0000000000
44587  1.728  -35.754  53.922 0.0000000000
118469  2.913  -34.131  55.243 0.0000000000
121672  4.795  -32.948  55.977 0.0000000000
44471  0.278  -34.616  59.972 0.0000000000
131270  1.389  -33.599  60.525 0.0000000000
45401  2.836  -33.529  58.504 0.0000000000
46362  3.751  -32.105  60.604 0.0000000000
48345  3.813  -30.800  60.558 0.0000000000
45400  3.875  -33.347  58.310 0.0000000000
45399  4.545  -32.980  57.984 0.0000000000
46384  4.928  -32.196  57.882 0.0000000000
132291  4.801  -31.319  57.105 0.0000000000
47444  4.557  -31.364  56.478 0.0000000000
47447  1.399  -30.341  55.958 0.0000000000
48358  -0.431  -29.939  58.795 0.0000000000
49314  -0.356  -29.457  58.577 0.0000000000
50206  0.986  -28.920  57.334 0.0000000000
122442  0.946  -28.607  56.425 0.0000000000
52552  5.891  -27.077  65.009 0.0000000000
47373  11.298  -30.391  60.891 0.0000000000
47389  11.200  -30.888  60.152 0.0000000000
46372  10.919  -31.454  59.345 0.0000000000
45375  10.204  -32.544  59.731 0.0000000000
40261  2.402  -39.128  60.136 0.0000000000
39342  2.349  -39.469  58.749 0.0000000000
111505  2.722  -39.359  58.157 0.0000000000
127159  1.799  -37.552  51.996 0.0000000000
42992  1.869  -37.754  50.871 0.0000000000
129627  2.127  -38.044  50.305 0.0000000000
43786  2.697  -36.701  50.299 0.0000000000
43007  2.349  -37.990  49.811 0.0000000000
41317  2.070  -38.536  49.708 0.0000000000
40421  1.997  -39.533  49.295 0.0000000000
39457  2.030  -40.456  49.371 0.0000000000
116561  4.136  -39.172  48.198 0.0000000000
39493  4.837  -40.564  45.675 0.0000000000
46430  5.289  -32.079  54.252 0.0000000000
45462  5.310  -32.818  53.839 0.0000000000
45482  5.430  -32.784  53.203 0.0000000000
44620  4.945  -34.305  51.164 0.0000000000
47528  5.669  -30.740  51.597 0.0000000000
46451  6.246  -31.448  51.454 0.0000000000
130962  6.360  -32.324  51.389 0.0000000000
45537  6.529  -32.837  50.411 0.0000000000
45520  6.281  -32.792  50.933 0.0000000000
45556  5.101  -34.416  49.988 0.0000000000
44660  4.738  -34.978  49.777 0.0000000000
43796  4.774  -35.820  48.662 0.0000000000
43003  4.998  -36.479  47.960 0.0000000000
43017  5.436  -37.360  47.549 0.0000000000
43016  5.929  -36.512  47.289 0.0000000000
41327  5.627  -38.674  46.648 0.0000000000
39492  5.130  -39.817  46.030 0.0000000000
40441  4.452  -39.773  45.201 0.0000000000
40442  3.525  -39.626  44.652 0.0000000000
45613  6.385  -33.270  45.934 0.0000000000
44705  5.233  -33.986  44.901 0.0000000000
45615  4.527  -33.323  44.743 0.0000000000
133583  3.875  -34.462  44.687 0.0000000000
43816  3.702  -34.967  44.625 0.0000000000
120183  2.498  -35.821  44.437 0.0000000000
53457  -0.296  -23.946  53.606 0.0000000000
134704  1.570  -25.897  51.300 0.0000000000
53479  1.252  -24.794  51.664 0.0000000000
113877  2.682  -26.741  50.149 0.0000000000
51087  3.141  -26.993  49.722 0.0000000000
53492  1.894  -24.407  50.193 0.0000000000
51897  2.954  -26.210  49.412 0.0000000000
51110  4.610  -27.456  47.593 0.0000000000
51120  4.358  -27.567  46.673 0.0000000000
50324  3.994  -28.554  45.421 0.0000000000
48550  2.784  -29.761  44.553 0.0000000000
52729  2.252  -25.791  45.556 0.0000000000
49463  2.540  -29.198  44.590 0.0000000000
117835  2.158  -30.788  44.113 0.0000000000
41304  1.516  -38.989  50.347 0.0000000000
42892  6.835  -35.755  61.019 0.0000000000
42969  2.456  -36.833  51.923 0.0000000000
43029  6.204  -36.376  45.572 0.0000000000
43803  6.272  -35.584  47.240 0.0000000000
44438  4.782  -33.623  65.796 0.0000000000
44659  5.397  -34.456  49.411 0.0000000000
45345  5.260  -32.231  65.783 0.0000000000
45347  4.332  -32.390  65.589 0.0000000000
45522  5.498  -33.744  51.084 0.0000000000
46298  5.907  -31.605  65.792 0.0000000000
46299  5.503  -31.540  65.833 0.0000000000
46300  5.166  -31.404  65.858 0.0000000000
46301  4.306  -31.900  65.576 0.0000000000
46307  4.196  -32.378  65.479 0.0000000000
46314  3.323  -32.705  64.572 0.0000000000
46490  7.374  -32.040  49.501 0.0000000000
46513  7.406  -32.411  47.959 0.0000000000
47529  4.957  -30.423  51.828 0.0000000000
48281  7.034  -29.322  66.284 0.0000000000
48283  5.032  -30.138  67.843 0.0000000000
48284  4.674  -29.688  67.637 0.0000000000
48291  4.513  -29.784  66.739 0.0000000000
48292  4.044  -30.199  66.100 0.0000000000
48296  4.044  -30.478  65.975 0.0000000000
48464  3.527  -29.008  51.841 0.0000000000
48496  3.973  -30.205  49.544 0.0000000000
49245  6.178  -29.284  67.054 0.0000000000
49246  5.571  -29.674  67.851 0.0000000000
49248  4.602  -29.075  68.022 0.0000000000
49249  4.542  -29.312  67.392 0.0000000000
49267  3.941  -30.150  65.727 0.0000000000
49412  5.359  -29.824  48.772 0.0000000000
49439  5.857  -28.981  47.392 0.0000000000
50142  6.477  -28.819  66.832 0.0000000000
50150  4.811  -28.987  66.785 0.0000000000
50975  9.220  -27.140  66.427 0.0000000000
50976  8.573  -27.398  66.359 0.0000000000
50979  5.504  -28.876  66.957 0.0000000000
50980  5.194  -28.935  66.871 0.0000000000
51783  6.662  -27.846  66.254 0.0000000000
51784  5.556  -28.413  66.253 0.0000000000
51788  7.336  -27.325  65.856 0.0000000000
51790  5.446  -27.806  65.539 0.0000000000
52536  8.572  -26.883  66.239 0.0000000000
112666  9.755  -27.017  66.349 0.0000000000
113647  13.388  -29.294  61.607 0.0000000000
115140  0.735  -21.330  52.057 0.0000000000
116810  5.822  -29.726  66.983 0.0000000000
117555  2.434  -37.395  50.137 0.0000000000
118926  5.208  -29.058  68.003 0.0000000000
120214  4.520  -31.336  65.724 0.0000000000
121020  1.819  -29.826  54.650 0.0000000000
126756  6.040  -27.863  65.913 0.0000000000
128016  4.307  -34.840  51.262 0.0000000000
129447  8.130  -28.036  66.383 0.0000000000
132013  6.873  -30.957  65.237 0.0000000000
132631  4.894  -28.458  65.786 0.0000000000
133286  2.402  -36.335  63.246 0.0000000000
