#!ascii label  , from subject bert vox2ras=TkReg
1040
45494  17.634  -31.487  51.504 0.0000000000
111779  29.105  -28.625  58.122 0.0000000000
64061  33.697  -13.116  35.406 0.0000000000
54309  26.527  -23.622  44.152 0.0000000000
51093  32.008  -27.178  49.482 0.0000000000
69984  43.701  -5.101  27.870 0.0000000000
61440  34.404  -14.034  38.332 0.0000000000
59802  28.634  -16.173  38.486 0.0000000000
45535  13.307  -32.430  50.128 0.0000000000
49329  22.983  -27.510  56.956 0.0000000000
49363  26.169  -27.082  53.457 0.0000000000
49399  18.657  -29.146  50.511 0.0000000000
69106  37.627  -6.410  32.615 0.0000000000
130254  19.356  -30.222  57.407 0.0000000000
45429  15.955  -30.627  56.208 0.0000000000
67525  37.102  -8.652  36.679 0.0000000000
119661  10.586  -33.244  55.924 0.0000000000
41241  8.092  -37.619  54.369 0.0000000000
58881  28.097  -18.075  43.751 0.0000000000
53517  28.568  -25.572  47.216 0.0000000000
49456  27.906  -29.301  45.194 0.0000000000
111307  27.525  -30.535  48.979 0.0000000000
62262  34.018  -13.476  40.867 0.0000000000
110926  31.296  -14.811  39.229 0.0000000000
110601  29.990  -14.642  41.137 0.0000000000
122423  36.043  -12.420  41.011 0.0000000000
129713  17.625  -34.077  49.873 0.0000000000
45570  15.024  -33.573  48.702 0.0000000000
45515  15.681  -31.678  51.231 0.0000000000
113731  19.279  -29.418  54.806 0.0000000000
49365  19.983  -27.749  54.218 0.0000000000
47527  18.584  -31.232  51.396 0.0000000000
134573  18.459  -32.162  48.981 0.0000000000
111851  32.245  -11.307  33.995 0.0000000000
64048  35.820  -12.204  35.972 0.0000000000
65838  35.127  -11.158  35.884 0.0000000000
66712  34.728  -8.806  34.525 0.0000000000
46370  14.262  -29.904  59.009 0.0000000000
47443  12.462  -31.156  56.147 0.0000000000
46383  11.004  -31.740  58.401 0.0000000000
114869  7.312  -36.293  59.386 0.0000000000
123818  8.484  -36.075  56.597 0.0000000000
41206  6.854  -37.382  56.432 0.0000000000
39399  5.564  -39.403  55.389 0.0000000000
112769  4.530  -38.671  57.113 0.0000000000
55127  30.206  -23.835  49.103 0.0000000000
52714  31.476  -25.909  47.796 0.0000000000
51126  28.686  -27.125  46.714 0.0000000000
50298  29.877  -27.402  48.401 0.0000000000
50265  24.382  -26.885  50.540 0.0000000000
132098  26.753  -29.129  51.070 0.0000000000
50287  24.767  -27.719  48.678 0.0000000000
49446  25.430  -29.344  46.335 0.0000000000
57028  26.928  -20.373  43.566 0.0000000000
57050  26.518  -19.860  41.259 0.0000000000
55184  26.022  -22.591  41.270 0.0000000000
70003  46.697  -4.906  26.636 0.0000000000
121823  44.074  -4.699  26.303 0.0000000000
62302  34.305  -13.782  36.189 0.0000000000
60639  31.246  -15.578  36.295 0.0000000000
63084  36.244  -12.802  38.343 0.0000000000
113153  25.892  -27.810  57.686 0.0000000000
48406  27.516  -27.866  55.128 0.0000000000
49353  23.934  -26.987  55.354 0.0000000000
50244  22.762  -26.652  53.125 0.0000000000
50276  19.566  -27.275  49.882 0.0000000000
69907  39.778  -5.818  34.624 0.0000000000
127969  40.365  -5.932  32.939 0.0000000000
69944  40.507  -5.405  30.372 0.0000000000
69986  41.479  -5.350  27.949 0.0000000000
123551  18.355  -30.993  55.325 0.0000000000
44568  16.635  -31.377  54.444 0.0000000000
111827  17.597  -31.190  56.737 0.0000000000
47440  19.972  -29.511  57.295 0.0000000000
68311  37.034  -7.361  34.652 0.0000000000
46436  14.141  -30.501  53.404 0.0000000000
45480  11.863  -31.838  53.034 0.0000000000
43743  10.711  -34.748  52.608 0.0000000000
44503  9.548  -34.156  57.944 0.0000000000
42947  9.280  -35.966  54.333 0.0000000000
38420  1.824  -40.381  57.092 0.0000000000
59764  30.839  -15.863  43.309 0.0000000000
56076  27.561  -21.624  46.115 0.0000000000
55129  28.787  -22.236  48.108 0.0000000000
53523  27.438  -24.344  45.602 0.0000000000
51937  27.590  -26.904  44.721 0.0000000000
50333  27.841  -28.837  44.127 0.0000000000
48574  27.239  -30.468  43.026 0.0000000000
47495  29.278  -28.590  53.087 0.0000000000
47524  29.391  -29.636  51.660 0.0000000000
48504  29.293  -28.449  50.087 0.0000000000
48521  27.854  -30.341  47.366 0.0000000000
48544  26.868  -30.702  44.913 0.0000000000
58905  27.733  -17.338  40.947 0.0000000000
58094  26.594  -18.666  38.919 0.0000000000
61403  33.222  -13.983  41.674 0.0000000000
61404  32.581  -14.358  41.366 0.0000000000
60579  32.001  -15.099  42.017 0.0000000000
62245  34.326  -13.399  42.291 0.0000000000
44634  17.613  -32.988  50.673 0.0000000000
44636  16.763  -33.399  50.364 0.0000000000
44616  16.903  -32.265  51.044 0.0000000000
47497  18.522  -30.396  52.834 0.0000000000
47496  18.632  -30.076  52.814 0.0000000000
46462  18.547  -31.247  50.922 0.0000000000
46475  18.464  -32.949  50.297 0.0000000000
123491  32.627  -12.477  34.859 0.0000000000
64050  35.028  -13.147  35.909 0.0000000000
64958  35.827  -11.812  36.184 0.0000000000
64966  33.814  -12.114  35.519 0.0000000000
64972  33.719  -11.210  35.305 0.0000000000
41188  6.571  -37.430  58.708 0.0000000000
41205  7.041  -37.060  57.273 0.0000000000
128080  6.503  -37.477  57.142 0.0000000000
40316  5.937  -38.459  55.624 0.0000000000
39386  5.494  -38.739  56.135 0.0000000000
39387  5.181  -39.699  55.871 0.0000000000
53497  31.993  -25.230  48.582 0.0000000000
51913  31.945  -26.599  47.916 0.0000000000
51114  30.405  -26.656  47.892 0.0000000000
50296  31.491  -27.104  48.802 0.0000000000
112678  30.198  -28.489  56.774 0.0000000000
51083  23.177  -26.534  49.506 0.0000000000
50275  24.875  -27.430  49.568 0.0000000000
114236  23.784  -26.984  48.035 0.0000000000
51106  23.906  -27.263  47.169 0.0000000000
119327  26.518  -21.629  43.935 0.0000000000
55175  26.406  -21.877  42.864 0.0000000000
69953  43.162  -5.287  29.350 0.0000000000
69968  44.852  -5.399  28.822 0.0000000000
112541  45.093  -5.226  27.532 0.0000000000
69993  45.496  -5.120  27.128 0.0000000000
70006  43.425  -4.791  26.491 0.0000000000
61451  34.389  -14.349  37.406 0.0000000000
61463  33.531  -14.557  36.400 0.0000000000
61442  33.088  -15.100  37.837 0.0000000000
59801  28.901  -14.993  39.052 0.0000000000
59814  30.351  -15.811  37.572 0.0000000000
59816  28.928  -16.607  37.295 0.0000000000
115047  35.254  -13.250  39.113 0.0000000000
113116  35.145  -13.570  38.244 0.0000000000
62294  35.013  -13.277  36.700 0.0000000000
45551  14.311  -32.903  49.052 0.0000000000
44638  11.943  -33.543  50.129 0.0000000000
49328  24.092  -27.538  57.153 0.0000000000
113945  24.918  -27.415  56.460 0.0000000000
49341  23.242  -27.286  56.172 0.0000000000
49385  19.018  -28.565  52.096 0.0000000000
50233  21.609  -26.911  53.470 0.0000000000
50258  20.586  -26.938  52.324 0.0000000000
51067  21.484  -26.599  51.795 0.0000000000
50266  19.022  -28.140  50.325 0.0000000000
48491  18.551  -29.564  49.606 0.0000000000
51951  27.472  -27.336  43.414 0.0000000000
69088  38.969  -6.375  33.986 0.0000000000
69086  40.310  -5.872  33.685 0.0000000000
124705  38.968  -6.156  32.908 0.0000000000
69131  39.524  -5.457  30.313 0.0000000000
69150  39.627  -5.704  28.523 0.0000000000
129304  40.869  -5.404  29.504 0.0000000000
46403  18.726  -30.615  56.652 0.0000000000
45438  17.822  -31.478  55.851 0.0000000000
45411  18.087  -31.188  56.715 0.0000000000
46392  19.734  -29.866  57.414 0.0000000000
47459  19.139  -29.995  56.028 0.0000000000
68304  38.743  -6.683  35.853 0.0000000000
67533  36.743  -7.869  35.283 0.0000000000
67539  34.556  -8.317  33.614 0.0000000000
114099  16.512  -31.042  55.525 0.0000000000
45459  15.914  -31.169  54.209 0.0000000000
46414  15.101  -30.783  55.070 0.0000000000
46406  11.492  -31.569  56.077 0.0000000000
46427  12.090  -31.144  54.700 0.0000000000
45461  11.049  -33.077  54.141 0.0000000000
44601  11.094  -33.688  52.560 0.0000000000
44569  10.351  -33.667  54.610 0.0000000000
133972  9.858  -34.462  59.539 0.0000000000
41229  8.053  -37.207  55.256 0.0000000000
42936  8.704  -35.918  55.964 0.0000000000
42136  8.779  -36.269  54.706 0.0000000000
119168  9.254  -36.766  53.767 0.0000000000
57011  28.168  -20.136  46.202 0.0000000000
129891  30.230  -24.477  48.599 0.0000000000
55128  29.381  -23.074  48.681 0.0000000000
54287  28.736  -23.553  47.668 0.0000000000
54294  28.221  -23.075  46.897 0.0000000000
129201  28.318  -24.950  47.018 0.0000000000
52736  27.602  -25.445  45.567 0.0000000000
52727  28.157  -26.323  46.325 0.0000000000
50319  28.114  -28.217  45.647 0.0000000000
50332  27.827  -28.259  44.958 0.0000000000
49455  27.817  -28.851  44.968 0.0000000000
49482  28.011  -29.654  43.219 0.0000000000
48558  27.964  -29.993  44.730 0.0000000000
49350  26.700  -27.519  54.778 0.0000000000
48418  28.279  -28.246  54.359 0.0000000000
48429  27.706  -28.346  53.117 0.0000000000
129658  26.510  -29.925  50.109 0.0000000000
48456  27.752  -30.247  51.499 0.0000000000
47552  28.541  -30.708  50.459 0.0000000000
47537  29.533  -28.928  51.381 0.0000000000
48487  28.565  -29.935  49.752 0.0000000000
48505  28.664  -28.730  49.237 0.0000000000
124476  27.735  -30.644  48.151 0.0000000000
50334  24.892  -29.119  44.480 0.0000000000
49445  26.355  -30.348  45.482 0.0000000000
59759  29.740  -16.600  43.812 0.0000000000
59774  29.645  -16.157  42.380 0.0000000000
58897  27.872  -17.769  42.260 0.0000000000
56134  26.063  -21.200  39.445 0.0000000000
58084  26.618  -18.669  40.035 0.0000000000
70818  46.872  -4.262  25.142 0.0000000000
62271  33.974  -13.401  39.822 0.0000000000
61430  32.849  -14.236  39.236 0.0000000000
61417  32.556  -14.095  40.313 0.0000000000
110931  30.775  -14.511  40.243 0.0000000000
59790  29.286  -14.572  40.272 0.0000000000
63056  35.544  -12.785  41.752 0.0000000000
125483  34.809  -13.199  40.739 0.0000000000
125715  16.847  -33.846  49.846 0.0000000000
131361  15.519  -32.866  50.282 0.0000000000
45516  14.656  -31.828  50.646 0.0000000000
48420  19.897  -28.718  55.594 0.0000000000
49354  21.631  -27.203  55.839 0.0000000000
49356  19.631  -28.688  54.563 0.0000000000
48443  18.813  -29.481  52.863 0.0000000000
49386  18.630  -29.563  51.400 0.0000000000
47543  18.569  -31.118  49.859 0.0000000000
125652  18.481  -32.008  49.900 0.0000000000
45549  18.284  -33.617  49.962 0.0000000000
68325  36.417  -6.577  31.399 0.0000000000
45381  19.050  -30.180  58.582 0.0000000000
64949  36.319  -11.899  37.031 0.0000000000
65831  36.011  -11.286  36.520 0.0000000000
66698  35.908  -10.117  36.157 0.0000000000
66706  35.611  -9.221  35.501 0.0000000000
65848  34.887  -10.324  35.541 0.0000000000
65849  33.688  -10.243  34.809 0.0000000000
116447  14.831  -30.256  57.283 0.0000000000
46405  14.420  -30.505  56.096 0.0000000000
122158  13.947  -30.317  57.623 0.0000000000
46396  11.947  -31.252  56.893 0.0000000000
46407  10.975  -32.196  56.710 0.0000000000
42913  8.849  -34.969  58.429 0.0000000000
42091  7.940  -36.133  58.095 0.0000000000
116135  7.564  -37.102  56.442 0.0000000000
41230  7.623  -37.568  55.038 0.0000000000
117638  6.888  -38.657  54.310 0.0000000000
54277  30.840  -25.024  48.624 0.0000000000
119197  30.604  -25.512  48.102 0.0000000000
52726  28.840  -26.199  47.326 0.0000000000
51923  29.358  -26.560  47.426 0.0000000000
50306  29.451  -27.226  47.529 0.0000000000
49444  28.343  -28.524  46.733 0.0000000000
50242  24.871  -26.754  52.184 0.0000000000
49382  26.938  -28.137  51.988 0.0000000000
49397  25.603  -27.599  50.835 0.0000000000
49407  25.906  -28.814  50.100 0.0000000000
49422  25.769  -29.231  49.230 0.0000000000
130664  25.868  -29.891  47.646 0.0000000000
132341  24.887  -28.618  47.236 0.0000000000
50308  24.611  -28.345  45.817 0.0000000000
58032  27.509  -19.003  43.470 0.0000000000
58046  27.361  -18.649  42.070 0.0000000000
57034  26.756  -20.305  42.679 0.0000000000
57042  26.358  -20.867  41.346 0.0000000000
69992  46.537  -5.252  27.332 0.0000000000
70812  45.299  -4.592  25.952 0.0000000000
63118  33.829  -13.609  35.620 0.0000000000
63120  31.871  -13.864  34.902 0.0000000000
62304  33.012  -14.470  35.835 0.0000000000
60624  31.258  -15.666  37.158 0.0000000000
60625  30.312  -15.796  36.628 0.0000000000
63069  37.347  -12.444  40.993 0.0000000000
63082  37.606  -12.417  39.816 0.0000000000
64024  37.182  -12.317  38.827 0.0000000000
63098  35.675  -12.857  36.733 0.0000000000
63106  35.267  -13.145  35.923 0.0000000000
48372  27.636  -28.331  57.971 0.0000000000
47421  28.631  -28.371  57.084 0.0000000000
48391  26.849  -27.835  56.922 0.0000000000
49339  25.770  -27.309  55.612 0.0000000000
113494  25.344  -26.699  53.991 0.0000000000
50222  21.916  -26.737  55.061 0.0000000000
50232  23.584  -26.531  53.594 0.0000000000
50231  24.602  -26.675  52.995 0.0000000000
50257  23.156  -26.690  52.291 0.0000000000
51074  21.706  -26.419  50.840 0.0000000000
51097  21.189  -26.299  48.834 0.0000000000
69102  41.796  -5.606  32.591 0.0000000000
112915  39.411  -5.883  32.301 0.0000000000
69933  40.946  -5.555  31.807 0.0000000000
69130  41.928  -5.533  31.534 0.0000000000
69942  41.981  -5.438  30.545 0.0000000000
111785  42.452  -5.266  29.292 0.0000000000
69985  42.129  -5.179  27.917 0.0000000000
111281  42.705  -4.986  26.741 0.0000000000
45475  17.880  -31.133  53.374 0.0000000000
44598  17.118  -31.515  53.347 0.0000000000
45456  17.614  -31.421  54.868 0.0000000000
110988  16.950  -31.219  55.713 0.0000000000
45413  16.772  -30.954  56.431 0.0000000000
45382  17.765  -30.525  57.965 0.0000000000
130360  15.868  -30.278  57.953 0.0000000000
46360  14.791  -29.652  59.473 0.0000000000
47394  28.245  -28.534  58.720 0.0000000000
47407  26.453  -28.413  58.782 0.0000000000
49317  24.966  -28.208  58.427 0.0000000000
48375  23.203  -28.228  58.493 0.0000000000
48376  21.942  -28.496  58.334 0.0000000000
48393  21.306  -28.372  57.686 0.0000000000
48409  19.453  -29.488  55.863 0.0000000000
122040  18.716  -30.225  54.634 0.0000000000
69904  39.602  -5.768  35.757 0.0000000000
69085  38.926  -6.414  34.787 0.0000000000
68314  37.435  -6.907  33.893 0.0000000000
67534  36.200  -8.091  34.919 0.0000000000
68316  35.743  -7.518  33.552 0.0000000000
68320  35.929  -7.154  32.723 0.0000000000
45477  15.973  -31.324  52.959 0.0000000000
45496  15.413  -31.200  52.088 0.0000000000
46449  13.243  -31.441  51.457 0.0000000000
46415  14.004  -30.748  54.985 0.0000000000
46437  12.875  -30.935  53.141 0.0000000000
46450  12.363  -31.919  51.558 0.0000000000
45500  11.370  -33.480  51.672 0.0000000000
43757  10.919  -35.050  51.646 0.0000000000
45398  10.361  -32.664  57.975 0.0000000000
134542  10.214  -33.412  56.909 0.0000000000
43709  9.481  -34.698  56.537 0.0000000000
120740  9.653  -34.230  55.121 0.0000000000
43732  9.610  -35.321  53.849 0.0000000000
38434  2.643  -40.187  56.722 0.0000000000
60570  31.970  -15.225  42.989 0.0000000000
58008  28.717  -18.595  45.345 0.0000000000
57027  27.329  -19.797  44.050 0.0000000000
56088  27.003  -21.075  45.284 0.0000000000
129607  26.812  -22.322  45.333 0.0000000000
55146  28.015  -22.256  46.701 0.0000000000
55147  27.686  -22.589  46.218 0.0000000000
115665  26.932  -23.929  44.910 0.0000000000
53530  27.190  -25.108  44.868 0.0000000000
51944  27.247  -26.715  43.922 0.0000000000
51150  27.653  -27.752  43.963 0.0000000000
51138  27.839  -27.610  45.123 0.0000000000
50347  27.754  -28.083  44.432 0.0000000000
50357  27.974  -29.037  42.975 0.0000000000
121518  28.282  -30.219  42.466 0.0000000000
48584  28.215  -30.844  42.325 0.0000000000
49405  31.305  -27.492  50.822 0.0000000000
47438  29.483  -28.511  56.086 0.0000000000
120772  30.433  -28.778  54.438 0.0000000000
47493  30.432  -28.753  53.290 0.0000000000
48441  28.070  -28.865  52.302 0.0000000000
47510  29.291  -29.414  52.005 0.0000000000
47508  30.307  -28.917  53.151 0.0000000000
114088  30.735  -28.760  51.778 0.0000000000
129813  30.854  -28.050  51.236 0.0000000000
49420  30.639  -27.697  50.022 0.0000000000
48503  29.825  -28.056  49.607 0.0000000000
49433  28.702  -28.413  47.809 0.0000000000
132119  28.058  -29.584  46.158 0.0000000000
48534  27.151  -30.700  46.800 0.0000000000
118087  26.978  -30.757  45.945 0.0000000000
48543  27.501  -30.404  45.313 0.0000000000
48559  27.388  -30.536  44.240 0.0000000000
59773  30.513  -15.736  42.536 0.0000000000
59781  29.016  -14.956  41.163 0.0000000000
59783  27.998  -16.355  40.116 0.0000000000
58059  27.234  -18.336  41.338 0.0000000000
58913  27.539  -17.192  39.839 0.0000000000
58921  27.554  -17.220  38.777 0.0000000000
70007  42.384  -5.124  25.775 0.0000000000
129763  33.210  -14.180  42.892 0.0000000000
61391  32.576  -14.637  42.389 0.0000000000
125901  33.816  -13.723  42.871 0.0000000000
44615  17.351  -31.992  50.995 0.0000000000
45493  18.012  -31.143  52.295 0.0000000000
46447  18.330  -30.905  52.051 0.0000000000
45513  18.156  -31.266  51.089 0.0000000000
45514  17.888  -31.939  50.559 0.0000000000
64967  33.381  -12.655  35.320 0.0000000000
64068  32.072  -12.771  34.517 0.0000000000
64062  32.858  -13.049  35.024 0.0000000000
64060  34.378  -12.848  35.747 0.0000000000
40274  6.170  -37.802  58.370 0.0000000000
41198  6.509  -37.365  57.902 0.0000000000
40297  6.062  -37.720  57.499 0.0000000000
113164  6.082  -37.903  56.543 0.0000000000
40298  5.502  -38.189  56.993 0.0000000000
51896  32.276  -26.379  49.424 0.0000000000
51903  32.343  -26.524  48.627 0.0000000000
51104  32.049  -27.238  48.619 0.0000000000
50285  31.665  -27.257  49.260 0.0000000000
47406  29.644  -28.636  58.177 0.0000000000
47419  29.769  -28.560  57.595 0.0000000000
51904  21.982  -26.356  48.162 0.0000000000
51096  23.085  -26.561  48.406 0.0000000000
51107  23.367  -26.738  47.564 0.0000000000
55165  26.417  -22.567  43.803 0.0000000000
55166  26.274  -22.838  42.880 0.0000000000
69969  43.847  -5.243  28.637 0.0000000000
69952  44.057  -5.380  29.500 0.0000000000
69983  44.580  -5.253  28.031 0.0000000000
127218  44.322  -5.090  27.485 0.0000000000
69995  43.631  -4.919  27.204 0.0000000000
61452  33.729  -14.907  37.259 0.0000000000
61441  33.777  -14.651  38.055 0.0000000000
117419  29.545  -16.081  38.039 0.0000000000
59803  28.231  -16.911  38.076 0.0000000000
62278  34.574  -13.450  39.075 0.0000000000
62286  34.930  -13.709  37.348 0.0000000000
46476  13.928  -32.567  49.608 0.0000000000
45552  13.403  -32.825  49.236 0.0000000000
45536  12.597  -33.141  49.716 0.0000000000
124531  12.303  -32.852  50.476 0.0000000000
50246  19.696  -27.744  52.672 0.0000000000
49398  18.935  -28.383  51.236 0.0000000000
116704  19.561  -27.344  50.888 0.0000000000
50267  18.738  -28.745  49.804 0.0000000000
51157  27.742  -27.881  42.997 0.0000000000
69097  38.193  -6.441  33.229 0.0000000000
69096  39.000  -6.283  33.406 0.0000000000
69105  38.447  -6.140  32.470 0.0000000000
45394  18.957  -30.464  57.049 0.0000000000
45410  18.426  -30.909  56.681 0.0000000000
45395  18.732  -30.603  57.234 0.0000000000
116290  19.563  -30.049  57.406 0.0000000000
46393  19.234  -30.256  57.031 0.0000000000
66685  37.362  -9.112  37.226 0.0000000000
67524  37.748  -8.240  37.064 0.0000000000
67529  37.568  -7.688  36.207 0.0000000000
67530  36.911  -8.189  35.925 0.0000000000
130814  16.078  -30.745  55.731 0.0000000000
45442  15.901  -30.871  55.257 0.0000000000
46404  15.426  -30.603  55.732 0.0000000000
116361  10.916  -32.498  55.949 0.0000000000
46417  11.307  -31.778  55.282 0.0000000000
45443  10.906  -32.975  55.151 0.0000000000
43687  9.478  -34.395  59.675 0.0000000000
42124  8.421  -36.541  55.434 0.0000000000
42137  8.516  -36.947  54.540 0.0000000000
42150  8.663  -37.421  53.674 0.0000000000
53510  30.020  -24.813  48.197 0.0000000000
54286  29.517  -24.051  48.216 0.0000000000
53512  28.987  -24.630  47.702 0.0000000000
122200  28.290  -24.087  47.074 0.0000000000
52728  28.023  -25.620  46.341 0.0000000000
114266  28.066  -28.740  45.763 0.0000000000
49469  27.922  -29.450  44.342 0.0000000000
49362  26.817  -27.679  53.795 0.0000000000
49371  26.849  -27.985  52.911 0.0000000000
48489  27.193  -30.338  49.898 0.0000000000
48472  27.806  -30.508  50.593 0.0000000000
48488  28.266  -30.599  49.697 0.0000000000
47551  28.738  -30.267  50.435 0.0000000000
48507  28.264  -30.263  48.706 0.0000000000
58880  28.878  -17.188  43.814 0.0000000000
59766  29.064  -16.695  42.971 0.0000000000
58887  28.205  -17.434  43.022 0.0000000000
112417  33.367  -13.756  39.602 0.0000000000
61416  33.287  -13.765  40.606 0.0000000000
61405  31.971  -14.672  41.221 0.0000000000
61418  31.772  -14.421  40.517 0.0000000000
110602  31.131  -14.563  41.101 0.0000000000
63046  36.466  -12.396  42.863 0.0000000000
62261  34.378  -13.389  41.462 0.0000000000
62260  34.921  -13.177  41.573 0.0000000000
62270  34.660  -13.175  39.902 0.0000000000
44618  16.032  -32.669  50.639 0.0000000000
44637  16.121  -33.257  49.997 0.0000000000
45534  15.357  -32.209  50.509 0.0000000000
47512  18.405  -30.689  52.005 0.0000000000
48444  18.568  -30.218  51.970 0.0000000000
48459  18.751  -29.368  52.265 0.0000000000
114323  18.467  -30.528  50.998 0.0000000000
47542  18.571  -31.317  50.600 0.0000000000
45533  18.189  -33.455  50.318 0.0000000000
44654  18.042  -34.024  50.066 0.0000000000
64038  36.175  -12.267  37.132 0.0000000000
64047  36.133  -12.323  36.724 0.0000000000
64964  35.318  -11.778  36.116 0.0000000000
65837  35.640  -11.288  36.212 0.0000000000
66687  36.354  -10.374  36.632 0.0000000000
66699  35.367  -10.331  35.779 0.0000000000
65850  32.937  -10.732  34.449 0.0000000000
46381  14.311  -30.194  58.223 0.0000000000
46382  11.914  -31.080  57.878 0.0000000000
46397  11.032  -31.954  57.502 0.0000000000
42915  7.754  -35.968  59.291 0.0000000000
42914  8.184  -35.638  58.761 0.0000000000
130985  7.633  -36.746  57.041 0.0000000000
133055  7.344  -37.284  56.072 0.0000000000
41219  7.691  -37.291  55.766 0.0000000000
40314  7.085  -37.527  55.607 0.0000000000
40332  7.104  -37.913  54.828 0.0000000000
40333  6.517  -38.151  55.129 0.0000000000
40334  6.083  -39.117  54.628 0.0000000000
39388  4.682  -39.777  56.077 0.0000000000
39374  4.160  -39.380  56.607 0.0000000000
131186  31.645  -25.288  48.148 0.0000000000
54269  31.457  -25.092  48.846 0.0000000000
52719  29.750  -26.011  47.886 0.0000000000
117207  30.483  -26.118  47.807 0.0000000000
50297  30.577  -26.921  48.347 0.0000000000
50307  28.478  -28.016  46.581 0.0000000000
49443  29.018  -27.899  47.584 0.0000000000
50255  24.899  -26.889  51.240 0.0000000000
49384  25.639  -27.322  51.426 0.0000000000
49408  25.563  -28.216  49.722 0.0000000000
49423  25.267  -28.367  48.890 0.0000000000
49435  25.434  -29.271  48.248 0.0000000000
124844  24.871  -28.455  47.958 0.0000000000
51116  24.289  -27.873  46.418 0.0000000000
58033  27.127  -19.737  43.058 0.0000000000
56107  26.300  -21.774  41.791 0.0000000000
56115  26.112  -21.811  40.865 0.0000000000
70005  44.946  -4.811  26.521 0.0000000000
70014  44.204  -4.643  25.517 0.0000000000
70021  43.298  -5.128  24.620 0.0000000000
63108  34.114  -13.600  35.815 0.0000000000
62312  33.444  -13.955  35.607 0.0000000000
62303  33.694  -14.168  36.028 0.0000000000
61464  32.426  -15.155  36.259 0.0000000000
60608  32.279  -14.825  38.618 0.0000000000
60609  31.117  -15.318  38.276 0.0000000000
59815  29.674  -16.166  36.985 0.0000000000
59829  29.671  -16.154  36.231 0.0000000000
116498  36.717  -12.354  41.260 0.0000000000
63070  36.669  -12.604  40.517 0.0000000000
63076  36.537  -12.811  39.594 0.0000000000
63083  36.910  -12.555  39.123 0.0000000000
63089  36.544  -12.495  37.968 0.0000000000
63097  36.024  -12.495  37.256 0.0000000000
63090  35.850  -12.637  37.309 0.0000000000
62295  34.695  -13.702  36.637 0.0000000000
62301  34.854  -13.135  36.045 0.0000000000
63107  34.697  -13.231  35.900 0.0000000000
48373  26.756  -28.154  57.842 0.0000000000
114058  24.840  -27.142  55.542 0.0000000000
49351  25.820  -27.027  54.560 0.0000000000
49352  24.851  -26.860  54.734 0.0000000000
49355  20.569  -27.598  55.223 0.0000000000
50223  21.108  -26.993  54.326 0.0000000000
121424  22.399  -26.716  54.034 0.0000000000
50243  23.903  -26.571  52.769 0.0000000000
116797  20.420  -26.598  50.404 0.0000000000
51084  21.343  -26.266  49.802 0.0000000000
51085  20.313  -26.626  49.369 0.0000000000
47556  18.539  -31.350  48.989 0.0000000000
130584  40.516  -5.191  35.199 0.0000000000
69094  40.759  -5.752  33.151 0.0000000000
69919  41.329  -5.597  33.388 0.0000000000
119397  42.072  -5.674  33.129 0.0000000000
69103  41.080  -5.615  32.756 0.0000000000
69133  37.861  -5.959  31.025 0.0000000000
69120  38.598  -5.844  31.677 0.0000000000
131492  39.987  -5.444  30.879 0.0000000000
69934  40.401  -5.539  31.274 0.0000000000
69943  41.217  -5.534  30.958 0.0000000000
69955  41.398  -5.405  30.009 0.0000000000
69987  40.878  -5.506  28.052 0.0000000000
69971  41.646  -5.290  28.866 0.0000000000
45455  18.025  -31.120  54.500 0.0000000000
45476  17.490  -31.319  53.919 0.0000000000
45437  18.109  -31.316  55.570 0.0000000000
45425  17.709  -31.390  56.249 0.0000000000
112872  17.405  -31.373  55.776 0.0000000000
45426  17.304  -31.309  56.005 0.0000000000
45427  16.937  -31.134  55.973 0.0000000000
45412  17.265  -31.221  56.324 0.0000000000
125272  18.318  -30.350  58.766 0.0000000000
46369  16.891  -30.214  58.912 0.0000000000
45383  16.476  -30.396  58.108 0.0000000000
130274  16.065  -30.178  58.424 0.0000000000
115227  15.639  -29.942  58.793 0.0000000000
130853  27.427  -28.538  59.185 0.0000000000
48374  24.115  -28.413  58.760 0.0000000000
48377  20.848  -28.956  57.895 0.0000000000
48394  20.521  -28.850  57.191 0.0000000000
48408  20.127  -28.886  56.588 0.0000000000
131632  19.978  -29.322  56.983 0.0000000000
46423  18.685  -30.426  55.530 0.0000000000
46424  18.434  -30.650  54.570 0.0000000000
62314  31.643  -14.594  35.081 0.0000000000
68307  38.165  -6.929  35.541 0.0000000000
115894  38.226  -6.670  34.622 0.0000000000
128316  37.697  -6.909  34.442 0.0000000000
67535  35.380  -8.533  34.808 0.0000000000
67541  35.143  -7.748  33.136 0.0000000000
67538  35.208  -8.059  34.016 0.0000000000
68315  36.559  -7.099  33.544 0.0000000000
44581  16.810  -31.465  53.871 0.0000000000
44599  16.647  -31.549  52.966 0.0000000000
44582  16.384  -31.407  53.510 0.0000000000
45479  15.228  -30.807  53.781 0.0000000000
45478  15.661  -31.109  53.313 0.0000000000
45497  14.848  -30.790  52.705 0.0000000000
45498  14.431  -31.126  51.429 0.0000000000
46448  13.679  -30.805  52.311 0.0000000000
47460  13.432  -30.888  55.685 0.0000000000
128291  14.548  -30.675  55.488 0.0000000000
112299  12.029  -31.362  53.833 0.0000000000
115024  12.527  -31.439  52.233 0.0000000000
45499  11.647  -32.484  52.192 0.0000000000
45518  11.907  -32.630  51.222 0.0000000000
125302  11.105  -34.323  51.978 0.0000000000
43758  10.370  -35.640  52.076 0.0000000000
44484  9.844  -33.491  58.479 0.0000000000
44502  9.968  -33.418  57.523 0.0000000000
44518  9.655  -34.000  57.075 0.0000000000
42923  8.469  -35.634  57.877 0.0000000000
42930  8.742  -35.610  57.115 0.0000000000
42942  8.993  -35.654  55.315 0.0000000000
43710  9.139  -35.407  56.223 0.0000000000
126111  9.407  -34.967  55.688 0.0000000000
43719  9.663  -34.235  55.879 0.0000000000
43720  9.380  -35.108  54.779 0.0000000000
39375  3.418  -39.486  57.050 0.0000000000
38418  2.713  -39.693  57.506 0.0000000000
38419  2.184  -40.166  57.268 0.0000000000
59752  30.406  -16.631  44.583 0.0000000000
58019  27.955  -18.936  44.637 0.0000000000
58009  28.306  -19.359  45.647 0.0000000000
122679  27.773  -20.891  46.196 0.0000000000
126733  27.528  -20.186  45.316 0.0000000000
129115  26.651  -21.755  44.895 0.0000000000
55157  27.100  -22.014  45.672 0.0000000000
55137  29.074  -23.194  48.200 0.0000000000
55138  28.426  -22.467  47.468 0.0000000000
54295  27.823  -23.634  46.286 0.0000000000
54302  27.178  -23.050  45.595 0.0000000000
52735  27.751  -26.338  45.442 0.0000000000
52742  27.407  -26.129  44.770 0.0000000000
51943  27.519  -27.279  44.199 0.0000000000
51127  28.292  -26.957  46.293 0.0000000000
116686  27.810  -28.356  43.616 0.0000000000
48573  27.915  -30.328  42.787 0.0000000000
48585  27.441  -31.043  42.533 0.0000000000
48405  27.737  -28.082  56.039 0.0000000000
47439  28.670  -28.403  56.036 0.0000000000
47476  29.104  -28.482  54.095 0.0000000000
47475  29.992  -28.704  53.788 0.0000000000
47474  30.638  -28.862  53.841 0.0000000000
47494  29.926  -28.685  53.002 0.0000000000
48457  26.842  -28.488  51.315 0.0000000000
48442  27.458  -28.469  52.347 0.0000000000
112323  27.417  -29.064  51.595 0.0000000000
47525  29.083  -30.081  51.489 0.0000000000
47526  28.507  -30.157  51.894 0.0000000000
113901  29.586  -29.309  51.852 0.0000000000
126491  29.977  -28.864  52.282 0.0000000000
47523  29.942  -28.984  51.965 0.0000000000
47522  30.587  -28.730  52.332 0.0000000000
113010  29.680  -29.281  51.799 0.0000000000
130342  29.217  -28.819  50.699 0.0000000000
111920  30.256  -28.592  51.576 0.0000000000
48484  30.260  -28.208  50.711 0.0000000000
49406  30.907  -27.825  50.821 0.0000000000
115676  28.367  -29.851  47.970 0.0000000000
48519  28.320  -28.853  48.142 0.0000000000
48520  28.181  -29.524  46.922 0.0000000000
48531  28.261  -28.864  47.108 0.0000000000
48522  26.772  -30.461  47.644 0.0000000000
130947  26.200  -30.126  46.623 0.0000000000
48560  26.384  -30.569  43.644 0.0000000000
60564  31.465  -15.638  43.434 0.0000000000
60571  31.321  -15.458  42.695 0.0000000000
59775  28.773  -16.523  42.123 0.0000000000
125790  29.129  -15.838  41.811 0.0000000000
59782  28.473  -16.198  41.192 0.0000000000
58060  26.836  -19.249  41.691 0.0000000000
58072  26.764  -18.913  40.973 0.0000000000
58914  27.008  -17.828  39.451 0.0000000000
58922  27.143  -17.923  38.359 0.0000000000
70827  46.667  -3.865  23.927 0.0000000000
113324  47.584  -4.066  24.506 0.0000000000
69166  41.535  -5.919  25.068 0.0000000000
62246  33.793  -13.637  42.002 0.0000000000
123822  17.902  -34.061  50.410 0.0000000000
130536  17.360  -34.007  50.339 0.0000000000
44635  17.241  -33.351  50.549 0.0000000000
113540  16.627  -32.714  50.709 0.0000000000
44617  16.250  -31.877  51.395 0.0000000000
47477  18.851  -29.952  53.886 0.0000000000
48430  19.011  -29.452  53.738 0.0000000000
132632  18.471  -31.231  51.557 0.0000000000
46474  18.574  -32.091  50.628 0.0000000000
46463  18.581  -32.299  50.603 0.0000000000
64973  32.875  -11.763  34.972 0.0000000000
64049  35.547  -12.725  36.066 0.0000000000
64059  35.453  -12.635  35.642 0.0000000000
64965  34.623  -11.884  35.860 0.0000000000
47401  13.726  -29.861  59.773 0.0000000000
47402  13.311  -30.357  59.174 0.0000000000
116481  12.868  -30.250  59.954 0.0000000000
40315  6.436  -37.789  55.885 0.0000000000
39373  4.895  -38.911  56.548 0.0000000000
52707  32.261  -25.817  48.921 0.0000000000
52713  32.183  -25.818  48.050 0.0000000000
51914  31.078  -26.413  47.843 0.0000000000
51105  31.406  -26.798  48.256 0.0000000000
51073  23.118  -26.612  50.578 0.0000000000
51082  24.006  -26.767  49.856 0.0000000000
51095  24.116  -26.948  48.882 0.0000000000
51094  24.376  -27.524  48.013 0.0000000000
51915  23.199  -26.766  46.743 0.0000000000
56097  26.687  -20.968  44.269 0.0000000000
56098  26.671  -20.986  43.215 0.0000000000
55176  26.213  -22.650  42.109 0.0000000000
69940  44.289  -5.585  30.397 0.0000000000
134041  45.907  -5.320  27.647 0.0000000000
69994  44.477  -4.954  26.978 0.0000000000
61462  34.210  -14.317  36.728 0.0000000000
61453  32.933  -15.293  37.014 0.0000000000
60638  32.080  -15.526  36.830 0.0000000000
59800  30.086  -14.828  39.305 0.0000000000
134640  30.068  -15.518  38.474 0.0000000000
122890  29.268  -16.508  36.525 0.0000000000
62269  35.362  -13.063  39.984 0.0000000000
63071  36.038  -12.912  40.191 0.0000000000
63077  35.916  -13.112  39.246 0.0000000000
62277  35.662  -13.126  38.221 0.0000000000
62284  35.711  -12.798  37.433 0.0000000000
62285  35.351  -13.125  37.292 0.0000000000
44639  11.411  -34.236  50.253 0.0000000000
49327  24.969  -27.750  57.401 0.0000000000
49340  24.010  -27.268  56.317 0.0000000000
50235  19.805  -27.863  53.387 0.0000000000
50234  20.562  -27.206  53.724 0.0000000000
117444  20.662  -27.135  53.088 0.0000000000
50245  21.876  -26.774  52.570 0.0000000000
51075  20.504  -26.729  51.397 0.0000000000
50277  19.062  -28.069  49.385 0.0000000000
49409  18.678  -28.870  48.976 0.0000000000
51952  27.187  -26.933  42.769 0.0000000000
69087  39.543  -6.190  34.013 0.0000000000
69095  39.814  -6.146  33.405 0.0000000000
69104  39.698  -6.114  32.924 0.0000000000
69132  38.666  -5.713  30.744 0.0000000000
69141  38.690  -5.774  29.750 0.0000000000
69956  40.069  -5.369  29.472 0.0000000000
69972  40.566  -5.436  28.738 0.0000000000
46413  18.500  -30.857  56.016 0.0000000000
45424  18.250  -31.185  56.279 0.0000000000
127847  18.070  -31.342  56.382 0.0000000000
47458  19.630  -29.660  56.644 0.0000000000
47441  19.306  -30.128  56.807 0.0000000000
46412  18.821  -30.432  56.315 0.0000000000
68305  38.314  -7.323  36.646 0.0000000000
68308  37.449  -7.284  35.231 0.0000000000
45440  16.635  -31.273  55.076 0.0000000000
45458  16.141  -31.303  53.910 0.0000000000
45441  16.142  -31.107  54.906 0.0000000000
45460  15.569  -30.929  54.611 0.0000000000
46425  14.626  -30.628  54.353 0.0000000000
46416  12.224  -31.156  55.490 0.0000000000
46428  11.358  -32.055  54.450 0.0000000000
46438  11.453  -32.273  53.726 0.0000000000
45481  11.245  -32.913  53.215 0.0000000000
44583  10.627  -33.887  53.517 0.0000000000
113862  10.004  -34.678  53.335 0.0000000000
45385  9.964  -33.677  59.476 0.0000000000
44485  9.638  -34.328  58.919 0.0000000000
42113  8.369  -36.464  56.121 0.0000000000
133245  8.901  -35.591  56.561 0.0000000000
133297  8.676  -36.040  55.357 0.0000000000
57998  28.649  -19.501  46.304 0.0000000000
54278  30.615  -24.574  49.015 0.0000000000
54279  29.875  -23.866  48.654 0.0000000000
53518  27.909  -24.715  46.335 0.0000000000
50318  28.580  -27.504  46.564 0.0000000000
122412  28.170  -27.647  45.791 0.0000000000
125401  27.860  -30.097  43.708 0.0000000000
47457  28.541  -28.302  55.063 0.0000000000
48419  27.597  -28.045  54.098 0.0000000000
118637  28.458  -28.406  53.570 0.0000000000
48474  26.341  -29.247  50.535 0.0000000000
48473  26.920  -30.012  50.855 0.0000000000
47540  28.442  -30.647  51.206 0.0000000000
47539  28.932  -30.536  50.906 0.0000000000
47538  29.106  -29.888  51.284 0.0000000000
47550  28.971  -29.417  50.646 0.0000000000
48486  28.683  -28.936  49.991 0.0000000000
48506  28.431  -29.241  48.992 0.0000000000
131796  28.160  -30.275  48.001 0.0000000000
50320  25.116  -29.008  45.548 0.0000000000
134610  25.711  -29.750  45.787 0.0000000000
49458  25.596  -29.736  44.937 0.0000000000
49457  26.155  -30.341  44.529 0.0000000000
48561  25.499  -30.558  43.073 0.0000000000
131749  30.497  -16.298  43.782 0.0000000000
59765  30.090  -16.251  43.112 0.0000000000
58896  28.336  -17.053  42.450 0.0000000000
58904  28.109  -17.128  41.794 0.0000000000
57051  26.358  -20.372  40.711 0.0000000000
58073  26.471  -19.602  40.456 0.0000000000
57061  26.293  -20.390  39.925 0.0000000000
70811  46.073  -4.636  26.212 0.0000000000
70810  46.593  -4.572  25.973 0.0000000000
61429  33.963  -13.643  39.089 0.0000000000
117336  33.595  -14.107  38.809 0.0000000000
60596  31.965  -14.385  39.686 0.0000000000
133788  28.305  -15.753  39.355 0.0000000000
63055  36.252  -12.378  41.920 0.0000000000
125814  35.452  -12.907  40.842 0.0000000000
44656  15.969  -33.592  49.110 0.0000000000
45550  15.288  -33.094  49.579 0.0000000000
128620  14.623  -32.482  50.134 0.0000000000
45517  13.842  -31.984  50.781 0.0000000000
49343  20.852  -27.928  56.230 0.0000000000
49342  22.162  -27.394  56.431 0.0000000000
128293  19.333  -28.710  53.625 0.0000000000
49374  19.147  -28.653  52.852 0.0000000000
48475  18.547  -30.310  50.371 0.0000000000
46489  18.470  -33.000  49.555 0.0000000000
69122  37.023  -6.399  32.019 0.0000000000
69121  37.774  -6.127  31.865 0.0000000000
69134  37.116  -6.221  31.225 0.0000000000
45380  19.436  -30.155  58.079 0.0000000000
132739  19.599  -29.983  58.747 0.0000000000
64948  37.040  -11.237  37.673 0.0000000000
133460  37.067  -10.694  37.509 0.0000000000
64957  35.916  -11.872  36.585 0.0000000000
65826  36.578  -10.980  37.039 0.0000000000
66686  36.850  -9.780  36.933 0.0000000000
66697  36.533  -9.306  36.373 0.0000000000
67531  36.268  -8.759  35.708 0.0000000000
66707  35.019  -9.518  35.257 0.0000000000
64971  34.427  -10.741  35.501 0.0000000000
66708  34.336  -9.688  34.959 0.0000000000
129235  33.710  -9.529  34.282 0.0000000000
45415  15.676  -30.477  56.887 0.0000000000
46394  15.177  -30.391  56.485 0.0000000000
46395  14.169  -30.280  56.860 0.0000000000
47442  13.296  -30.838  56.521 0.0000000000
47412  13.044  -30.706  58.341 0.0000000000
47424  13.117  -30.825  57.394 0.0000000000
45430  10.589  -33.084  56.530 0.0000000000
42102  8.124  -36.223  57.287 0.0000000000
41218  8.061  -36.677  56.575 0.0000000000
117287  8.095  -37.016  55.982 0.0000000000
41242  7.548  -38.160  54.218 0.0000000000
53511  29.470  -25.457  47.848 0.0000000000
127310  30.190  -26.467  47.769 0.0000000000
51115  29.499  -26.903  47.314 0.0000000000
49373  25.571  -26.973  52.241 0.0000000000
49372  26.270  -27.396  52.516 0.0000000000
49383  26.287  -27.840  51.534 0.0000000000
48458  26.427  -28.635  50.971 0.0000000000
50264  25.245  -27.505  50.364 0.0000000000
125805  25.774  -28.064  50.333 0.0000000000
48490  26.117  -29.531  49.871 0.0000000000
48509  26.444  -30.195  49.299 0.0000000000
48508  26.861  -30.479  48.489 0.0000000000
49421  26.050  -30.056  48.436 0.0000000000
49434  25.326  -29.224  47.225 0.0000000000
122941  24.537  -28.043  47.241 0.0000000000
50299  24.894  -28.622  46.540 0.0000000000
50321  24.471  -28.504  45.037 0.0000000000
58888  27.653  -18.339  42.841 0.0000000000
122063  27.307  -19.109  42.686 0.0000000000
58047  26.930  -19.561  42.317 0.0000000000
57041  26.557  -20.139  41.951 0.0000000000
56106  26.540  -20.981  42.285 0.0000000000
56124  26.194  -21.094  40.380 0.0000000000
70004  45.864  -4.892  26.711 0.0000000000
133689  44.003  -4.863  24.465 0.0000000000
63119  32.972  -13.667  35.230 0.0000000000
62313  32.522  -14.250  35.408 0.0000000000
61472  32.116  -14.836  35.665 0.0000000000
113899  33.149  -14.617  38.495 0.0000000000
60623  32.190  -15.382  37.601 0.0000000000
60640  30.231  -15.804  35.906 0.0000000000
63075  37.188  -12.556  40.128 0.0000000000
64032  36.673  -12.243  37.756 0.0000000000
64039  35.853  -12.616  36.546 0.0000000000
62293  35.176  -13.056  36.946 0.0000000000
63099  35.043  -13.118  36.102 0.0000000000
63105  35.548  -12.806  36.146 0.0000000000
63117  34.380  -13.317  35.793 0.0000000000
111771  28.472  -28.484  58.028 0.0000000000
48390  27.760  -28.173  57.019 0.0000000000
123145  26.954  -27.641  56.085 0.0000000000
48392  25.968  -27.539  56.582 0.0000000000
48407  26.577  -27.512  55.636 0.0000000000
50216  22.758  -27.020  55.653 0.0000000000
50221  23.215  -26.686  54.665 0.0000000000
126083  24.408  -26.581  54.061 0.0000000000
49364  25.394  -26.733  53.142 0.0000000000
122918  24.137  -26.581  52.018 0.0000000000
50256  23.701  -26.702  51.419 0.0000000000
51066  22.527  -26.647  51.606 0.0000000000
130912  22.351  -26.355  50.008 0.0000000000
113408  22.220  -26.311  49.145 0.0000000000
51905  21.116  -26.312  47.971 0.0000000000
48492  18.538  -30.472  49.235 0.0000000000
53532  26.441  -24.336  43.564 0.0000000000
118830  42.288  -5.635  32.618 0.0000000000
69119  39.526  -5.605  31.363 0.0000000000
69118  40.153  -5.679  31.907 0.0000000000
122647  40.451  -5.752  32.467 0.0000000000
69117  41.443  -5.571  32.288 0.0000000000
69116  42.366  -5.597  32.195 0.0000000000
130076  42.748  -5.598  31.611 0.0000000000
69129  42.671  -5.556  30.888 0.0000000000
69954  42.025  -5.336  29.748 0.0000000000
112862  42.591  -5.347  30.017 0.0000000000
69970  42.840  -5.174  28.487 0.0000000000
111524  42.892  -5.012  27.565 0.0000000000
69996  42.109  -5.333  27.078 0.0000000000
125722  17.505  -31.406  52.768 0.0000000000
44566  17.154  -31.458  54.228 0.0000000000
44567  17.133  -31.433  54.716 0.0000000000
45457  17.395  -31.414  55.357 0.0000000000
45439  17.083  -31.390  55.192 0.0000000000
45414  16.275  -30.690  56.601 0.0000000000
126568  18.469  -30.471  57.882 0.0000000000
45396  18.007  -30.904  57.258 0.0000000000
115384  17.361  -30.832  57.338 0.0000000000
113779  17.498  -29.758  59.693 0.0000000000
111329  17.110  -30.525  58.084 0.0000000000
111412  17.042  -30.969  56.894 0.0000000000
45397  16.461  -30.647  57.177 0.0000000000
130092  15.960  -30.489  57.216 0.0000000000
46380  15.343  -30.260  57.660 0.0000000000
114328  15.044  -30.006  58.515 0.0000000000
47385  15.052  -29.337  60.279 0.0000000000
47386  14.005  -29.456  60.392 0.0000000000
47393  29.519  -28.602  58.677 0.0000000000
111621  28.887  -28.582  58.702 0.0000000000
127623  27.493  -28.494  58.724 0.0000000000
130623  25.868  -28.159  58.455 0.0000000000
48361  25.314  -28.616  59.125 0.0000000000
49318  24.160  -27.881  58.010 0.0000000000
49319  23.403  -27.699  57.679 0.0000000000
49320  22.347  -27.905  57.745 0.0000000000
49330  21.371  -28.003  57.061 0.0000000000
118855  18.965  -29.888  55.180 0.0000000000
47478  18.590  -30.343  53.811 0.0000000000
46435  18.302  -30.748  53.284 0.0000000000
63131  32.167  -13.300  34.813 0.0000000000
69903  40.111  -5.297  36.450 0.0000000000
69083  39.165  -6.430  36.287 0.0000000000
69084  39.211  -6.239  35.384 0.0000000000
68310  38.281  -6.584  33.916 0.0000000000
68318  37.359  -6.683  33.228 0.0000000000
67537  35.930  -7.734  34.211 0.0000000000
68312  36.642  -7.388  34.253 0.0000000000
68319  36.829  -6.693  32.739 0.0000000000
117595  36.399  -6.724  32.128 0.0000000000
129824  16.586  -31.735  52.026 0.0000000000
45495  15.887  -31.482  52.058 0.0000000000
113637  15.154  -31.373  51.011 0.0000000000
47479  12.991  -30.919  55.023 0.0000000000
46426  13.263  -30.716  54.207 0.0000000000
112337  12.783  -32.120  50.885 0.0000000000
45519  11.593  -33.474  50.813 0.0000000000
44619  11.177  -34.286  51.170 0.0000000000
45416  10.540  -32.862  57.157 0.0000000000
125239  9.551  -34.743  59.100 0.0000000000
43695  9.315  -34.706  58.250 0.0000000000
118133  9.379  -34.754  57.397 0.0000000000
42929  9.189  -35.262  56.939 0.0000000000
44534  9.976  -33.712  56.352 0.0000000000
44550  10.195  -33.687  55.529 0.0000000000
43731  9.774  -34.357  54.163 0.0000000000
43744  10.059  -35.539  52.975 0.0000000000
42954  9.696  -36.318  53.433 0.0000000000
39357  4.040  -38.829  57.365 0.0000000000
38433  3.395  -39.930  56.407 0.0000000000
125304  2.876  -40.555  55.988 0.0000000000
61385  32.543  -14.864  43.460 0.0000000000
58879  29.536  -16.989  44.481 0.0000000000
124532  27.018  -20.454  44.502 0.0000000000
133962  26.515  -22.092  44.413 0.0000000000
118438  26.576  -22.705  44.844 0.0000000000
55139  28.065  -21.590  46.819 0.0000000000
53531  26.707  -24.712  44.209 0.0000000000
52743  26.937  -25.759  44.083 0.0000000000
51936  27.814  -26.987  45.314 0.0000000000
51139  27.671  -27.488  44.640 0.0000000000
115468  27.988  -28.456  42.649 0.0000000000
49493  28.311  -29.752  42.270 0.0000000000
113616  31.567  -27.183  49.968 0.0000000000
47420  29.431  -28.476  57.156 0.0000000000
47437  30.015  -28.540  56.187 0.0000000000
47455  30.207  -28.672  55.228 0.0000000000
47456  29.638  -28.601  54.899 0.0000000000
47454  30.868  -28.851  54.838 0.0000000000
114778  31.086  -29.695  54.175 0.0000000000
48428  28.527  -28.630  52.813 0.0000000000
113708  28.035  -29.788  52.094 0.0000000000
47511  28.796  -29.108  52.242 0.0000000000
115593  29.514  -28.855  52.491 0.0000000000
47509  29.931  -28.836  52.468 0.0000000000
111620  30.575  -28.792  53.125 0.0000000000
47491  31.036  -29.001  53.440 0.0000000000
47507  30.796  -29.144  52.850 0.0000000000
48471  30.234  -28.891  52.013 0.0000000000
48470  30.644  -28.632  51.999 0.0000000000
49395  30.944  -28.093  51.434 0.0000000000
49419  31.234  -27.361  50.053 0.0000000000
50286  31.024  -27.227  49.443 0.0000000000
49431  30.241  -27.604  49.211 0.0000000000
49432  29.439  -27.957  48.595 0.0000000000
48518  28.951  -28.372  48.923 0.0000000000
48532  28.088  -29.179  46.115 0.0000000000
48533  27.720  -30.170  46.290 0.0000000000
48542  27.956  -29.721  45.599 0.0000000000
48575  26.340  -31.013  42.830 0.0000000000
60580  31.040  -15.124  41.816 0.0000000000
59780  29.928  -15.444  41.812 0.0000000000
59791  28.512  -15.161  40.223 0.0000000000
128885  27.652  -17.875  41.661 0.0000000000
58906  27.085  -17.977  40.511 0.0000000000
59792  27.837  -16.491  39.044 0.0000000000
70015  43.207  -4.822  25.584 0.0000000000
69171  42.331  -5.578  24.666 0.0000000000
44600  16.246  -31.517  52.533 0.0000000000
45428  16.501  -30.858  56.035 0.0000000000
47405  30.161  -28.607  58.194 0.0000000000
47492  30.915  -29.007  53.646 0.0000000000
48440  30.971  -29.040  52.954 0.0000000000
48455  30.115  -29.011  52.101 0.0000000000
48485  29.770  -28.595  50.966 0.0000000000
49396  26.015  -28.269  50.819 0.0000000000
50259  19.572  -27.525  51.840 0.0000000000
50274  31.726  -27.024  50.384 0.0000000000
64959  35.652  -12.489  36.000 0.0000000000
69092  42.466  -5.678  32.849 0.0000000000
69093  41.698  -5.652  32.908 0.0000000000
125877  17.066  -31.777  52.130 0.0000000000
127451  32.316  -26.960  49.176 0.0000000000
127786  16.854  -30.683  57.460 0.0000000000
128149  30.636  -27.091  48.923 0.0000000000
130198  16.336  -31.273  54.534 0.0000000000
131563  18.941  -30.380  57.893 0.0000000000
131863  27.410  -20.952  45.749 0.0000000000
133222  30.150  -28.697  54.784 0.0000000000
