#!ascii label  , from subject bert vox2ras=TkReg
1792
57087  49.042  -21.121  37.350 0.0000000000
42965  34.722  -36.419  51.309 0.0000000000
35007  20.610  -44.574  53.497 0.0000000000
38443  14.372  -41.686  57.049 0.0000000000
111503  28.593  -38.734  58.075 0.0000000000
41312  24.633  -38.341  49.096 0.0000000000
55215  42.574  -22.586  38.472 0.0000000000
63127  47.994  -13.519  34.612 0.0000000000
55132  41.396  -22.329  46.950 0.0000000000
131644  36.359  -32.294  43.484 0.0000000000
42273  28.767  -36.671  40.821 0.0000000000
34952  21.511  -44.110  58.740 0.0000000000
36761  17.450  -43.043  54.779 0.0000000000
35848  18.116  -43.536  61.013 0.0000000000
38440  24.506  -41.677  56.860 0.0000000000
57974  44.573  -18.830  46.990 0.0000000000
43698  37.538  -35.214  57.181 0.0000000000
45486  39.663  -33.408  52.775 0.0000000000
48500  39.603  -30.527  48.990 0.0000000000
44683  36.392  -34.071  46.859 0.0000000000
43835  32.227  -35.067  41.614 0.0000000000
42220  32.003  -36.715  46.142 0.0000000000
37678  21.325  -42.890  46.715 0.0000000000
113057  21.367  -40.007  43.639 0.0000000000
60634  46.864  -16.878  36.509 0.0000000000
58984  42.303  -18.305  33.238 0.0000000000
117155  19.004  -44.442  48.156 0.0000000000
127489  15.222  -43.928  49.247 0.0000000000
130888  33.008  -38.393  55.242 0.0000000000
41286  30.079  -38.463  50.233 0.0000000000
40342  27.345  -38.696  54.442 0.0000000000
38487  22.651  -41.824  51.555 0.0000000000
56140  46.732  -21.965  38.692 0.0000000000
38337  16.604  -40.136  63.574 0.0000000000
36704  11.671  -42.994  60.775 0.0000000000
62274  49.164  -14.241  39.813 0.0000000000
58890  49.051  -18.310  40.988 0.0000000000
58039  45.285  -19.046  41.896 0.0000000000
131933  40.813  -20.638  42.700 0.0000000000
54315  37.569  -23.646  42.133 0.0000000000
52694  43.457  -25.197  50.339 0.0000000000
51928  38.221  -26.951  45.788 0.0000000000
50376  34.936  -28.283  40.463 0.0000000000
46657  32.651  -32.342  36.910 0.0000000000
118191  27.277  -37.375  45.145 0.0000000000
35843  21.833  -43.122  61.457 0.0000000000
34954  20.191  -44.529  59.741 0.0000000000
36680  20.017  -42.907  61.780 0.0000000000
37530  23.747  -41.958  59.595 0.0000000000
42944  36.398  -36.492  54.691 0.0000000000
114797  37.320  -35.129  52.016 0.0000000000
44645  37.819  -34.260  49.892 0.0000000000
42994  35.056  -35.752  49.395 0.0000000000
43805  34.161  -35.572  46.566 0.0000000000
119505  33.050  -36.883  49.223 0.0000000000
35137  19.300  -45.305  44.373 0.0000000000
36093  20.291  -44.683  43.837 0.0000000000
58111  47.899  -19.403  36.719 0.0000000000
58123  45.708  -19.436  35.598 0.0000000000
56166  46.031  -21.847  36.350 0.0000000000
35963  19.884  -44.558  50.606 0.0000000000
36841  16.906  -43.846  48.442 0.0000000000
36814  17.669  -43.452  50.677 0.0000000000
114033  15.553  -41.955  55.926 0.0000000000
37618  14.138  -42.709  52.700 0.0000000000
36763  13.134  -43.026  54.137 0.0000000000
35896  12.112  -43.949  55.902 0.0000000000
42085  33.990  -37.206  58.529 0.0000000000
40291  31.431  -38.558  56.910 0.0000000000
40340  30.213  -38.732  54.851 0.0000000000
40305  28.060  -38.645  56.760 0.0000000000
36760  22.345  -43.782  54.884 0.0000000000
38460  23.580  -41.885  54.543 0.0000000000
36782  21.788  -43.644  52.498 0.0000000000
133138  20.976  -44.364  49.641 0.0000000000
127631  44.720  -22.354  38.648 0.0000000000
116087  45.479  -24.768  40.096 0.0000000000
126932  43.713  -24.266  39.939 0.0000000000
36695  10.731  -43.838  61.903 0.0000000000
58050  48.148  -19.157  41.864 0.0000000000
58012  47.318  -19.045  44.198 0.0000000000
56058  43.049  -20.780  47.326 0.0000000000
58005  43.196  -19.589  45.455 0.0000000000
56083  41.084  -20.843  44.904 0.0000000000
55170  39.150  -22.058  42.710 0.0000000000
55143  39.576  -22.742  45.266 0.0000000000
47590  37.920  -31.307  45.745 0.0000000000
50293  38.791  -28.635  47.390 0.0000000000
49467  37.447  -29.381  44.918 0.0000000000
51154  36.362  -27.781  42.971 0.0000000000
48594  35.450  -30.250  41.437 0.0000000000
48618  33.694  -30.688  38.027 0.0000000000
130978  34.840  -32.063  40.379 0.0000000000
44772  30.727  -34.722  38.538 0.0000000000
41288  27.687  -38.020  50.099 0.0000000000
41321  28.408  -37.762  47.762 0.0000000000
111632  26.106  -38.040  47.011 0.0000000000
41391  22.059  -38.184  41.582 0.0000000000
61509  48.911  -15.399  31.414 0.0000000000
62351  46.846  -14.662  31.913 0.0000000000
34993  20.984  -44.491  56.151 0.0000000000
35919  18.675  -44.119  54.592 0.0000000000
129729  19.456  -44.607  56.950 0.0000000000
35876  17.923  -43.772  58.563 0.0000000000
37550  16.765  -42.614  59.108 0.0000000000
123656  26.999  -39.651  58.883 0.0000000000
39366  26.203  -40.418  57.669 0.0000000000
38398  25.143  -41.063  58.437 0.0000000000
36733  23.289  -43.143  57.681 0.0000000000
59728  46.201  -17.265  46.510 0.0000000000
56047  43.323  -21.465  48.524 0.0000000000
46466  39.656  -32.638  50.694 0.0000000000
45577  37.850  -33.067  47.967 0.0000000000
117671  36.426  -33.111  44.723 0.0000000000
45655  35.096  -33.392  42.744 0.0000000000
43814  34.231  -34.603  44.134 0.0000000000
43039  32.177  -36.297  43.956 0.0000000000
117335  30.434  -37.399  43.163 0.0000000000
124647  22.217  -40.590  48.098 0.0000000000
40433  23.031  -38.781  46.263 0.0000000000
38548  21.146  -41.504  45.203 0.0000000000
61459  46.080  -15.066  35.554 0.0000000000
61485  45.433  -15.504  33.441 0.0000000000
59851  45.011  -17.520  34.425 0.0000000000
37631  16.265  -42.647  51.692 0.0000000000
42105  35.613  -37.172  56.335 0.0000000000
41244  33.864  -37.650  53.636 0.0000000000
41283  32.185  -37.647  50.571 0.0000000000
40354  31.430  -38.534  53.427 0.0000000000
129530  28.590  -38.554  52.351 0.0000000000
41276  26.202  -38.670  52.058 0.0000000000
39391  25.445  -40.276  55.876 0.0000000000
40361  24.423  -39.964  53.569 0.0000000000
40396  23.590  -39.785  50.651 0.0000000000
37657  21.841  -43.056  48.788 0.0000000000
132220  19.972  -44.490  47.135 0.0000000000
56138  48.934  -22.191  38.468 0.0000000000
54372  48.115  -23.357  37.411 0.0000000000
53563  47.555  -24.524  38.984 0.0000000000
37512  17.227  -42.273  62.520 0.0000000000
39322  14.871  -40.760  60.758 0.0000000000
39297  13.744  -40.324  62.651 0.0000000000
38406  12.959  -41.673  58.748 0.0000000000
63093  47.444  -13.182  37.606 0.0000000000
60618  47.769  -16.398  37.666 0.0000000000
58927  49.055  -18.578  38.078 0.0000000000
58087  49.717  -19.807  38.475 0.0000000000
131357  48.569  -20.200  39.284 0.0000000000
58079  46.304  -19.611  39.336 0.0000000000
58081  43.714  -19.857  39.376 0.0000000000
58014  45.445  -18.903  44.940 0.0000000000
58041  43.436  -19.239  42.598 0.0000000000
57045  41.522  -20.367  40.748 0.0000000000
56119  39.641  -21.492  40.194 0.0000000000
54330  37.275  -23.072  40.321 0.0000000000
53499  42.118  -23.917  48.383 0.0000000000
51078  41.397  -27.784  50.060 0.0000000000
51909  40.024  -26.249  48.361 0.0000000000
53505  39.977  -24.124  47.046 0.0000000000
53521  37.891  -25.045  43.914 0.0000000000
51962  36.009  -26.186  41.773 0.0000000000
45690  32.916  -33.472  39.543 0.0000000000
41306  31.065  -37.576  48.221 0.0000000000
124740  29.603  -37.628  45.196 0.0000000000
41375  27.764  -37.009  43.000 0.0000000000
41357  23.789  -38.019  44.827 0.0000000000
42245  25.080  -37.020  42.606 0.0000000000
36690  21.563  -42.866  61.768 0.0000000000
37500  21.816  -42.367  62.260 0.0000000000
42958  35.440  -36.402  52.714 0.0000000000
42956  36.731  -35.674  53.364 0.0000000000
42963  35.959  -35.833  52.281 0.0000000000
43770  36.362  -35.289  50.729 0.0000000000
42982  35.072  -36.047  50.050 0.0000000000
42995  34.294  -36.033  48.894 0.0000000000
42179  33.951  -36.760  50.150 0.0000000000
57088  48.290  -20.380  36.817 0.0000000000
57089  47.278  -20.778  36.396 0.0000000000
56165  47.789  -21.667  36.649 0.0000000000
35016  20.156  -44.703  51.953 0.0000000000
131529  18.827  -44.242  50.500 0.0000000000
35939  18.910  -44.166  52.554 0.0000000000
37566  15.560  -41.820  56.860 0.0000000000
113611  14.180  -42.138  54.911 0.0000000000
37582  13.715  -42.197  55.725 0.0000000000
124107  12.421  -43.560  55.242 0.0000000000
37569  12.952  -42.503  56.350 0.0000000000
41167  29.209  -38.193  59.422 0.0000000000
40248  30.424  -38.337  59.045 0.0000000000
40265  31.753  -38.286  58.703 0.0000000000
39346  29.944  -38.592  57.706 0.0000000000
39378  29.749  -38.506  56.645 0.0000000000
39363  28.661  -38.602  57.352 0.0000000000
35917  21.848  -44.280  54.752 0.0000000000
36771  22.276  -43.612  54.035 0.0000000000
35014  21.063  -44.509  53.245 0.0000000000
35937  20.683  -44.597  51.855 0.0000000000
56143  43.055  -21.910  38.393 0.0000000000
116734  44.371  -23.016  38.859 0.0000000000
54351  43.006  -23.271  38.796 0.0000000000
131744  47.603  -16.699  44.180 0.0000000000
58866  48.140  -18.320  43.897 0.0000000000
118455  47.129  -17.158  45.279 0.0000000000
56059  42.500  -21.220  47.146 0.0000000000
56070  42.234  -20.870  46.293 0.0000000000
55141  41.037  -21.940  46.164 0.0000000000
55152  39.819  -21.935  44.979 0.0000000000
55133  40.644  -22.675  46.481 0.0000000000
47603  37.407  -31.621  44.647 0.0000000000
48540  37.845  -30.978  45.060 0.0000000000
48571  36.855  -30.581  43.714 0.0000000000
49479  36.626  -29.679  43.424 0.0000000000
48581  36.248  -30.994  42.703 0.0000000000
48605  35.402  -31.142  41.169 0.0000000000
47664  35.443  -31.797  41.385 0.0000000000
41301  26.185  -37.873  49.692 0.0000000000
111634  26.696  -37.755  48.313 0.0000000000
114102  24.840  -38.036  48.218 0.0000000000
62328  48.284  -14.132  33.258 0.0000000000
124464  47.260  -14.106  33.301 0.0000000000
35885  21.508  -44.301  57.369 0.0000000000
34984  19.937  -44.561  56.688 0.0000000000
34975  20.373  -44.625  57.733 0.0000000000
35855  19.218  -44.429  60.899 0.0000000000
34956  18.971  -44.505  59.236 0.0000000000
35867  17.778  -43.808  59.427 0.0000000000
36727  17.141  -43.179  58.710 0.0000000000
35858  17.192  -43.673  59.996 0.0000000000
127751  26.424  -39.285  59.390 0.0000000000
39331  25.948  -40.408  58.442 0.0000000000
39332  25.473  -40.541  58.876 0.0000000000
36713  22.774  -43.292  58.987 0.0000000000
37542  23.497  -42.736  58.698 0.0000000000
35883  22.519  -43.564  58.006 0.0000000000
127797  22.096  -44.142  57.040 0.0000000000
44573  38.815  -34.308  53.581 0.0000000000
45447  40.262  -33.012  54.263 0.0000000000
46441  40.528  -32.364  52.921 0.0000000000
47518  40.806  -31.469  51.802 0.0000000000
46454  39.953  -32.761  51.484 0.0000000000
44663  37.252  -34.179  48.667 0.0000000000
45557  38.115  -33.365  48.854 0.0000000000
45579  36.878  -33.622  47.074 0.0000000000
45606  37.024  -32.840  45.803 0.0000000000
44692  36.227  -33.854  45.892 0.0000000000
114619  35.459  -33.906  44.747 0.0000000000
114483  35.597  -34.200  45.518 0.0000000000
43020  32.739  -36.420  46.591 0.0000000000
43032  33.093  -35.763  45.196 0.0000000000
42228  31.682  -36.761  44.318 0.0000000000
42234  31.036  -37.159  43.331 0.0000000000
42229  31.119  -37.238  44.652 0.0000000000
38528  21.491  -42.088  47.300 0.0000000000
39466  21.589  -41.148  46.839 0.0000000000
37685  21.093  -42.137  45.943 0.0000000000
61467  46.080  -15.933  35.619 0.0000000000
60646  45.650  -16.465  35.028 0.0000000000
59850  45.611  -17.298  35.035 0.0000000000
58125  44.049  -19.751  35.055 0.0000000000
36027  18.574  -44.555  46.704 0.0000000000
36028  17.040  -45.165  46.415 0.0000000000
35920  18.135  -43.563  54.788 0.0000000000
122799  18.010  -43.617  53.233 0.0000000000
37591  17.137  -42.696  53.910 0.0000000000
36786  13.433  -43.755  52.618 0.0000000000
36800  14.296  -43.450  51.508 0.0000000000
126762  33.588  -38.090  57.017 0.0000000000
41201  34.556  -37.529  57.136 0.0000000000
41222  34.268  -37.894  55.477 0.0000000000
41232  34.800  -37.482  54.963 0.0000000000
41234  33.526  -37.987  54.344 0.0000000000
41245  33.033  -38.090  53.531 0.0000000000
40337  31.760  -38.558  54.099 0.0000000000
40341  29.002  -38.645  54.582 0.0000000000
40356  30.111  -38.644  53.658 0.0000000000
40372  28.456  -38.662  53.186 0.0000000000
118818  27.234  -38.367  51.983 0.0000000000
41261  26.878  -38.579  52.818 0.0000000000
39367  25.649  -40.824  57.503 0.0000000000
39381  26.198  -40.361  57.119 0.0000000000
38451  24.928  -41.102  56.400 0.0000000000
37613  22.721  -42.210  52.984 0.0000000000
39410  24.004  -40.816  53.625 0.0000000000
39418  23.385  -40.654  52.443 0.0000000000
39427  23.877  -39.900  52.154 0.0000000000
38496  22.856  -41.141  51.267 0.0000000000
38504  22.374  -41.803  49.735 0.0000000000
37639  22.211  -42.514  50.226 0.0000000000
116236  19.944  -44.577  49.342 0.0000000000
35993  20.432  -44.478  48.753 0.0000000000
36011  19.647  -44.511  47.622 0.0000000000
56139  47.889  -22.027  38.737 0.0000000000
54336  48.551  -23.213  38.457 0.0000000000
55197  47.357  -23.537  39.143 0.0000000000
132831  45.771  -25.024  40.030 0.0000000000
38336  17.269  -41.050  63.503 0.0000000000
38373  16.080  -41.371  61.779 0.0000000000
39295  15.329  -40.719  62.115 0.0000000000
37513  12.170  -41.695  61.995 0.0000000000
38375  12.492  -41.513  61.181 0.0000000000
38394  12.886  -41.382  60.341 0.0000000000
37545  12.466  -42.000  59.540 0.0000000000
36728  11.994  -43.073  58.407 0.0000000000
36716  11.635  -43.644  59.020 0.0000000000
64042  48.742  -11.665  37.235 0.0000000000
62281  48.583  -14.065  39.055 0.0000000000
61437  48.717  -15.084  39.294 0.0000000000
60617  48.367  -16.758  38.114 0.0000000000
60604  48.838  -16.791  38.827 0.0000000000
59777  49.157  -17.544  40.643 0.0000000000
59785  49.676  -18.686  39.393 0.0000000000
123045  49.652  -19.084  39.765 0.0000000000
58076  49.267  -20.090  39.332 0.0000000000
58063  49.091  -19.513  40.258 0.0000000000
58038  46.964  -19.230  42.450 0.0000000000
58900  46.544  -19.107  40.662 0.0000000000
58051  45.510  -19.040  40.924 0.0000000000
58067  44.439  -19.464  39.649 0.0000000000
58052  44.531  -19.139  41.218 0.0000000000
58848  45.311  -18.478  46.620 0.0000000000
58858  45.693  -18.613  45.896 0.0000000000
57992  44.946  -18.832  46.287 0.0000000000
57022  42.327  -19.740  43.877 0.0000000000
58027  43.316  -19.300  43.644 0.0000000000
58029  41.958  -20.019  43.041 0.0000000000
58055  42.144  -19.956  41.317 0.0000000000
57037  41.414  -20.319  41.741 0.0000000000
56110  40.211  -21.136  40.729 0.0000000000
56101  40.134  -21.200  41.778 0.0000000000
55162  38.662  -22.740  43.146 0.0000000000
55179  38.431  -22.452  41.513 0.0000000000
54323  37.342  -23.313  41.282 0.0000000000
54324  36.770  -23.731  40.712 0.0000000000
52702  42.626  -25.109  49.246 0.0000000000
121926  40.591  -30.058  49.951 0.0000000000
49401  41.511  -29.122  50.515 0.0000000000
49402  40.722  -29.323  49.958 0.0000000000
51112  38.577  -28.007  46.747 0.0000000000
51101  39.455  -27.732  48.191 0.0000000000
51919  39.085  -26.373  47.154 0.0000000000
52710  40.376  -25.371  48.069 0.0000000000
52716  39.135  -25.627  46.883 0.0000000000
53507  38.547  -24.886  45.489 0.0000000000
52723  38.193  -25.986  45.518 0.0000000000
51155  35.853  -27.749  42.167 0.0000000000
51947  36.157  -26.927  42.432 0.0000000000
51963  35.558  -26.755  41.023 0.0000000000
51988  35.106  -26.211  39.561 0.0000000000
51190  34.492  -27.525  39.297 0.0000000000
50395  34.060  -28.355  38.861 0.0000000000
47694  33.497  -31.430  37.567 0.0000000000
48626  33.368  -30.524  37.224 0.0000000000
44739  33.572  -34.033  41.890 0.0000000000
45677  33.807  -33.293  40.677 0.0000000000
44752  33.021  -33.780  40.461 0.0000000000
45711  30.909  -33.679  37.391 0.0000000000
41284  31.335  -37.993  50.328 0.0000000000
41295  31.721  -37.598  49.764 0.0000000000
41296  31.010  -38.071  49.663 0.0000000000
112680  27.511  -37.697  46.454 0.0000000000
41331  29.195  -37.710  46.769 0.0000000000
41341  28.601  -37.602  45.658 0.0000000000
41352  28.952  -37.514  44.234 0.0000000000
122246  27.528  -37.170  44.265 0.0000000000
40447  22.419  -39.219  45.047 0.0000000000
41346  23.481  -38.394  45.536 0.0000000000
40456  22.410  -38.866  44.266 0.0000000000
42263  22.697  -37.546  41.728 0.0000000000
43048  24.890  -36.484  41.028 0.0000000000
60663  44.251  -16.758  32.870 0.0000000000
60669  44.165  -16.312  32.084 0.0000000000
54374  46.148  -23.551  36.873 0.0000000000
35852  21.730  -43.667  60.183 0.0000000000
115581  20.667  -44.509  59.118 0.0000000000
35844  21.070  -43.695  60.888 0.0000000000
35845  20.262  -43.959  61.055 0.0000000000
35835  19.360  -43.532  61.624 0.0000000000
36701  22.608  -42.765  60.475 0.0000000000
42938  37.005  -36.005  55.658 0.0000000000
43711  38.229  -34.980  56.218 0.0000000000
43724  37.572  -35.498  54.692 0.0000000000
43748  37.885  -34.775  53.054 0.0000000000
44606  38.494  -34.306  51.932 0.0000000000
45504  38.981  -33.822  51.486 0.0000000000
44625  37.818  -34.460  50.684 0.0000000000
43778  36.561  -34.984  49.622 0.0000000000
43787  35.853  -34.844  48.209 0.0000000000
111225  35.007  -35.299  47.080 0.0000000000
43789  34.583  -35.635  48.033 0.0000000000
43009  33.420  -36.284  47.890 0.0000000000
127853  32.433  -36.704  47.673 0.0000000000
36076  19.638  -44.734  44.898 0.0000000000
36880  20.653  -43.633  44.792 0.0000000000
35136  19.893  -45.086  44.187 0.0000000000
58938  47.495  -18.425  36.643 0.0000000000
58951  45.919  -18.642  35.525 0.0000000000
58122  46.463  -19.248  35.924 0.0000000000
57090  46.189  -20.902  36.114 0.0000000000
112907  19.304  -44.543  49.146 0.0000000000
35995  17.912  -44.091  48.118 0.0000000000
130279  18.337  -43.882  49.520 0.0000000000
119618  17.661  -43.482  49.762 0.0000000000
115362  16.582  -43.142  50.219 0.0000000000
37579  16.525  -42.372  55.959 0.0000000000
124735  16.261  -42.243  53.803 0.0000000000
111541  14.719  -42.173  54.226 0.0000000000
37605  13.671  -42.762  53.381 0.0000000000
34996  12.121  -45.053  54.770 0.0000000000
40289  32.804  -38.293  57.527 0.0000000000
40301  32.174  -38.589  56.376 0.0000000000
40338  31.439  -38.614  54.619 0.0000000000
40302  30.908  -38.636  55.641 0.0000000000
118831  29.826  -38.621  55.484 0.0000000000
123059  28.122  -38.685  55.139 0.0000000000
37578  23.654  -42.294  55.949 0.0000000000
38453  23.726  -41.989  55.300 0.0000000000
36759  22.633  -43.089  54.522 0.0000000000
37601  22.521  -42.995  53.594 0.0000000000
111735  22.108  -43.066  51.737 0.0000000000
36795  21.870  -43.175  50.772 0.0000000000
36796  21.531  -43.774  51.400 0.0000000000
35962  20.468  -44.546  50.426 0.0000000000
56141  45.521  -21.954  38.574 0.0000000000
55198  46.517  -23.647  39.344 0.0000000000
117291  45.200  -22.984  39.053 0.0000000000
54340  44.397  -24.286  40.024 0.0000000000
37504  11.261  -42.577  63.231 0.0000000000
36699  11.283  -43.263  61.561 0.0000000000
35869  11.286  -44.163  59.699 0.0000000000
35860  10.853  -44.809  60.033 0.0000000000
125880  48.700  -17.776  42.276 0.0000000000
58049  48.677  -19.026  41.174 0.0000000000
58022  48.175  -19.246  42.993 0.0000000000
58023  47.744  -19.359  43.480 0.0000000000
112956  46.427  -19.123  43.401 0.0000000000
56991  43.704  -19.781  47.336 0.0000000000
57994  43.902  -19.408  46.419 0.0000000000
57005  43.347  -19.780  46.263 0.0000000000
57007  41.895  -20.493  45.407 0.0000000000
57017  40.895  -20.630  44.023 0.0000000000
56092  40.377  -21.038  42.756 0.0000000000
56084  40.272  -21.286  44.372 0.0000000000
55161  39.211  -22.261  43.664 0.0000000000
54306  38.333  -23.463  43.459 0.0000000000
48515  38.563  -30.887  47.295 0.0000000000
112746  39.475  -29.690  48.588 0.0000000000
49429  38.503  -30.007  46.949 0.0000000000
49441  38.097  -29.142  45.928 0.0000000000
50315  37.978  -28.382  45.640 0.0000000000
51135  37.460  -27.438  44.705 0.0000000000
50344  36.814  -28.884  43.832 0.0000000000
50355  35.966  -28.626  42.507 0.0000000000
49502  35.352  -29.196  41.309 0.0000000000
49521  34.320  -29.130  39.519 0.0000000000
48611  34.538  -30.724  39.598 0.0000000000
47683  34.314  -31.325  39.222 0.0000000000
46635  33.760  -32.405  38.926 0.0000000000
43847  31.557  -35.416  40.855 0.0000000000
44754  31.768  -34.776  40.189 0.0000000000
43864  30.578  -35.778  39.725 0.0000000000
43874  29.681  -35.686  38.653 0.0000000000
43889  29.070  -35.142  36.940 0.0000000000
41287  29.257  -38.470  50.295 0.0000000000
111639  29.344  -38.093  48.939 0.0000000000
111638  28.304  -37.999  48.981 0.0000000000
41322  27.514  -37.725  47.830 0.0000000000
128720  26.727  -37.774  46.515 0.0000000000
41371  21.884  -38.782  42.864 0.0000000000
40478  20.893  -39.906  41.170 0.0000000000
114832  49.897  -14.937  32.993 0.0000000000
62349  48.470  -14.798  31.849 0.0000000000
61521  46.375  -15.560  30.364 0.0000000000
35003  20.599  -44.554  54.488 0.0000000000
35918  19.268  -44.413  54.223 0.0000000000
34994  19.855  -44.521  55.923 0.0000000000
35906  18.805  -44.301  56.247 0.0000000000
35894  18.452  -43.991  56.626 0.0000000000
115325  19.806  -44.756  58.095 0.0000000000
34977  18.425  -44.180  57.261 0.0000000000
35895  17.978  -43.679  57.023 0.0000000000
128695  17.100  -42.735  57.027 0.0000000000
128977  16.644  -42.269  57.336 0.0000000000
37557  15.996  -41.730  57.732 0.0000000000
39329  28.064  -38.839  58.491 0.0000000000
39348  27.993  -38.809  57.758 0.0000000000
111369  26.520  -40.134  58.173 0.0000000000
38397  25.791  -40.670  58.016 0.0000000000
38425  24.631  -41.720  57.515 0.0000000000
128320  24.299  -41.694  58.924 0.0000000000
37549  24.306  -42.141  58.080 0.0000000000
37555  23.815  -42.627  57.437 0.0000000000
36740  22.824  -43.414  56.440 0.0000000000
35903  22.147  -44.115  55.591 0.0000000000
55216  41.603  -22.480  38.423 0.0000000000
112365  42.142  -23.272  38.632 0.0000000000
54352  41.003  -23.262  38.505 0.0000000000
60532  46.345  -16.556  46.119 0.0000000000
58832  44.294  -18.712  47.750 0.0000000000
56979  43.697  -19.956  47.889 0.0000000000
56052  43.158  -21.234  47.796 0.0000000000
56053  42.684  -21.715  47.681 0.0000000000
47531  40.808  -31.066  51.155 0.0000000000
47547  39.576  -31.760  49.507 0.0000000000
45540  39.103  -33.244  50.174 0.0000000000
46480  38.801  -33.045  49.313 0.0000000000
47559  38.680  -32.061  48.166 0.0000000000
46515  37.934  -32.259  46.734 0.0000000000
46527  37.346  -32.343  45.452 0.0000000000
124950  36.452  -32.558  43.892 0.0000000000
129273  35.556  -32.824  42.806 0.0000000000
121028  35.691  -33.398  43.970 0.0000000000
113416  34.580  -33.984  43.132 0.0000000000
43820  34.000  -34.489  43.466 0.0000000000
43810  34.105  -35.252  45.494 0.0000000000
117776  33.402  -35.101  43.881 0.0000000000
43824  32.236  -35.526  42.531 0.0000000000
43825  31.658  -36.235  42.520 0.0000000000
131937  30.346  -37.298  42.179 0.0000000000
42256  29.203  -37.164  41.690 0.0000000000
40417  23.135  -39.350  48.369 0.0000000000
41326  23.315  -38.832  47.678 0.0000000000
40427  22.684  -39.694  47.657 0.0000000000
39480  21.812  -40.225  46.191 0.0000000000
39501  21.362  -40.450  44.315 0.0000000000
118995  20.589  -43.268  43.868 0.0000000000
37701  20.410  -42.597  43.052 0.0000000000
63114  46.943  -13.657  35.157 0.0000000000
62329  46.277  -14.427  33.571 0.0000000000
61476  45.512  -15.540  34.239 0.0000000000
60654  44.974  -16.947  33.897 0.0000000000
58983  43.842  -18.002  33.798 0.0000000000
58952  45.209  -18.844  35.179 0.0000000000
126828  43.745  -19.201  34.559 0.0000000000
35940  18.371  -43.928  52.911 0.0000000000
36799  16.905  -42.942  51.198 0.0000000000
36815  15.392  -43.202  50.386 0.0000000000
120144  15.049  -42.451  52.676 0.0000000000
36816  14.624  -43.586  50.721 0.0000000000
42926  36.424  -36.191  57.110 0.0000000000
42126  35.990  -36.952  55.100 0.0000000000
42140  35.139  -37.024  53.991 0.0000000000
42153  34.194  -37.139  52.456 0.0000000000
42180  33.473  -37.015  50.841 0.0000000000
41270  32.820  -37.898  52.004 0.0000000000
111967  32.058  -38.249  52.039 0.0000000000
40380  31.201  -38.360  51.489 0.0000000000
118699  31.167  -38.636  54.110 0.0000000000
40370  30.349  -38.520  52.757 0.0000000000
41272  29.722  -38.499  50.923 0.0000000000
114930  28.409  -38.365  50.558 0.0000000000
41289  26.723  -37.948  50.487 0.0000000000
41290  25.649  -38.253  50.416 0.0000000000
40292  27.208  -39.196  57.321 0.0000000000
40306  27.287  -39.018  56.770 0.0000000000
126752  27.095  -38.784  55.263 0.0000000000
39392  24.582  -40.810  55.497 0.0000000000
40344  24.951  -39.671  54.257 0.0000000000
40359  25.694  -39.074  54.036 0.0000000000
40373  25.190  -39.026  52.450 0.0000000000
115507  24.305  -39.168  50.915 0.0000000000
119199  24.004  -38.982  50.187 0.0000000000
39446  22.996  -40.084  49.314 0.0000000000
38514  21.949  -41.371  48.412 0.0000000000
37669  21.523  -43.131  47.754 0.0000000000
36828  21.534  -43.794  49.134 0.0000000000
36840  21.414  -43.809  48.435 0.0000000000
36052  20.275  -44.308  46.147 0.0000000000
36026  19.887  -44.481  46.480 0.0000000000
55225  49.448  -22.444  37.995 0.0000000000
55236  48.265  -22.537  37.065 0.0000000000
111474  48.957  -22.964  37.835 0.0000000000
54337  46.931  -24.553  39.443 0.0000000000
115316  46.363  -25.216  39.595 0.0000000000
54341  42.860  -23.919  39.354 0.0000000000
37510  20.915  -42.326  62.057 0.0000000000
36681  19.263  -42.725  62.223 0.0000000000
35836  18.495  -42.810  62.526 0.0000000000
37493  18.162  -42.589  63.808 0.0000000000
36697  17.834  -42.959  61.664 0.0000000000
37532  16.882  -42.826  60.880 0.0000000000
37533  16.416  -41.872  60.380 0.0000000000
38404  14.701  -40.864  59.162 0.0000000000
39280  14.494  -40.200  63.255 0.0000000000
39313  14.571  -40.569  61.527 0.0000000000
39335  13.898  -40.848  59.349 0.0000000000
38415  13.512  -41.448  58.206 0.0000000000
37559  12.615  -42.622  57.217 0.0000000000
64055  48.781  -12.641  35.918 0.0000000000
64043  47.809  -12.706  36.283 0.0000000000
63094  46.791  -13.767  36.847 0.0000000000
61448  46.899  -15.241  37.199 0.0000000000
64027  48.956  -12.163  38.884 0.0000000000
119940  47.663  -13.970  38.231 0.0000000000
132392  47.394  -16.804  37.096 0.0000000000
59810  48.036  -17.130  37.464 0.0000000000
58937  48.482  -18.917  37.324 0.0000000000
114453  49.249  -19.393  37.803 0.0000000000
60603  49.254  -17.222  39.215 0.0000000000
58926  49.624  -19.487  38.255 0.0000000000
58099  49.998  -20.261  37.945 0.0000000000
57076  49.920  -20.928  38.108 0.0000000000
57065  48.674  -21.346  38.748 0.0000000000
57066  47.413  -21.076  38.670 0.0000000000
58064  48.415  -19.215  40.849 0.0000000000
58078  47.517  -19.758  39.346 0.0000000000
125502  46.228  -20.964  38.574 0.0000000000
57067  45.110  -20.796  38.598 0.0000000000
57055  44.110  -20.563  38.608 0.0000000000
57069  42.668  -21.093  38.652 0.0000000000
58857  46.338  -18.416  45.564 0.0000000000
58013  46.666  -18.859  44.646 0.0000000000
58025  45.338  -18.978  43.975 0.0000000000
58015  44.239  -19.072  44.608 0.0000000000
58026  44.282  -19.060  43.332 0.0000000000
58040  44.353  -19.111  42.250 0.0000000000
58054  42.914  -19.601  40.956 0.0000000000
58069  42.333  -20.033  40.236 0.0000000000
57070  41.764  -20.971  38.881 0.0000000000
56128  40.495  -21.438  39.117 0.0000000000
56129  39.796  -21.653  39.285 0.0000000000
56102  39.378  -21.712  41.896 0.0000000000
119032  38.666  -22.169  40.024 0.0000000000
55116  43.031  -22.822  48.566 0.0000000000
54273  42.130  -23.270  48.040 0.0000000000
51891  41.949  -26.867  49.993 0.0000000000
50283  39.598  -28.587  48.574 0.0000000000
51892  41.139  -27.010  49.712 0.0000000000
51899  41.456  -26.257  49.434 0.0000000000
52709  41.296  -25.045  48.365 0.0000000000
53501  40.763  -24.478  47.722 0.0000000000
54281  41.018  -23.076  47.193 0.0000000000
54283  39.629  -23.833  46.241 0.0000000000
54292  38.712  -23.969  45.109 0.0000000000
53527  37.573  -24.693  43.189 0.0000000000
51939  37.221  -26.694  43.732 0.0000000000
52748  37.064  -25.297  42.663 0.0000000000
53538  36.776  -24.857  41.853 0.0000000000
52771  35.933  -24.975  40.520 0.0000000000
49530  33.465  -29.782  37.698 0.0000000000
122123  33.573  -29.785  35.594 0.0000000000
46593  34.932  -32.613  41.278 0.0000000000
133366  33.902  -32.771  39.613 0.0000000000
46636  33.148  -32.700  38.294 0.0000000000
44771  31.463  -34.331  38.767 0.0000000000
45710  31.680  -33.392  37.765 0.0000000000
42193  32.596  -37.305  49.807 0.0000000000
42202  32.179  -37.148  48.994 0.0000000000
42214  31.576  -37.207  47.691 0.0000000000
41308  29.777  -37.873  48.505 0.0000000000
41330  30.019  -37.638  46.700 0.0000000000
41338  30.707  -37.416  45.291 0.0000000000
41362  29.989  -37.576  43.875 0.0000000000
41373  29.160  -37.558  43.017 0.0000000000
42257  28.494  -36.901  41.692 0.0000000000
41336  24.513  -38.181  46.778 0.0000000000
112908  24.900  -38.092  46.085 0.0000000000
41356  24.777  -37.812  44.729 0.0000000000
41377  22.887  -37.887  43.192 0.0000000000
42237  23.644  -37.515  43.364 0.0000000000
41366  26.436  -37.230  43.955 0.0000000000
42244  26.129  -36.919  42.505 0.0000000000
42259  26.546  -36.685  41.732 0.0000000000
62341  45.915  -14.726  32.902 0.0000000000
124903  45.564  -15.290  31.586 0.0000000000
60696  44.391  -16.118  30.441 0.0000000000
125363  47.517  -22.931  36.909 0.0000000000
42164  34.772  -36.619  52.220 0.0000000000
42964  35.376  -36.144  51.845 0.0000000000
42972  35.385  -35.908  50.846 0.0000000000
42973  34.624  -36.400  50.461 0.0000000000
133674  34.138  -36.678  50.847 0.0000000000
118729  48.250  -21.155  36.801 0.0000000000
56164  48.707  -21.791  37.200 0.0000000000
35008  20.071  -44.617  52.821 0.0000000000
35938  19.564  -44.475  52.201 0.0000000000
37567  14.515  -41.865  56.267 0.0000000000
37568  13.660  -41.991  56.635 0.0000000000
127529  13.042  -42.634  55.531 0.0000000000
40268  29.034  -38.647  58.502 0.0000000000
113923  30.076  -38.081  59.348 0.0000000000
40267  29.952  -38.564  58.510 0.0000000000
40282  30.365  -38.599  58.038 0.0000000000
39328  29.522  -38.664  58.057 0.0000000000
118871  29.298  -38.545  57.174 0.0000000000
39347  29.150  -38.610  57.642 0.0000000000
35006  21.208  -44.478  54.141 0.0000000000
35015  20.576  -44.612  52.611 0.0000000000
55214  43.496  -22.814  38.616 0.0000000000
60552  47.102  -16.554  44.744 0.0000000000
60542  46.526  -16.400  45.450 0.0000000000
55131  42.109  -22.015  47.383 0.0000000000
56060  41.799  -21.582  46.663 0.0000000000
47619  36.616  -31.969  43.658 0.0000000000
47618  36.977  -31.437  44.010 0.0000000000
124075  36.611  -31.215  43.308 0.0000000000
47633  36.218  -31.795  42.965 0.0000000000
47649  35.759  -31.196  42.041 0.0000000000
116352  35.648  -32.176  42.320 0.0000000000
41302  25.231  -38.253  49.700 0.0000000000
41311  25.741  -37.945  48.845 0.0000000000
63126  49.175  -13.453  34.603 0.0000000000
63137  48.722  -13.766  33.917 0.0000000000
128749  47.828  -13.765  33.799 0.0000000000
34974  21.476  -44.198  58.107 0.0000000000
113824  20.899  -44.469  57.769 0.0000000000
34962  21.068  -44.396  58.558 0.0000000000
35856  18.559  -44.141  60.587 0.0000000000
35866  18.386  -44.170  59.756 0.0000000000
35857  17.752  -43.810  60.277 0.0000000000
111028  25.944  -38.787  59.545 0.0000000000
39318  25.237  -40.234  59.483 0.0000000000
35864  21.823  -43.887  58.825 0.0000000000
35863  22.323  -43.621  58.605 0.0000000000
35875  21.911  -43.902  58.369 0.0000000000
35884  22.027  -43.986  57.736 0.0000000000
44588  39.130  -33.871  53.166 0.0000000000
45467  39.715  -33.462  53.670 0.0000000000
45466  40.218  -32.982  53.288 0.0000000000
45485  40.144  -32.928  52.415 0.0000000000
132496  40.092  -32.869  51.934 0.0000000000
45503  39.659  -33.318  51.915 0.0000000000
121516  36.419  -34.322  47.727 0.0000000000
44682  36.965  -33.956  47.904 0.0000000000
132978  36.668  -33.969  47.403 0.0000000000
45592  36.739  -33.434  46.250 0.0000000000
44693  35.701  -34.513  46.438 0.0000000000
43027  32.516  -36.302  45.674 0.0000000000
42224  31.781  -36.705  45.184 0.0000000000
38536  21.299  -41.884  46.580 0.0000000000
37686  21.052  -43.062  45.849 0.0000000000
115827  46.509  -16.239  36.228 0.0000000000
60645  46.248  -16.919  35.699 0.0000000000
36012  18.339  -44.386  47.404 0.0000000000
114353  17.816  -43.383  55.665 0.0000000000
36772  17.799  -43.314  53.934 0.0000000000
128030  13.798  -44.942  51.766 0.0000000000
41211  33.560  -38.320  55.876 0.0000000000
41223  33.616  -38.169  55.097 0.0000000000
40336  32.988  -38.307  54.748 0.0000000000
41235  32.596  -38.366  54.174 0.0000000000
119973  32.264  -38.494  54.828 0.0000000000
40358  28.297  -38.691  54.109 0.0000000000
41246  27.570  -38.669  53.466 0.0000000000
38439  25.115  -41.269  57.212 0.0000000000
39382  25.610  -40.725  56.791 0.0000000000
134133  22.772  -41.883  52.234 0.0000000000
38475  23.053  -41.401  52.765 0.0000000000
38486  22.930  -41.211  51.984 0.0000000000
38497  22.598  -41.634  50.628 0.0000000000
37630  22.284  -42.407  51.155 0.0000000000
35994  19.786  -44.555  48.478 0.0000000000
125424  19.075  -44.519  47.344 0.0000000000
55211  48.034  -22.801  38.844 0.0000000000
55212  47.128  -22.874  38.994 0.0000000000
38326  17.416  -40.653  63.573 0.0000000000
38345  16.313  -40.483  63.382 0.0000000000
38356  16.202  -40.992  62.643 0.0000000000
37521  11.917  -42.363  61.397 0.0000000000
37534  12.217  -42.152  60.534 0.0000000000
36715  11.939  -42.842  60.001 0.0000000000
125046  12.001  -42.858  59.197 0.0000000000
124552  11.683  -43.452  59.654 0.0000000000
132757  49.572  -10.721  37.531 0.0000000000
64944  49.336  -10.390  38.085 0.0000000000
114045  48.775  -15.897  39.324 0.0000000000
61427  48.998  -15.255  39.770 0.0000000000
125798  49.486  -18.442  40.183 0.0000000000
58899  49.269  -19.063  40.522 0.0000000000
58062  49.482  -19.536  39.613 0.0000000000
132637  46.021  -19.050  42.459 0.0000000000
58892  46.272  -19.072  41.638 0.0000000000
122953  44.842  -19.036  40.197 0.0000000000
57023  41.445  -20.203  43.554 0.0000000000
57030  41.299  -20.317  42.670 0.0000000000
57031  40.795  -20.687  42.151 0.0000000000
57038  40.824  -20.742  41.240 0.0000000000
54314  38.144  -23.242  42.645 0.0000000000
55172  37.949  -22.974  41.823 0.0000000000
53545  36.995  -24.045  41.594 0.0000000000
52695  43.054  -25.478  49.665 0.0000000000
48480  40.171  -30.541  49.656 0.0000000000
48499  40.097  -29.882  49.405 0.0000000000
118151  38.493  -27.231  46.391 0.0000000000
51911  38.822  -27.106  47.019 0.0000000000
51920  38.617  -26.380  46.439 0.0000000000
50375  35.328  -28.362  41.072 0.0000000000
51169  35.564  -27.664  41.408 0.0000000000
51179  35.225  -27.576  40.726 0.0000000000
51180  34.818  -27.574  40.048 0.0000000000
47695  33.157  -31.946  37.167 0.0000000000
47705  32.892  -31.869  36.376 0.0000000000
111498  32.894  -34.295  41.368 0.0000000000
129106  33.449  -33.723  41.182 0.0000000000
41285  30.755  -38.311  50.205 0.0000000000
41297  30.350  -38.286  49.662 0.0000000000
41342  27.861  -37.575  45.757 0.0000000000
118208  28.281  -37.396  44.886 0.0000000000
40448  21.844  -39.747  44.478 0.0000000000
40457  21.857  -39.220  43.568 0.0000000000
59859  43.487  -17.394  33.052 0.0000000000
59860  42.581  -17.731  32.828 0.0000000000
114398  22.178  -43.156  60.803 0.0000000000
35853  21.075  -44.021  59.941 0.0000000000
36691  20.735  -42.962  61.742 0.0000000000
35833  20.814  -43.358  61.502 0.0000000000
35834  20.034  -43.454  61.603 0.0000000000
111711  19.727  -43.951  61.337 0.0000000000
35825  19.362  -43.150  61.816 0.0000000000
37518  22.595  -42.743  62.356 0.0000000000
37517  22.644  -42.335  61.069 0.0000000000
36696  22.287  -42.623  61.840 0.0000000000
42943  36.995  -36.026  55.101 0.0000000000
42949  36.857  -35.859  54.233 0.0000000000
43750  36.648  -35.534  52.553 0.0000000000
43736  37.561  -35.273  53.698 0.0000000000
43749  37.345  -35.180  52.819 0.0000000000
44590  37.911  -34.722  52.358 0.0000000000
44607  37.877  -34.627  51.531 0.0000000000
43762  37.176  -34.862  51.161 0.0000000000
43779  35.741  -35.553  49.937 0.0000000000
111348  35.870  -35.217  49.057 0.0000000000
118716  35.294  -35.225  47.822 0.0000000000
43788  35.141  -35.451  48.578 0.0000000000
42996  33.531  -36.447  48.680 0.0000000000
43008  33.936  -36.043  48.224 0.0000000000
43010  32.857  -36.517  47.439 0.0000000000
42201  32.801  -36.670  48.313 0.0000000000
58112  47.115  -19.077  36.260 0.0000000000
129905  46.879  -21.462  36.389 0.0000000000
111521  19.557  -44.521  49.964 0.0000000000
35980  18.593  -44.239  48.937 0.0000000000
35979  18.925  -44.392  49.866 0.0000000000
36797  18.523  -43.997  51.092 0.0000000000
36813  18.412  -43.855  50.219 0.0000000000
36830  16.791  -43.524  49.256 0.0000000000
111396  16.134  -42.158  55.262 0.0000000000
37580  15.118  -41.911  55.028 0.0000000000
37583  13.409  -42.547  54.894 0.0000000000
37593  13.845  -42.397  54.125 0.0000000000
36773  13.235  -43.433  53.299 0.0000000000
36774  12.808  -43.875  53.838 0.0000000000
35932  12.700  -44.599  53.675 0.0000000000
35908  12.207  -44.235  55.031 0.0000000000
129970  12.155  -45.914  54.678 0.0000000000
35909  11.960  -44.864  55.540 0.0000000000
42057  32.003  -37.216  59.519 0.0000000000
114495  31.549  -38.548  57.571 0.0000000000
40280  32.178  -38.396  58.039 0.0000000000
40290  32.172  -38.508  57.251 0.0000000000
129592  31.358  -38.605  56.155 0.0000000000
121152  29.550  -38.540  56.149 0.0000000000
40304  29.006  -38.571  56.068 0.0000000000
40322  29.259  -38.620  55.230 0.0000000000
40323  28.197  -38.592  56.045 0.0000000000
119991  22.759  -43.196  55.266 0.0000000000
37590  23.262  -42.579  55.101 0.0000000000
35926  21.887  -43.882  53.493 0.0000000000
116368  22.181  -43.465  53.257 0.0000000000
37614  22.382  -43.007  52.633 0.0000000000
35949  20.324  -44.630  51.180 0.0000000000
54350  43.835  -23.643  39.272 0.0000000000
53565  44.679  -24.735  40.472 0.0000000000
53566  43.971  -24.678  40.638 0.0000000000
36694  11.033  -43.237  62.498 0.0000000000
35849  11.009  -44.140  61.192 0.0000000000
35859  11.146  -44.262  60.504 0.0000000000
58883  48.515  -18.584  42.410 0.0000000000
58875  48.320  -18.740  43.260 0.0000000000
58867  47.477  -18.537  44.432 0.0000000000
58876  47.979  -19.103  43.783 0.0000000000
121360  47.518  -19.460  43.160 0.0000000000
58024  47.125  -19.210  43.949 0.0000000000
56992  43.504  -20.004  46.960 0.0000000000
56993  42.896  -20.486  46.713 0.0000000000
56071  41.448  -21.196  45.795 0.0000000000
57016  41.632  -20.238  44.461 0.0000000000
128500  40.430  -21.011  43.553 0.0000000000
55153  39.327  -22.485  44.483 0.0000000000
55154  38.827  -22.970  43.977 0.0000000000
54298  39.025  -23.222  44.776 0.0000000000
47578  38.129  -31.532  46.547 0.0000000000
48528  38.219  -30.727  46.380 0.0000000000
131167  37.534  -30.219  44.828 0.0000000000
113464  37.862  -29.934  45.446 0.0000000000
122524  37.751  -29.039  45.412 0.0000000000
50329  37.483  -28.371  44.983 0.0000000000
50330  37.129  -28.884  44.449 0.0000000000
123678  35.922  -30.287  42.348 0.0000000000
49489  36.195  -29.535  42.750 0.0000000000
49490  35.674  -29.407  42.052 0.0000000000
49511  34.998  -29.694  40.756 0.0000000000
47665  35.161  -31.624  40.664 0.0000000000
47674  34.682  -31.554  39.907 0.0000000000
47675  34.232  -31.877  39.274 0.0000000000
129269  34.366  -32.334  39.832 0.0000000000
43060  30.973  -36.367  41.233 0.0000000000
43848  30.995  -35.914  40.416 0.0000000000
43882  29.468  -35.271  37.829 0.0000000000
43883  28.702  -35.849  37.494 0.0000000000
112520  28.593  -38.251  49.711 0.0000000000
41300  27.692  -37.927  49.336 0.0000000000
111633  25.862  -37.950  47.894 0.0000000000
41323  26.659  -37.763  47.630 0.0000000000
41334  27.090  -37.717  47.081 0.0000000000
62339  47.714  -14.417  32.447 0.0000000000
62338  48.896  -14.560  32.681 0.0000000000
62350  47.607  -14.769  31.650 0.0000000000
61511  46.964  -15.082  31.100 0.0000000000
131211  20.503  -44.524  55.516 0.0000000000
128890  20.369  -44.523  56.315 0.0000000000
34995  19.309  -44.523  56.378 0.0000000000
34985  18.866  -44.457  56.815 0.0000000000
34964  20.080  -44.693  58.930 0.0000000000
128368  19.485  -44.716  58.814 0.0000000000
34957  18.415  -44.142  58.866 0.0000000000
34966  18.418  -44.278  58.007 0.0000000000
35886  18.018  -43.794  57.767 0.0000000000
35887  17.675  -43.511  57.567 0.0000000000
36741  17.480  -43.260  57.033 0.0000000000
36714  16.995  -43.328  59.556 0.0000000000
37556  16.765  -42.452  58.204 0.0000000000
37551  16.212  -41.747  58.601 0.0000000000
40234  26.958  -38.747  59.537 0.0000000000
41145  27.605  -38.332  59.596 0.0000000000
40251  27.709  -38.742  59.304 0.0000000000
40250  28.493  -38.599  59.039 0.0000000000
39317  27.591  -39.141  58.919 0.0000000000
39330  27.235  -39.514  58.474 0.0000000000
38408  25.179  -41.249  57.965 0.0000000000
38424  25.155  -41.278  57.708 0.0000000000
37548  24.667  -41.743  57.903 0.0000000000
37541  23.712  -42.308  59.134 0.0000000000
36725  23.828  -42.603  58.068 0.0000000000
36739  23.334  -43.096  56.922 0.0000000000
35893  21.695  -44.335  56.446 0.0000000000
35892  22.349  -43.898  56.388 0.0000000000
35904  21.633  -44.369  55.585 0.0000000000
35002  21.195  -44.485  55.109 0.0000000000
57953  43.904  -19.329  48.211 0.0000000000
131253  43.491  -20.900  48.846 0.0000000000
56973  43.484  -20.692  48.177 0.0000000000
55122  42.959  -22.026  48.211 0.0000000000
43723  38.224  -35.032  55.178 0.0000000000
46465  40.365  -32.002  51.137 0.0000000000
47532  40.392  -31.366  50.616 0.0000000000
47533  39.893  -31.923  50.312 0.0000000000
44644  38.298  -34.129  50.358 0.0000000000
45524  38.779  -33.774  50.616 0.0000000000
45541  38.415  -33.731  49.747 0.0000000000
46493  38.456  -32.738  48.477 0.0000000000
46492  39.136  -32.356  48.913 0.0000000000
46502  38.148  -32.471  47.615 0.0000000000
47569  38.400  -31.816  47.361 0.0000000000
46528  36.881  -32.697  45.103 0.0000000000
46544  36.683  -32.630  44.492 0.0000000000
45621  36.193  -33.029  44.094 0.0000000000
44708  34.904  -34.202  44.418 0.0000000000
44707  35.320  -33.748  44.159 0.0000000000
44715  34.760  -34.083  43.820 0.0000000000
43804  34.956  -34.893  46.038 0.0000000000
43038  32.826  -35.697  44.354 0.0000000000
43821  32.598  -35.634  43.618 0.0000000000
43042  31.972  -36.127  43.189 0.0000000000
42239  30.754  -37.161  42.571 0.0000000000
42240  30.046  -37.458  42.522 0.0000000000
42255  29.930  -37.275  41.794 0.0000000000
39454  22.722  -40.058  48.544 0.0000000000
39465  22.076  -40.398  47.205 0.0000000000
111845  21.369  -41.215  45.988 0.0000000000
39491  21.497  -40.548  45.163 0.0000000000
38562  21.127  -41.021  44.565 0.0000000000
36891  20.421  -44.143  44.326 0.0000000000
127516  20.398  -43.918  43.452 0.0000000000
38578  20.572  -41.683  43.380 0.0000000000
62307  46.362  -14.345  35.375 0.0000000000
62317  46.318  -14.351  34.511 0.0000000000
62308  45.883  -14.952  34.776 0.0000000000
60653  45.305  -16.819  34.395 0.0000000000
130341  45.407  -16.140  34.473 0.0000000000
59858  44.460  -17.312  33.653 0.0000000000
58982  44.476  -17.947  34.169 0.0000000000
35996  16.875  -44.258  47.742 0.0000000000
36013  16.758  -44.804  47.151 0.0000000000
35929  18.785  -44.144  53.520 0.0000000000
37616  17.110  -42.808  52.213 0.0000000000
36784  17.871  -43.604  52.524 0.0000000000
37640  15.872  -42.879  51.050 0.0000000000
37603  15.293  -42.245  53.602 0.0000000000
131254  15.858  -42.290  53.104 0.0000000000
35952  14.122  -44.176  51.188 0.0000000000
35965  14.460  -44.337  50.436 0.0000000000
42073  33.663  -37.156  59.162 0.0000000000
41209  35.106  -37.379  56.686 0.0000000000
123729  35.349  -36.878  57.608 0.0000000000
42094  35.624  -37.033  57.062 0.0000000000
42104  36.078  -36.767  56.776 0.0000000000
42115  36.093  -36.888  55.994 0.0000000000
42116  35.510  -37.237  55.461 0.0000000000
41233  34.339  -37.570  54.306 0.0000000000
42128  34.869  -37.299  54.322 0.0000000000
42141  34.571  -37.323  53.764 0.0000000000
42152  34.841  -36.949  53.160 0.0000000000
126764  34.154  -37.434  53.071 0.0000000000
132737  33.812  -37.464  52.575 0.0000000000
41257  33.405  -37.739  52.782 0.0000000000
41259  31.893  -38.371  52.870 0.0000000000
41258  32.567  -38.146  52.777 0.0000000000
133743  31.587  -38.333  51.765 0.0000000000
40368  31.434  -38.449  52.400 0.0000000000
40339  30.860  -38.716  54.627 0.0000000000
118236  30.585  -38.700  54.245 0.0000000000
40371  29.390  -38.548  52.826 0.0000000000
134528  29.778  -38.472  52.255 0.0000000000
40382  30.110  -38.451  51.747 0.0000000000
40383  29.234  -38.490  51.763 0.0000000000
41273  28.972  -38.475  50.967 0.0000000000
41274  28.165  -38.466  51.541 0.0000000000
133514  27.460  -38.306  51.456 0.0000000000
41275  26.871  -38.196  51.362 0.0000000000
113326  25.992  -38.390  51.179 0.0000000000
39365  27.154  -39.417  57.687 0.0000000000
131037  26.651  -39.910  57.667 0.0000000000
39390  26.090  -40.151  56.431 0.0000000000
40307  26.644  -39.616  56.638 0.0000000000
40325  26.392  -39.439  55.728 0.0000000000
40324  27.304  -38.973  56.011 0.0000000000
38459  23.973  -41.345  55.006 0.0000000000
39403  24.357  -40.546  54.469 0.0000000000
40360  25.016  -39.256  53.366 0.0000000000
41262  25.892  -38.833  53.075 0.0000000000
40374  24.458  -39.551  52.717 0.0000000000
40386  23.900  -39.655  51.411 0.0000000000
40407  23.515  -39.507  49.778 0.0000000000
123950  23.198  -40.200  50.059 0.0000000000
37656  22.004  -41.988  48.970 0.0000000000
38515  21.769  -42.175  48.147 0.0000000000
36812  21.445  -43.996  50.444 0.0000000000
36811  21.808  -43.383  49.769 0.0000000000
119917  21.315  -44.124  49.694 0.0000000000
36010  20.308  -44.454  47.791 0.0000000000
35992  20.919  -44.269  48.194 0.0000000000
36852  20.828  -44.140  47.433 0.0000000000
119352  20.367  -44.339  46.947 0.0000000000
55209  49.556  -22.124  38.092 0.0000000000
55210  49.114  -22.771  38.136 0.0000000000
53578  48.162  -23.785  38.614 0.0000000000
53592  47.877  -24.197  38.338 0.0000000000
55199  45.646  -23.692  39.513 0.0000000000
54338  46.115  -24.324  39.696 0.0000000000
51984  46.275  -25.595  39.328 0.0000000000
53580  41.697  -23.986  38.975 0.0000000000
53568  42.250  -24.567  39.762 0.0000000000
37491  18.892  -42.284  62.942 0.0000000000
36682  18.439  -42.769  63.074 0.0000000000
36675  18.156  -42.964  63.721 0.0000000000
37502  17.717  -42.312  63.324 0.0000000000
36684  17.997  -42.670  63.193 0.0000000000
36693  17.756  -42.605  62.507 0.0000000000
36698  17.245  -42.817  61.649 0.0000000000
123588  15.752  -41.307  60.897 0.0000000000
37520  16.456  -41.889  61.140 0.0000000000
38391  15.462  -41.094  59.952 0.0000000000
38403  15.583  -41.255  59.072 0.0000000000
39298  12.993  -40.530  62.965 0.0000000000
39281  13.657  -40.187  63.558 0.0000000000
39267  14.518  -39.825  64.107 0.0000000000
39296  14.523  -40.401  62.365 0.0000000000
39314  13.817  -40.398  61.740 0.0000000000
38405  13.223  -41.297  59.494 0.0000000000
38393  13.605  -40.849  60.192 0.0000000000
39336  13.525  -41.208  58.868 0.0000000000
37558  12.886  -42.018  57.871 0.0000000000
111286  12.374  -42.622  57.909 0.0000000000
36736  12.057  -43.349  57.539 0.0000000000
35878  11.241  -44.397  58.835 0.0000000000
64054  49.946  -12.441  35.926 0.0000000000
125243  48.429  -12.220  36.645 0.0000000000
64035  47.912  -12.310  37.184 0.0000000000
63101  47.257  -13.124  36.634 0.0000000000
62290  46.665  -14.519  37.009 0.0000000000
120894  47.048  -13.988  37.493 0.0000000000
64936  49.391  -11.161  38.827 0.0000000000
119830  47.987  -14.912  38.509 0.0000000000
61447  47.515  -15.567  37.784 0.0000000000
59809  48.646  -17.525  38.122 0.0000000000
131660  49.101  -16.617  39.730 0.0000000000
58908  49.711  -19.373  39.103 0.0000000000
111873  49.722  -19.074  38.766 0.0000000000
120363  49.860  -20.352  38.297 0.0000000000
57054  48.974  -20.794  39.032 0.0000000000
58088  48.037  -20.526  38.922 0.0000000000
115161  46.738  -19.291  39.839 0.0000000000
58089  46.859  -20.278  38.857 0.0000000000
58090  45.730  -20.121  38.896 0.0000000000
58080  44.702  -19.977  39.006 0.0000000000
57056  43.210  -20.504  38.906 0.0000000000
132229  42.926  -20.094  39.594 0.0000000000
59739  46.777  -17.231  45.872 0.0000000000
59740  46.506  -17.861  45.911 0.0000000000
58003  45.462  -18.794  45.612 0.0000000000
58002  46.157  -18.701  45.254 0.0000000000
131169  46.092  -18.814  45.064 0.0000000000
121764  46.283  -18.951  44.431 0.0000000000
114048  43.964  -19.233  45.682 0.0000000000
134619  43.649  -19.303  45.082 0.0000000000
58053  43.587  -19.285  41.574 0.0000000000
58042  42.730  -19.487  41.932 0.0000000000
120078  41.603  -20.507  39.713 0.0000000000
128340  42.386  -20.466  39.285 0.0000000000
57057  40.977  -20.975  39.291 0.0000000000
56118  40.327  -21.228  39.797 0.0000000000
55200  39.179  -21.994  39.048 0.0000000000
56130  39.154  -21.889  39.716 0.0000000000
119176  39.769  -21.508  42.514 0.0000000000
55180  37.828  -22.679  40.947 0.0000000000
55186  38.474  -22.272  40.704 0.0000000000
55187  37.997  -22.510  39.899 0.0000000000
126664  43.113  -23.495  48.932 0.0000000000
54266  42.640  -23.380  48.482 0.0000000000
55123  42.492  -22.577  47.985 0.0000000000
50270  41.206  -28.613  50.208 0.0000000000
50269  41.930  -28.369  50.471 0.0000000000
51077  42.316  -27.594  50.395 0.0000000000
118967  39.117  -29.120  47.940 0.0000000000
51901  39.805  -27.058  48.468 0.0000000000
51090  39.921  -27.682  48.884 0.0000000000
51900  40.500  -26.779  49.067 0.0000000000
52704  40.913  -25.810  48.736 0.0000000000
52703  41.804  -25.439  49.073 0.0000000000
53502  39.779  -24.987  47.367 0.0000000000
128531  40.704  -23.749  47.307 0.0000000000
54282  40.280  -23.398  46.739 0.0000000000
53520  38.291  -24.543  44.538 0.0000000000
53526  38.102  -24.238  43.709 0.0000000000
51147  36.948  -27.458  43.581 0.0000000000
51934  37.499  -26.689  44.409 0.0000000000
52739  36.582  -26.122  42.559 0.0000000000
52749  36.514  -25.546  42.059 0.0000000000
52759  36.211  -25.303  41.378 0.0000000000
51989  34.713  -26.731  38.965 0.0000000000
49520  34.229  -29.958  39.221 0.0000000000
130542  34.001  -29.266  38.856 0.0000000000
49526  33.799  -29.909  38.477 0.0000000000
48646  33.320  -30.744  35.756 0.0000000000
48634  33.318  -30.223  36.425 0.0000000000
117600  33.498  -30.435  35.076 0.0000000000
130540  35.209  -32.758  42.093 0.0000000000
45662  34.683  -33.143  41.800 0.0000000000
112815  33.604  -33.208  39.914 0.0000000000
45689  33.419  -32.949  39.255 0.0000000000
133008  33.323  -32.779  38.811 0.0000000000
127977  32.905  -33.102  38.849 0.0000000000
43872  31.057  -35.070  39.204 0.0000000000
44762  31.666  -34.564  39.486 0.0000000000
112930  31.513  -33.121  37.028 0.0000000000
42181  32.846  -37.490  51.188 0.0000000000
113614  32.912  -37.314  50.420 0.0000000000
42203  31.344  -37.638  49.058 0.0000000000
125453  31.664  -37.263  48.455 0.0000000000
41298  29.934  -38.166  49.187 0.0000000000
111636  29.097  -37.806  48.177 0.0000000000
116238  29.468  -37.686  45.986 0.0000000000
41329  30.770  -37.445  46.146 0.0000000000
41339  30.129  -37.630  45.612 0.0000000000
41350  30.264  -37.564  44.663 0.0000000000
41351  29.558  -37.583  44.421 0.0000000000
41365  28.122  -37.185  43.530 0.0000000000
41364  28.802  -37.479  43.517 0.0000000000
41374  28.552  -37.348  42.929 0.0000000000
42241  28.959  -37.390  42.358 0.0000000000
42242  28.177  -37.000  42.396 0.0000000000
40426  22.937  -38.998  47.056 0.0000000000
41325  24.144  -38.238  47.568 0.0000000000
41337  23.619  -38.507  46.908 0.0000000000
41345  24.371  -38.087  45.450 0.0000000000
41344  25.336  -37.936  45.363 0.0000000000
41379  21.619  -38.688  42.142 0.0000000000
41378  22.348  -38.128  42.504 0.0000000000
42246  24.064  -37.136  42.648 0.0000000000
42247  23.139  -37.495  42.566 0.0000000000
42236  24.640  -37.282  43.393 0.0000000000
41367  25.238  -37.462  44.046 0.0000000000
42235  25.714  -37.162  43.299 0.0000000000
43065  25.332  -36.396  40.191 0.0000000000
43047  25.913  -36.508  40.950 0.0000000000
42275  26.952  -36.435  40.908 0.0000000000
61508  49.757  -15.913  31.866 0.0000000000
62330  45.716  -14.937  33.315 0.0000000000
61496  44.830  -15.734  31.904 0.0000000000
60684  44.202  -16.125  31.260 0.0000000000
61523  44.859  -15.663  31.043 0.0000000000
37509  22.741  -42.624  62.709 0.0000000000
112596  22.934  -43.038  62.502 0.0000000000
129818  22.425  -42.520  62.531 0.0000000000
111936  21.177  -42.502  61.886 0.0000000000
42951  35.548  -36.625  53.538 0.0000000000
42950  36.231  -36.358  53.839 0.0000000000
42957  36.072  -36.096  53.053 0.0000000000
43763  36.564  -35.393  51.727 0.0000000000
42971  35.890  -35.654  51.527 0.0000000000
42983  34.467  -36.346  49.709 0.0000000000
42984  33.757  -36.630  49.433 0.0000000000
114983  47.197  -19.826  36.343 0.0000000000
35950  19.709  -44.541  51.358 0.0000000000
35964  19.223  -44.392  50.729 0.0000000000
35951  19.061  -44.253  51.652 0.0000000000
36783  18.366  -44.022  52.075 0.0000000000
37581  14.571  -41.951  55.571 0.0000000000
128371  12.782  -42.999  54.998 0.0000000000
36753  12.559  -43.089  55.753 0.0000000000
41166  30.898  -37.958  59.423 0.0000000000
134380  31.786  -38.057  59.153 0.0000000000
40266  30.833  -38.470  58.566 0.0000000000
40281  31.237  -38.535  58.060 0.0000000000
39345  30.715  -38.551  57.451 0.0000000000
39377  30.606  -38.537  56.557 0.0000000000
39362  29.918  -38.512  57.236 0.0000000000
39379  28.902  -38.551  56.795 0.0000000000
35916  22.047  -44.016  54.237 0.0000000000
35936  21.396  -44.214  52.933 0.0000000000
116635  21.195  -44.274  52.032 0.0000000000
129005  20.950  -44.533  52.521 0.0000000000
56142  43.964  -22.152  38.458 0.0000000000
113885  10.411  -43.694  62.646 0.0000000000
59747  47.602  -17.572  44.570 0.0000000000
56072  40.613  -21.538  45.348 0.0000000000
55142  40.263  -22.319  45.714 0.0000000000
47591  37.655  -31.793  45.204 0.0000000000
49452  38.000  -30.607  45.730 0.0000000000
48555  37.356  -30.823  44.403 0.0000000000
49468  37.035  -29.799  44.264 0.0000000000
123174  36.467  -30.401  42.998 0.0000000000
46611  35.139  -32.175  40.912 0.0000000000
112007  27.032  -37.809  49.718 0.0000000000
111637  26.814  -37.802  49.059 0.0000000000
62327  49.319  -14.296  33.411 0.0000000000
62340  46.613  -14.449  32.717 0.0000000000
34982  20.969  -44.493  57.018 0.0000000000
34983  20.465  -44.539  56.871 0.0000000000
123360  20.530  -44.559  57.346 0.0000000000
114103  19.983  -44.633  57.312 0.0000000000
34947  19.670  -44.522  60.369 0.0000000000
34955  19.592  -44.640  59.550 0.0000000000
34948  19.060  -44.496  60.117 0.0000000000
35877  17.564  -43.503  58.258 0.0000000000
35868  17.380  -43.547  59.135 0.0000000000
118361  27.097  -39.356  59.249 0.0000000000
119391  26.602  -39.972  58.586 0.0000000000
115462  26.254  -39.944  59.063 0.0000000000
111472  23.096  -42.804  59.469 0.0000000000
36726  23.083  -43.192  58.327 0.0000000000
36734  22.648  -43.605  57.193 0.0000000000
44555  38.752  -34.536  54.442 0.0000000000
44572  39.283  -34.003  54.015 0.0000000000
45448  39.736  -33.496  54.627 0.0000000000
46440  40.953  -31.787  53.452 0.0000000000
47504  40.836  -31.698  52.594 0.0000000000
46453  40.412  -32.332  52.009 0.0000000000
45542  37.721  -33.952  49.157 0.0000000000
45558  37.516  -33.653  48.349 0.0000000000
45578  37.354  -33.385  47.466 0.0000000000
46503  37.668  -32.830  47.050 0.0000000000
45591  37.222  -33.117  46.581 0.0000000000
45607  36.596  -33.241  45.434 0.0000000000
45622  35.873  -33.451  44.436 0.0000000000
44702  36.040  -33.598  45.092 0.0000000000
43809  34.916  -34.479  45.156 0.0000000000
43019  33.440  -36.144  47.035 0.0000000000
43026  33.314  -35.893  46.134 0.0000000000
43033  32.311  -36.267  44.768 0.0000000000
43040  31.560  -36.722  43.601 0.0000000000
112964  31.254  -37.157  43.924 0.0000000000
42230  30.658  -37.433  43.854 0.0000000000
38527  21.775  -41.269  47.682 0.0000000000
38549  20.995  -42.395  45.168 0.0000000000
61468  45.681  -15.653  34.953 0.0000000000
57102  44.451  -20.490  35.494 0.0000000000
58124  44.871  -19.629  35.343 0.0000000000
35997  16.042  -44.295  48.123 0.0000000000
35930  18.345  -43.803  53.802 0.0000000000
37615  17.527  -43.015  53.132 0.0000000000
37602  16.735  -42.446  53.078 0.0000000000
37619  13.631  -43.149  52.817 0.0000000000
36785  13.932  -43.295  52.233 0.0000000000
36801  13.746  -43.996  51.921 0.0000000000
41191  34.048  -37.583  57.756 0.0000000000
41210  34.365  -37.814  56.320 0.0000000000
41221  34.982  -37.532  55.861 0.0000000000
122633  34.153  -37.831  54.833 0.0000000000
40353  32.173  -38.398  53.502 0.0000000000
120773  29.811  -38.717  54.450 0.0000000000
40357  29.209  -38.662  53.834 0.0000000000
41260  27.813  -38.578  52.550 0.0000000000
38467  23.411  -41.549  53.631 0.0000000000
38466  23.900  -41.288  54.214 0.0000000000
39411  23.530  -40.941  53.127 0.0000000000
39417  23.950  -40.288  52.939 0.0000000000
39428  23.346  -40.411  51.513 0.0000000000
39439  23.062  -40.683  50.665 0.0000000000
39447  22.781  -40.905  49.912 0.0000000000
37647  22.089  -42.588  49.504 0.0000000000
35978  20.552  -44.476  49.630 0.0000000000
119027  19.400  -44.532  46.764 0.0000000000
35097  18.746  -44.690  45.990 0.0000000000
117240  48.558  -22.808  38.526 0.0000000000
55196  47.839  -23.403  39.006 0.0000000000
118143  47.529  -24.048  39.158 0.0000000000
53551  44.983  -25.049  40.602 0.0000000000
38344  17.060  -41.639  62.967 0.0000000000
38355  16.699  -41.730  62.417 0.0000000000
39312  15.294  -40.894  61.408 0.0000000000
37503  11.924  -41.793  62.866 0.0000000000
130417  12.694  -41.064  61.768 0.0000000000
38357  13.150  -40.627  62.105 0.0000000000
38374  13.238  -40.810  61.159 0.0000000000
122392  12.422  -42.319  58.597 0.0000000000
36729  11.661  -43.885  58.245 0.0000000000
64955  49.521  -11.210  37.130 0.0000000000
64945  49.214  -11.064  37.837 0.0000000000
64034  48.613  -11.685  37.988 0.0000000000
131495  49.316  -12.314  39.669 0.0000000000
64019  49.066  -13.054  39.631 0.0000000000
60605  48.299  -15.949  38.575 0.0000000000
59797  49.292  -17.842  38.639 0.0000000000
60591  49.411  -17.610  39.759 0.0000000000
58075  49.634  -19.968  38.835 0.0000000000
58077  48.563  -19.703  39.885 0.0000000000
130102  47.769  -19.421  42.447 0.0000000000
129899  47.451  -19.163  41.447 0.0000000000
58066  45.820  -19.119  39.991 0.0000000000
115902  45.273  -19.460  39.459 0.0000000000
58068  43.835  -19.406  40.435 0.0000000000
59729  45.614  -17.796  47.031 0.0000000000
58847  45.972  -18.154  46.250 0.0000000000
57015  42.454  -19.894  44.958 0.0000000000
58016  43.175  -19.426  44.599 0.0000000000
58028  42.615  -19.596  42.887 0.0000000000
58043  42.018  -19.955  42.265 0.0000000000
57046  40.884  -20.771  40.231 0.0000000000
56111  39.528  -21.519  41.078 0.0000000000
55171  38.533  -22.613  42.306 0.0000000000
56103  38.887  -22.174  41.949 0.0000000000
53493  43.385  -23.875  49.627 0.0000000000
53494  42.789  -24.196  48.958 0.0000000000
48465  41.369  -30.344  51.039 0.0000000000
49389  41.834  -29.595  50.969 0.0000000000
49390  41.126  -29.857  50.480 0.0000000000
50271  40.647  -28.484  49.721 0.0000000000
50292  39.224  -28.408  47.907 0.0000000000
51102  39.059  -27.810  47.502 0.0000000000
51910  39.382  -26.883  47.774 0.0000000000
52711  39.585  -25.881  47.654 0.0000000000
53506  39.220  -24.713  46.436 0.0000000000
52717  38.688  -25.498  46.176 0.0000000000
52731  38.040  -25.412  44.709 0.0000000000
51940  36.726  -26.824  43.103 0.0000000000
51948  35.784  -27.037  41.786 0.0000000000
123665  35.380  -26.217  40.359 0.0000000000
51976  35.128  -26.871  40.249 0.0000000000
51977  34.857  -26.981  39.633 0.0000000000
51199  34.304  -27.318  38.333 0.0000000000
50402  33.520  -28.918  37.267 0.0000000000
47704  33.237  -31.222  36.621 0.0000000000
44725  34.317  -33.740  42.301 0.0000000000
128857  34.052  -33.453  41.466 0.0000000000
44780  30.280  -34.447  37.786 0.0000000000
44779  31.134  -34.011  38.110 0.0000000000
41307  30.546  -37.940  48.935 0.0000000000
41333  27.922  -37.787  47.040 0.0000000000
129155  28.932  -37.744  47.423 0.0000000000
112681  28.249  -37.708  46.348 0.0000000000
112682  28.857  -37.702  46.207 0.0000000000
41340  29.123  -37.632  45.613 0.0000000000
118209  29.051  -37.537  45.005 0.0000000000
41353  28.397  -37.320  44.059 0.0000000000
40439  22.383  -39.378  45.861 0.0000000000
40438  22.843  -38.851  45.517 0.0000000000
41358  22.964  -38.502  44.915 0.0000000000
41369  23.061  -37.931  44.099 0.0000000000
41392  21.909  -38.426  40.835 0.0000000000
42261  24.484  -36.824  41.842 0.0000000000
61486  44.930  -16.124  32.830 0.0000000000
54365  47.757  -24.057  37.774 0.0000000000
54373  47.195  -23.539  37.180 0.0000000000
53600  46.850  -24.306  37.459 0.0000000000
35865  21.547  -43.966  59.314 0.0000000000
34953  21.134  -44.276  59.250 0.0000000000
34945  20.660  -44.338  59.832 0.0000000000
34946  20.176  -44.357  60.439 0.0000000000
131875  21.304  -43.242  61.505 0.0000000000
34939  19.717  -44.331  60.974 0.0000000000
35846  19.339  -44.059  61.344 0.0000000000
35847  18.819  -43.945  61.292 0.0000000000
38386  23.304  -41.912  60.400 0.0000000000
37531  23.268  -42.398  60.008 0.0000000000
36702  22.452  -43.327  59.851 0.0000000000
113409  22.066  -43.719  59.237 0.0000000000
42933  37.006  -35.920  56.191 0.0000000000
43712  37.539  -35.569  55.690 0.0000000000
113828  38.123  -35.050  54.307 0.0000000000
43735  38.301  -34.719  53.627 0.0000000000
44589  38.497  -34.336  52.855 0.0000000000
44605  39.078  -33.851  52.351 0.0000000000
44624  38.410  -34.222  51.073 0.0000000000
43777  37.168  -34.667  50.220 0.0000000000
44646  37.248  -34.479  49.335 0.0000000000
44664  36.656  -34.585  48.632 0.0000000000
43798  35.788  -34.677  47.353 0.0000000000
43018  34.060  -35.820  47.498 0.0000000000
42213  32.292  -36.743  47.013 0.0000000000
36873  20.644  -43.772  45.648 0.0000000000
36075  20.158  -44.317  45.200 0.0000000000
122205  20.050  -44.633  44.535 0.0000000000
116919  20.120  -45.277  43.402 0.0000000000
129342  19.687  -45.479  43.692 0.0000000000
35163  19.786  -45.810  43.023 0.0000000000
59825  46.768  -17.677  36.200 0.0000000000
59838  46.100  -17.855  35.564 0.0000000000
58950  46.610  -18.490  35.990 0.0000000000
57100  46.354  -20.064  36.024 0.0000000000
57101  45.458  -20.266  35.706 0.0000000000
56180  45.233  -21.129  35.864 0.0000000000
36829  17.750  -43.736  48.964 0.0000000000
36842  15.923  -43.769  48.766 0.0000000000
36831  15.775  -43.490  49.584 0.0000000000
36752  17.075  -42.806  55.607 0.0000000000
36762  16.667  -42.449  54.646 0.0000000000
37592  15.708  -42.092  54.412 0.0000000000
37604  14.390  -42.388  53.417 0.0000000000
35941  13.398  -44.538  52.518 0.0000000000
35921  12.428  -44.450  54.296 0.0000000000
35010  12.461  -45.331  54.024 0.0000000000
41164  32.370  -37.751  59.078 0.0000000000
129937  32.386  -38.111  58.571 0.0000000000
41192  33.109  -37.862  58.245 0.0000000000
125017  32.784  -38.440  56.923 0.0000000000
40300  32.999  -38.467  56.360 0.0000000000
40318  32.634  -38.523  55.655 0.0000000000
40319  31.686  -38.605  55.406 0.0000000000
40320  31.087  -38.718  55.005 0.0000000000
40321  30.525  -38.703  55.161 0.0000000000
40303  30.196  -38.576  55.895 0.0000000000
37577  24.011  -42.063  56.567 0.0000000000
38452  24.128  -41.583  55.979 0.0000000000
37600  22.967  -42.341  54.088 0.0000000000
37629  22.522  -42.439  52.034 0.0000000000
35961  20.987  -44.406  50.143 0.0000000000
35948  20.987  -44.453  51.043 0.0000000000
55213  46.114  -22.930  39.020 0.0000000000
54349  44.790  -23.681  39.510 0.0000000000
54339  45.190  -24.276  39.981 0.0000000000
38347  11.662  -41.705  63.696 0.0000000000
37514  11.584  -42.511  62.283 0.0000000000
36705  11.524  -43.614  60.275 0.0000000000
113757  11.336  -43.715  60.874 0.0000000000
114546  10.722  -44.751  60.726 0.0000000000
59769  48.785  -18.232  41.709 0.0000000000
58891  48.723  -18.724  41.454 0.0000000000
58036  48.305  -19.013  42.102 0.0000000000
58037  47.981  -19.436  42.740 0.0000000000
57993  44.120  -19.255  46.787 0.0000000000
57006  42.652  -20.150  45.901 0.0000000000
57024  40.848  -20.603  43.214 0.0000000000
56093  39.824  -21.566  43.395 0.0000000000
56085  39.654  -21.876  44.198 0.0000000000
120143  43.136  -26.044  50.219 0.0000000000
48514  39.090  -30.653  48.206 0.0000000000
49428  38.804  -29.947  47.783 0.0000000000
129967  38.683  -29.367  47.386 0.0000000000
49440  38.199  -29.931  46.186 0.0000000000
50303  38.439  -29.083  46.711 0.0000000000
50314  38.281  -28.468  46.196 0.0000000000
51123  38.253  -27.764  46.003 0.0000000000
51124  37.868  -27.602  45.372 0.0000000000
51929  37.783  -26.781  45.120 0.0000000000
51136  37.133  -28.049  44.147 0.0000000000
120158  36.748  -28.175  43.538 0.0000000000
50354  36.435  -28.779  43.179 0.0000000000
50367  35.601  -28.503  41.745 0.0000000000
123741  35.074  -28.917  40.804 0.0000000000
123436  34.713  -29.035  40.249 0.0000000000
49512  34.602  -29.892  40.007 0.0000000000
48606  35.057  -30.740  40.465 0.0000000000
48617  34.142  -30.742  38.811 0.0000000000
47684  33.962  -31.594  38.492 0.0000000000
46644  33.496  -32.142  37.973 0.0000000000
44753  32.244  -34.549  40.737 0.0000000000
43863  31.316  -35.335  39.929 0.0000000000
43873  30.367  -35.413  38.943 0.0000000000
43881  30.104  -35.121  38.351 0.0000000000
112521  29.540  -38.347  49.618 0.0000000000
41299  28.936  -38.185  49.200 0.0000000000
41309  28.713  -37.937  48.613 0.0000000000
41310  27.546  -37.792  48.636 0.0000000000
111635  28.119  -37.822  48.370 0.0000000000
41343  26.956  -37.641  45.890 0.0000000000
39510  20.935  -40.252  42.998 0.0000000000
40463  21.276  -39.431  42.731 0.0000000000
40477  21.141  -39.270  41.733 0.0000000000
130412  21.563  -38.713  41.416 0.0000000000
119713  21.393  -39.147  40.820 0.0000000000
62337  49.471  -15.132  32.189 0.0000000000
61510  48.010  -15.120  31.111 0.0000000000
61530  45.550  -15.833  30.022 0.0000000000
58995  41.891  -18.008  32.687 0.0000000000
35004  19.977  -44.582  53.816 0.0000000000
115608  19.878  -44.536  54.914 0.0000000000
35905  19.116  -44.422  55.450 0.0000000000
35907  18.480  -43.866  55.757 0.0000000000
34963  20.512  -44.607  58.336 0.0000000000
34976  19.081  -44.660  57.496 0.0000000000
34965  18.968  -44.659  58.373 0.0000000000
129983  18.114  -43.611  56.381 0.0000000000
36751  17.593  -43.328  56.385 0.0000000000
119785  17.106  -42.832  56.419 0.0000000000
37565  16.501  -42.258  56.569 0.0000000000
36735  17.252  -43.040  57.762 0.0000000000
38428  15.027  -41.552  57.505 0.0000000000
41144  29.007  -37.945  59.674 0.0000000000
124249  27.769  -39.032  58.152 0.0000000000
39349  27.158  -39.574  58.020 0.0000000000
39350  26.400  -40.234  57.879 0.0000000000
38423  25.691  -40.772  57.830 0.0000000000
38384  24.738  -40.932  59.207 0.0000000000
128901  24.600  -41.721  58.235 0.0000000000
119378  24.073  -42.221  58.465 0.0000000000
37554  24.258  -42.188  57.777 0.0000000000
37563  24.169  -42.157  57.201 0.0000000000
37564  23.715  -42.553  56.703 0.0000000000
36749  23.181  -42.960  56.010 0.0000000000
36750  22.580  -43.557  55.747 0.0000000000
59712  45.507  -16.833  47.232 0.0000000000
58831  44.906  -18.242  47.363 0.0000000000
58813  44.468  -17.953  48.080 0.0000000000
57975  44.002  -19.320  47.457 0.0000000000
56980  43.423  -20.418  47.562 0.0000000000
56960  43.645  -20.110  48.711 0.0000000000
119353  42.858  -21.249  47.509 0.0000000000
48466  40.655  -30.613  50.428 0.0000000000
47546  40.079  -31.190  49.980 0.0000000000
48481  39.736  -31.071  49.358 0.0000000000
45523  39.344  -33.273  51.078 0.0000000000
46479  39.371  -32.541  49.812 0.0000000000
121472  39.276  -31.438  48.678 0.0000000000
47568  38.781  -31.392  47.940 0.0000000000
46516  37.472  -32.567  46.191 0.0000000000
47579  37.728  -32.001  45.919 0.0000000000
46543  37.182  -32.213  44.861 0.0000000000
47604  36.894  -32.127  44.287 0.0000000000
46573  36.065  -32.550  43.309 0.0000000000
133529  36.163  -32.837  43.757 0.0000000000
45640  35.756  -33.116  43.512 0.0000000000
44714  35.227  -33.641  43.592 0.0000000000
44726  33.751  -34.312  42.708 0.0000000000
44727  32.942  -34.704  42.225 0.0000000000
118779  34.402  -34.700  44.756 0.0000000000
43815  33.688  -35.206  44.631 0.0000000000
43823  32.996  -34.976  43.120 0.0000000000
43836  31.645  -35.920  41.822 0.0000000000
43043  31.347  -36.704  42.900 0.0000000000
43046  31.231  -36.690  42.118 0.0000000000
42271  30.204  -36.780  41.185 0.0000000000
40406  23.900  -38.813  49.419 0.0000000000
40416  23.820  -38.602  48.509 0.0000000000
40434  22.485  -39.584  46.715 0.0000000000
40440  21.944  -39.798  45.358 0.0000000000
119415  20.901  -43.155  45.181 0.0000000000
37693  20.823  -42.768  44.511 0.0000000000
133327  20.424  -43.303  43.231 0.0000000000
130772  20.629  -42.399  43.824 0.0000000000
38563  20.836  -41.774  44.356 0.0000000000
39502  20.913  -40.855  43.737 0.0000000000
63128  47.020  -13.852  34.130 0.0000000000
62318  45.750  -14.900  33.994 0.0000000000
60661  45.185  -16.273  33.768 0.0000000000
60662  44.822  -16.722  33.369 0.0000000000
58966  45.434  -18.072  35.080 0.0000000000
58967  44.813  -18.327  34.677 0.0000000000
58136  44.475  -19.064  34.851 0.0000000000
58968  44.130  -18.554  34.344 0.0000000000
111394  17.537  -44.347  47.420 0.0000000000
35928  19.425  -44.381  53.152 0.0000000000
36798  17.754  -43.548  51.640 0.0000000000
37617  16.068  -42.449  52.395 0.0000000000
37633  14.598  -42.865  51.983 0.0000000000
37632  15.421  -42.663  51.795 0.0000000000
36832  14.928  -43.756  49.923 0.0000000000
35982  14.799  -44.518  49.674 0.0000000000
42084  34.739  -37.221  57.784 0.0000000000
42925  36.949  -35.710  56.859 0.0000000000
42934  36.525  -36.373  56.477 0.0000000000
42939  36.573  -36.442  55.614 0.0000000000
42127  35.355  -37.151  54.663 0.0000000000
42139  35.736  -36.808  54.318 0.0000000000
42165  34.095  -36.838  51.614 0.0000000000
42166  33.505  -37.393  51.930 0.0000000000
41271  32.318  -37.895  51.393 0.0000000000
111722  31.659  -38.104  51.176 0.0000000000
111084  31.090  -38.231  50.767 0.0000000000
40381  30.573  -38.388  50.981 0.0000000000
40355  30.886  -38.614  53.587 0.0000000000
40369  31.051  -38.541  52.965 0.0000000000
126925  30.827  -38.498  52.055 0.0000000000
111063  27.567  -38.230  50.904 0.0000000000
41303  24.473  -38.599  49.771 0.0000000000
39364  27.936  -38.742  57.302 0.0000000000
39380  26.659  -39.785  57.302 0.0000000000
39402  24.941  -40.102  55.046 0.0000000000
40326  25.614  -39.535  54.963 0.0000000000
40343  26.427  -38.941  54.724 0.0000000000
41247  26.615  -38.730  53.760 0.0000000000
130549  25.380  -38.849  51.697 0.0000000000
40385  24.563  -39.247  51.778 0.0000000000
40384  25.091  -38.780  51.062 0.0000000000
40395  24.775  -38.667  50.355 0.0000000000
114589  23.391  -39.328  49.035 0.0000000000
133802  23.077  -39.713  48.805 0.0000000000
112826  22.330  -40.931  49.046 0.0000000000
35977  21.034  -44.244  49.066 0.0000000000
128398  21.240  -43.914  47.795 0.0000000000
36851  21.197  -43.654  47.250 0.0000000000
36862  20.849  -43.807  46.573 0.0000000000
36053  19.733  -44.546  45.710 0.0000000000
35113  19.253  -44.838  45.219 0.0000000000
35096  19.343  -44.606  45.947 0.0000000000
35138  18.869  -45.289  44.814 0.0000000000
56155  49.528  -21.786  37.755 0.0000000000
55235  49.051  -22.351  37.599 0.0000000000
55226  48.829  -22.974  37.680 0.0000000000
54364  48.463  -23.632  37.915 0.0000000000
121280  48.702  -23.303  38.198 0.0000000000
128590  46.868  -24.093  39.389 0.0000000000
128854  46.322  -24.843  39.775 0.0000000000
53564  46.980  -24.992  39.309 0.0000000000
52794  46.772  -25.365  39.062 0.0000000000
53567  43.209  -24.545  40.346 0.0000000000
39277  21.981  -41.928  62.403 0.0000000000
37501  20.039  -42.471  61.902 0.0000000000
35826  18.717  -42.966  62.044 0.0000000000
115525  18.891  -43.408  61.733 0.0000000000
35837  18.509  -43.134  61.794 0.0000000000
37492  18.179  -42.686  63.776 0.0000000000
36683  18.287  -42.987  63.161 0.0000000000
36692  17.844  -42.869  62.411 0.0000000000
36703  17.233  -43.472  60.838 0.0000000000
123253  16.975  -43.379  60.280 0.0000000000
37543  16.713  -42.776  59.961 0.0000000000
37519  16.816  -42.205  61.755 0.0000000000
37544  16.311  -41.795  59.488 0.0000000000
38413  15.127  -41.259  58.293 0.0000000000
38429  14.229  -41.336  57.794 0.0000000000
130764  15.298  -40.069  63.627 0.0000000000
39279  15.357  -40.445  62.952 0.0000000000
117187  14.009  -40.515  60.862 0.0000000000
38392  14.360  -40.707  60.014 0.0000000000
38414  14.105  -41.004  58.573 0.0000000000
38430  13.575  -41.735  57.433 0.0000000000
132512  13.120  -42.159  57.098 0.0000000000
36742  12.316  -43.220  56.593 0.0000000000
35888  11.850  -44.022  56.860 0.0000000000
114605  48.693  -13.178  35.197 0.0000000000
63112  49.620  -13.053  35.310 0.0000000000
63113  47.851  -13.146  35.513 0.0000000000
119074  47.241  -13.268  35.937 0.0000000000
63102  46.756  -13.721  36.034 0.0000000000
62298  46.450  -14.409  36.207 0.0000000000
61458  46.435  -15.329  36.420 0.0000000000
64028  48.112  -12.401  38.024 0.0000000000
63086  48.219  -13.080  38.613 0.0000000000
62289  47.277  -14.702  37.692 0.0000000000
60619  46.934  -16.094  37.052 0.0000000000
59824  47.466  -17.471  36.856 0.0000000000
58928  48.229  -17.989  37.384 0.0000000000
58110  48.827  -19.785  37.347 0.0000000000
117307  49.223  -20.496  37.470 0.0000000000
61426  49.204  -14.504  40.164 0.0000000000
59796  49.626  -18.199  39.004 0.0000000000
58916  49.537  -18.676  38.573 0.0000000000
58100  49.660  -20.099  37.817 0.0000000000
57077  49.859  -20.970  37.853 0.0000000000
56154  49.818  -21.669  38.028 0.0000000000
56137  49.614  -21.412  38.323 0.0000000000
57064  49.646  -20.592  38.548 0.0000000000
58065  47.580  -19.266  40.256 0.0000000000
118094  44.494  -21.492  38.430 0.0000000000
57068  43.574  -21.227  38.438 0.0000000000
58856  47.015  -17.986  45.275 0.0000000000
58868  46.809  -18.670  44.888 0.0000000000
112069  45.254  -19.044  42.886 0.0000000000
58004  44.576  -19.031  46.090 0.0000000000
120510  44.807  -18.969  45.455 0.0000000000
131657  43.103  -19.742  40.121 0.0000000000
56144  42.112  -21.736  38.448 0.0000000000
56127  41.099  -21.616  38.647 0.0000000000
56112  38.962  -22.013  41.283 0.0000000000
56120  39.074  -21.904  40.513 0.0000000000
55201  38.643  -22.241  39.307 0.0000000000
55115  43.332  -22.259  48.933 0.0000000000
55124  41.815  -22.835  47.545 0.0000000000
51890  42.728  -26.807  50.255 0.0000000000
49417  40.043  -29.073  49.274 0.0000000000
50282  40.090  -28.311  49.225 0.0000000000
51089  40.577  -27.660  49.491 0.0000000000
52696  42.453  -25.986  49.683 0.0000000000
53495  42.065  -24.678  48.711 0.0000000000
53500  41.547  -24.358  48.202 0.0000000000
54274  41.460  -23.667  47.773 0.0000000000
54290  39.920  -23.074  46.018 0.0000000000
54291  39.274  -23.484  45.558 0.0000000000
53515  38.991  -24.133  45.822 0.0000000000
54299  38.525  -23.720  44.274 0.0000000000
54307  37.783  -23.922  42.960 0.0000000000
52724  37.784  -26.137  44.769 0.0000000000
52732  37.601  -25.915  44.018 0.0000000000
52738  37.098  -26.029  43.258 0.0000000000
123664  37.441  -25.386  43.414 0.0000000000
53537  37.296  -24.407  42.401 0.0000000000
53546  36.464  -24.503  41.047 0.0000000000
52772  35.489  -25.512  40.005 0.0000000000
50396  33.657  -29.030  38.177 0.0000000000
130833  33.345  -29.725  37.007 0.0000000000
134242  35.299  -32.297  41.549 0.0000000000
46612  34.662  -32.488  40.591 0.0000000000
45676  34.399  -32.928  40.987 0.0000000000
46613  34.186  -32.863  40.224 0.0000000000
46645  32.954  -32.458  37.603 0.0000000000
112959  32.289  -34.135  39.893 0.0000000000
44761  32.209  -33.758  39.010 0.0000000000
44770  31.770  -33.688  38.389 0.0000000000
45699  32.410  -33.159  38.230 0.0000000000
42192  33.315  -37.030  49.942 0.0000000000
119458  32.104  -36.887  48.127 0.0000000000
133640  32.025  -36.877  47.448 0.0000000000
42221  31.585  -37.128  46.735 0.0000000000
41319  30.286  -37.660  47.879 0.0000000000
41320  29.516  -37.697  47.584 0.0000000000
41318  30.898  -37.499  47.199 0.0000000000
42225  31.317  -37.119  45.657 0.0000000000
129179  30.230  -37.503  43.518 0.0000000000
41363  29.379  -37.561  43.684 0.0000000000
41372  29.809  -37.542  43.195 0.0000000000
118500  29.487  -37.512  42.652 0.0000000000
42274  27.922  -36.506  40.853 0.0000000000
41324  25.134  -38.069  47.335 0.0000000000
112062  23.972  -38.298  46.171 0.0000000000
41335  25.313  -38.099  46.655 0.0000000000
112679  25.938  -37.979  46.107 0.0000000000
120220  26.304  -37.702  45.287 0.0000000000
41370  22.385  -38.449  43.425 0.0000000000
41368  24.181  -37.604  44.109 0.0000000000
41355  25.764  -37.654  44.652 0.0000000000
41354  26.646  -37.364  44.655 0.0000000000
41376  26.774  -36.888  43.171 0.0000000000
42260  25.506  -36.731  41.795 0.0000000000
42243  27.207  -36.799  42.451 0.0000000000
42258  27.592  -36.698  41.710 0.0000000000
62352  46.045  -14.828  32.207 0.0000000000
61495  45.471  -15.305  32.600 0.0000000000
122178  46.289  -15.008  31.571 0.0000000000
121404  46.130  -15.234  31.032 0.0000000000
61531  44.989  -15.768  30.346 0.0000000000
60704  44.851  -16.272  29.792 0.0000000000
122060  47.179  -22.208  36.625 0.0000000000
55237  46.581  -22.801  36.698 0.0000000000
34365  18.628  -45.871  44.254 0.0000000000
35098  17.862  -44.819  46.042 0.0000000000
35854  20.601  -44.113  60.418 0.0000000000
35927  21.608  -44.240  53.805 0.0000000000
35981  15.259  -44.622  48.809 0.0000000000
36674  18.372  -42.929  63.408 0.0000000000
36764  12.594  -43.659  54.579 0.0000000000
37641  14.972  -43.015  51.191 0.0000000000
39266  15.614  -39.760  63.939 0.0000000000
40249  29.535  -38.444  59.018 0.0000000000
41165  31.610  -37.752  59.423 0.0000000000
41182  31.244  -38.202  59.123 0.0000000000
41332  28.578  -37.759  46.900 0.0000000000
42254  30.600  -37.001  41.839 0.0000000000
50387  34.504  -28.298  39.770 0.0000000000
51146  37.276  -27.258  44.092 0.0000000000
52760  35.743  -25.806  40.862 0.0000000000
54363  48.476  -23.611  38.132 0.0000000000
58985  41.483  -18.581  33.101 0.0000000000
60543  45.889  -15.963  45.865 0.0000000000
61522  45.553  -15.493  30.700 0.0000000000
114539  20.076  -44.523  50.003 0.0000000000
117093  29.515  -37.428  42.202 0.0000000000
120326  27.358  -36.978  43.597 0.0000000000
126489  17.664  -44.567  46.788 0.0000000000
127915  35.167  -37.203  57.286 0.0000000000
132976  32.422  -35.575  43.126 0.0000000000
133667  23.087  -42.938  62.830 0.0000000000
