#!ascii label  , from subject bert vox2ras=TkReg
745
39276  22.195  -41.775  62.185 0.0000000000
116751  37.558  -19.158  45.589 0.0000000000
61365  45.692  -15.797  45.252 0.0000000000
50217  42.479  -28.942  53.960 0.0000000000
44514  27.286  -36.264  57.003 0.0000000000
39307  24.765  -39.772  60.045 0.0000000000
60545  41.817  -16.044  45.713 0.0000000000
57922  42.173  -19.112  50.489 0.0000000000
48386  38.935  -31.160  56.476 0.0000000000
44476  32.421  -35.650  58.684 0.0000000000
130421  49.648  -9.163  37.529 0.0000000000
62258  46.862  -14.523  41.432 0.0000000000
51879  38.759  -26.790  51.310 0.0000000000
55089  40.236  -22.233  52.010 0.0000000000
117962  24.284  -37.722  59.171 0.0000000000
39309  22.938  -41.039  60.843 0.0000000000
59741  39.663  -17.407  45.602 0.0000000000
60497  42.104  -17.117  48.712 0.0000000000
116472  40.318  -18.508  48.439 0.0000000000
44555  38.752  -34.536  54.442 0.0000000000
43660  29.253  -36.818  59.073 0.0000000000
44496  29.655  -35.646  58.203 0.0000000000
42058  31.178  -37.248  59.728 0.0000000000
132408  47.531  -9.356  38.368 0.0000000000
64026  49.415  -11.752  39.703 0.0000000000
129678  47.921  -10.705  40.285 0.0000000000
61381  44.860  -15.275  44.049 0.0000000000
60585  44.986  -16.297  40.351 0.0000000000
62232  46.697  -15.169  43.207 0.0000000000
61387  48.138  -15.083  42.289 0.0000000000
59746  48.145  -17.362  43.752 0.0000000000
49333  41.118  -29.946  55.654 0.0000000000
50219  39.379  -28.779  54.219 0.0000000000
51855  40.349  -26.706  54.678 0.0000000000
53472  39.650  -24.662  51.906 0.0000000000
53447  41.840  -24.768  53.957 0.0000000000
54242  42.798  -23.614  52.183 0.0000000000
51062  43.382  -27.213  51.564 0.0000000000
42896  26.299  -37.085  59.199 0.0000000000
60568  41.561  -16.290  42.215 0.0000000000
61367  44.219  -14.986  45.967 0.0000000000
60509  44.121  -16.502  47.967 0.0000000000
58814  44.017  -18.543  48.529 0.0000000000
46391  36.250  -33.519  57.160 0.0000000000
46388  38.546  -32.911  56.809 0.0000000000
46409  40.357  -32.536  55.527 0.0000000000
117252  41.291  -31.285  53.063 0.0000000000
48449  42.043  -30.011  51.624 0.0000000000
44523  34.246  -34.593  57.029 0.0000000000
43680  35.445  -35.195  58.204 0.0000000000
119882  49.268  -11.933  36.570 0.0000000000
63081  45.916  -13.157  39.561 0.0000000000
63066  48.721  -13.106  41.206 0.0000000000
60584  49.016  -16.456  40.321 0.0000000000
56974  38.947  -20.623  48.698 0.0000000000
56913  41.129  -20.638  51.579 0.0000000000
55102  43.470  -22.628  50.600 0.0000000000
37498  22.568  -42.335  62.623 0.0000000000
39291  22.339  -41.728  61.728 0.0000000000
37508  22.536  -42.371  62.471 0.0000000000
58859  38.303  -18.322  45.219 0.0000000000
58833  39.462  -18.139  47.157 0.0000000000
58834  38.891  -18.659  47.344 0.0000000000
42880  30.553  -36.953  59.523 0.0000000000
65818  46.504  -10.347  38.290 0.0000000000
65807  47.668  -10.052  39.546 0.0000000000
64937  46.365  -11.024  38.852 0.0000000000
62227  45.308  -14.913  45.044 0.0000000000
126085  45.738  -15.310  43.570 0.0000000000
111893  46.102  -15.420  43.752 0.0000000000
61380  47.129  -15.371  43.414 0.0000000000
50210  41.866  -28.930  54.819 0.0000000000
50212  40.612  -28.496  55.414 0.0000000000
51042  41.088  -27.223  54.940 0.0000000000
52665  40.581  -25.444  54.321 0.0000000000
51859  42.263  -26.488  54.181 0.0000000000
52672  42.997  -25.857  52.919 0.0000000000
50225  42.957  -27.999  52.664 0.0000000000
43676  25.214  -37.017  58.876 0.0000000000
41147  25.419  -38.392  59.746 0.0000000000
129230  27.092  -38.342  59.613 0.0000000000
60554  40.623  -16.783  44.340 0.0000000000
60569  40.755  -16.652  42.613 0.0000000000
60553  41.464  -16.248  44.557 0.0000000000
61383  43.122  -15.561  44.172 0.0000000000
61368  42.818  -15.666  45.757 0.0000000000
61341  43.943  -15.651  46.906 0.0000000000
61343  42.901  -15.970  47.638 0.0000000000
59669  42.078  -18.032  49.848 0.0000000000
59683  43.027  -17.176  48.862 0.0000000000
57934  43.191  -19.306  49.774 0.0000000000
56960  43.645  -20.110  48.711 0.0000000000
123076  43.450  -20.658  49.500 0.0000000000
44490  36.834  -34.572  57.609 0.0000000000
46376  37.519  -33.525  57.135 0.0000000000
44488  37.978  -34.268  57.277 0.0000000000
44538  39.519  -33.500  55.596 0.0000000000
46431  40.967  -31.841  54.198 0.0000000000
114101  30.973  -35.675  58.786 0.0000000000
44509  31.632  -35.630  57.785 0.0000000000
44508  33.164  -34.990  57.846 0.0000000000
44474  34.815  -34.925  58.226 0.0000000000
43682  33.988  -35.746  58.986 0.0000000000
125470  49.153  -8.537  36.764 0.0000000000
64954  49.860  -10.476  37.020 0.0000000000
64018  49.467  -12.431  40.149 0.0000000000
61401  46.305  -15.350  41.264 0.0000000000
60593  45.339  -16.158  39.659 0.0000000000
62275  46.177  -14.683  39.961 0.0000000000
124159  45.787  -14.160  39.392 0.0000000000
62268  46.781  -14.063  40.716 0.0000000000
63073  47.343  -13.058  41.144 0.0000000000
63067  47.940  -13.208  41.522 0.0000000000
59768  48.864  -17.618  41.442 0.0000000000
126456  48.774  -15.854  40.745 0.0000000000
48402  38.253  -31.251  56.160 0.0000000000
133649  38.122  -30.540  54.756 0.0000000000
51054  39.108  -27.970  52.867 0.0000000000
50239  38.816  -28.761  52.446 0.0000000000
55090  39.987  -22.940  51.986 0.0000000000
55103  38.728  -23.047  50.423 0.0000000000
111886  38.989  -22.350  50.895 0.0000000000
56048  38.252  -21.563  48.704 0.0000000000
56032  39.943  -21.285  50.957 0.0000000000
57913  40.551  -20.241  50.942 0.0000000000
55998  40.842  -21.653  52.277 0.0000000000
52689  43.695  -25.068  51.226 0.0000000000
54241  42.885  -23.109  51.673 0.0000000000
54256  43.561  -23.877  50.587 0.0000000000
54265  43.385  -23.031  49.313 0.0000000000
41149  24.123  -38.911  60.228 0.0000000000
39308  23.774  -40.209  60.378 0.0000000000
38385  23.949  -41.356  59.752 0.0000000000
38386  23.304  -41.912  60.400 0.0000000000
60547  40.284  -16.929  45.831 0.0000000000
60523  41.929  -16.406  47.673 0.0000000000
59714  40.741  -17.250  47.513 0.0000000000
130278  41.324  -17.799  48.822 0.0000000000
58789  41.639  -18.668  50.223 0.0000000000
44468  28.373  -36.151  58.233 0.0000000000
130465  28.536  -35.986  57.535 0.0000000000
43671  30.049  -36.237  58.611 0.0000000000
128238  31.043  -35.936  59.608 0.0000000000
42895  31.720  -36.291  59.632 0.0000000000
42908  33.265  -36.614  59.176 0.0000000000
127547  32.828  -37.133  59.328 0.0000000000
67500  48.530  -8.894  38.244 0.0000000000
118991  49.368  -10.608  39.074 0.0000000000
66638  48.350  -9.497  39.366 0.0000000000
65790  48.953  -11.157  40.212 0.0000000000
64010  49.122  -12.125  40.709 0.0000000000
61402  43.235  -15.915  41.823 0.0000000000
112916  44.168  -15.883  41.999 0.0000000000
61388  45.875  -15.250  42.679 0.0000000000
62259  46.581  -14.869  42.149 0.0000000000
62242  47.670  -14.250  42.029 0.0000000000
62231  47.369  -14.951  42.686 0.0000000000
60566  48.153  -16.081  42.476 0.0000000000
49323  39.937  -30.457  55.737 0.0000000000
49336  39.226  -29.849  55.443 0.0000000000
50213  40.222  -28.868  55.424 0.0000000000
50218  39.780  -28.053  54.622 0.0000000000
134123  39.693  -26.622  52.976 0.0000000000
52679  39.390  -25.566  51.843 0.0000000000
52674  39.989  -25.017  53.622 0.0000000000
53462  40.046  -24.123  53.703 0.0000000000
54231  40.711  -23.382  53.068 0.0000000000
55070  41.680  -22.760  52.696 0.0000000000
53461  42.079  -24.134  53.482 0.0000000000
52677  43.629  -25.880  52.235 0.0000000000
51885  43.308  -26.671  50.828 0.0000000000
43686  24.453  -36.801  58.004 0.0000000000
44483  25.414  -36.396  57.565 0.0000000000
123385  27.025  -36.359  57.671 0.0000000000
42883  27.517  -37.382  59.479 0.0000000000
111744  28.161  -38.003  59.775 0.0000000000
61390  42.956  -15.766  42.649 0.0000000000
115779  44.171  -15.289  44.537 0.0000000000
62213  44.809  -15.094  45.830 0.0000000000
131974  45.051  -15.504  46.524 0.0000000000
59712  45.507  -16.833  47.232 0.0000000000
59713  44.988  -17.428  47.670 0.0000000000
60511  42.911  -16.630  48.323 0.0000000000
59682  43.875  -17.667  48.611 0.0000000000
45434  35.479  -33.618  56.364 0.0000000000
118123  36.868  -33.013  56.706 0.0000000000
47417  37.519  -32.455  56.466 0.0000000000
47431  38.680  -31.644  56.576 0.0000000000
44521  39.097  -33.825  56.250 0.0000000000
46400  39.555  -32.718  56.474 0.0000000000
47429  39.512  -31.586  56.335 0.0000000000
47448  40.932  -31.320  55.615 0.0000000000
48412  41.886  -30.568  54.605 0.0000000000
48423  42.319  -30.022  53.151 0.0000000000
49367  42.604  -29.410  52.802 0.0000000000
112719  41.812  -30.511  52.175 0.0000000000
45408  35.026  -34.213  57.214 0.0000000000
45379  35.523  -34.556  57.874 0.0000000000
132846  36.697  -35.290  57.611 0.0000000000
42072  34.799  -36.748  58.258 0.0000000000
42082  35.885  -36.553  57.367 0.0000000000
64053  50.802  -11.598  35.767 0.0000000000
64932  45.807  -11.829  38.749 0.0000000000
64922  47.250  -11.556  40.228 0.0000000000
64909  48.467  -11.943  41.078 0.0000000000
62256  49.250  -13.808  40.483 0.0000000000
61399  48.507  -14.801  41.502 0.0000000000
132515  49.081  -14.426  40.493 0.0000000000
113080  49.039  -15.678  39.964 0.0000000000
48424  38.387  -30.126  53.338 0.0000000000
56975  38.187  -20.947  47.935 0.0000000000
57977  37.979  -19.615  46.916 0.0000000000
57954  39.879  -19.113  48.580 0.0000000000
57923  40.735  -19.510  50.538 0.0000000000
57911  41.504  -20.042  51.106 0.0000000000
55088  41.702  -22.126  52.380 0.0000000000
56016  42.410  -21.235  51.330 0.0000000000
114265  43.016  -21.329  50.771 0.0000000000
55107  43.490  -22.432  49.826 0.0000000000
50251  42.849  -28.662  51.729 0.0000000000
119818  42.600  -28.197  50.802 0.0000000000
38341  22.160  -41.891  62.706 0.0000000000
37499  22.575  -42.362  62.821 0.0000000000
39277  21.981  -41.928  62.403 0.0000000000
39292  22.117  -41.373  61.591 0.0000000000
134767  37.891  -18.739  45.421 0.0000000000
58849  38.706  -18.346  46.611 0.0000000000
58860  38.092  -18.676  46.009 0.0000000000
64946  45.620  -11.132  37.961 0.0000000000
131880  45.037  -15.374  44.714 0.0000000000
62226  45.329  -15.417  44.369 0.0000000000
62225  45.723  -15.674  44.446 0.0000000000
61372  46.447  -15.545  43.873 0.0000000000
61364  46.346  -15.958  44.598 0.0000000000
51041  41.585  -27.833  54.872 0.0000000000
113912  42.222  -28.214  54.365 0.0000000000
51860  41.727  -26.894  54.702 0.0000000000
51047  42.225  -27.381  54.341 0.0000000000
120092  42.624  -27.122  53.695 0.0000000000
51052  42.604  -27.971  53.556 0.0000000000
40235  25.068  -38.999  59.935 0.0000000000
42046  25.077  -38.332  59.810 0.0000000000
40252  25.644  -39.484  59.576 0.0000000000
119080  40.877  -16.602  45.262 0.0000000000
60561  41.103  -16.479  43.603 0.0000000000
60544  42.453  -15.789  44.838 0.0000000000
61369  42.680  -15.780  46.600 0.0000000000
58799  42.074  -18.539  50.258 0.0000000000
134467  42.409  -18.155  49.919 0.0000000000
58788  42.648  -18.596  50.007 0.0000000000
57909  42.587  -19.578  50.434 0.0000000000
127379  37.293  -35.077  57.466 0.0000000000
44489  37.430  -34.673  57.475 0.0000000000
43697  37.881  -34.816  57.318 0.0000000000
116149  31.866  -35.437  58.622 0.0000000000
44494  31.120  -35.687  58.045 0.0000000000
44493  32.218  -35.327  58.002 0.0000000000
131420  32.772  -35.204  57.798 0.0000000000
122095  32.948  -35.285  58.501 0.0000000000
44492  34.113  -34.960  58.239 0.0000000000
44475  33.397  -35.427  58.626 0.0000000000
67516  49.492  -8.919  37.622 0.0000000000
67523  49.746  -8.736  37.021 0.0000000000
67522  49.931  -9.031  36.985 0.0000000000
66671  49.873  -9.608  37.098 0.0000000000
65822  49.524  -9.683  37.745 0.0000000000
61400  46.381  -15.099  40.585 0.0000000000
62267  47.316  -13.713  41.479 0.0000000000
48387  38.630  -31.333  56.463 0.0000000000
48415  38.107  -30.867  55.514 0.0000000000
48401  38.808  -30.814  56.062 0.0000000000
111351  39.084  -27.083  52.241 0.0000000000
51063  38.521  -27.679  51.277 0.0000000000
110941  40.338  -22.879  52.615 0.0000000000
55098  39.230  -22.812  51.377 0.0000000000
55097  39.617  -22.076  51.332 0.0000000000
56033  39.208  -21.828  50.666 0.0000000000
56017  40.253  -21.645  51.605 0.0000000000
56915  40.511  -21.010  51.497 0.0000000000
55999  40.591  -21.619  52.069 0.0000000000
52694  43.457  -25.197  50.339 0.0000000000
53480  43.618  -24.333  51.090 0.0000000000
53487  43.222  -24.773  49.552 0.0000000000
126507  23.051  -40.489  60.655 0.0000000000
117914  23.314  -39.860  60.390 0.0000000000
111026  23.904  -39.534  60.335 0.0000000000
38367  23.320  -41.200  60.631 0.0000000000
59749  38.780  -17.847  44.603 0.0000000000
59756  38.693  -17.821  43.681 0.0000000000
59748  39.459  -17.510  44.823 0.0000000000
60555  40.117  -17.065  45.003 0.0000000000
60534  40.475  -17.002  46.674 0.0000000000
116254  39.916  -17.325  46.259 0.0000000000
59715  40.391  -18.024  47.804 0.0000000000
59701  40.813  -18.183  48.678 0.0000000000
59670  41.662  -18.171  49.733 0.0000000000
58800  41.085  -18.375  49.412 0.0000000000
43672  28.912  -36.374  58.549 0.0000000000
44467  29.481  -35.825  58.144 0.0000000000
113715  31.206  -36.697  59.853 0.0000000000
43658  31.313  -36.411  60.013 0.0000000000
42879  31.217  -36.333  60.151 0.0000000000
118709  31.226  -36.023  59.471 0.0000000000
42041  31.440  -36.706  59.758 0.0000000000
42056  32.440  -36.784  59.395 0.0000000000
113560  46.961  -9.624  37.831 0.0000000000
66673  47.405  -9.234  37.286 0.0000000000
125712  47.772  -9.048  38.011 0.0000000000
66660  47.922  -9.047  38.804 0.0000000000
67485  48.430  -9.145  38.921 0.0000000000
66639  47.999  -9.306  39.411 0.0000000000
65791  48.341  -10.525  40.091 0.0000000000
64921  48.311  -11.264  40.632 0.0000000000
64920  48.891  -11.699  40.608 0.0000000000
61389  43.772  -15.770  42.592 0.0000000000
133039  44.835  -15.722  43.008 0.0000000000
62233  46.012  -15.359  43.696 0.0000000000
113683  46.592  -15.005  42.914 0.0000000000
127004  47.136  -14.817  42.489 0.0000000000
60559  47.791  -16.218  43.455 0.0000000000
111731  48.495  -17.090  42.917 0.0000000000
124194  48.578  -18.018  43.165 0.0000000000
49322  40.507  -30.169  55.745 0.0000000000
49335  39.915  -29.822  55.570 0.0000000000
50207  40.384  -29.515  55.596 0.0000000000
51043  40.525  -27.535  55.000 0.0000000000
121002  40.313  -28.111  55.195 0.0000000000
51044  40.148  -27.441  54.909 0.0000000000
51048  39.809  -27.252  54.262 0.0000000000
128254  39.818  -26.506  53.858 0.0000000000
51866  39.874  -25.895  53.309 0.0000000000
115359  40.039  -25.695  54.201 0.0000000000
52654  41.230  -25.820  54.495 0.0000000000
53449  40.544  -24.773  54.067 0.0000000000
54220  40.193  -24.148  53.741 0.0000000000
53448  41.133  -24.243  53.677 0.0000000000
51871  43.370  -26.564  52.544 0.0000000000
51878  43.742  -26.533  52.029 0.0000000000
114719  43.771  -25.816  51.687 0.0000000000
51884  43.615  -26.395  51.473 0.0000000000
42910  24.116  -37.366  58.405 0.0000000000
42909  24.600  -37.185  58.674 0.0000000000
42897  25.516  -37.472  59.366 0.0000000000
43675  25.924  -36.855  58.880 0.0000000000
44482  26.223  -36.396  57.590 0.0000000000
43674  26.795  -36.675  58.849 0.0000000000
44469  27.398  -36.340  58.184 0.0000000000
43662  27.130  -36.989  59.232 0.0000000000
60567  42.132  -15.900  42.790 0.0000000000
61375  43.597  -15.387  45.289 0.0000000000
61374  44.460  -15.076  45.333 0.0000000000
61366  44.929  -15.002  45.615 0.0000000000
127060  44.465  -15.067  46.055 0.0000000000
61352  44.412  -15.256  46.373 0.0000000000
61330  43.572  -16.103  47.500 0.0000000000
119266  44.153  -16.022  47.222 0.0000000000
60522  44.630  -16.544  47.602 0.0000000000
59698  44.254  -17.095  48.113 0.0000000000
119660  42.021  -16.631  48.202 0.0000000000
61344  42.521  -16.314  47.885 0.0000000000
60512  42.440  -16.717  48.422 0.0000000000
58798  43.434  -18.309  49.274 0.0000000000
128072  43.303  -17.478  48.933 0.0000000000
58813  44.468  -17.953  48.080 0.0000000000
45423  35.730  -33.637  57.040 0.0000000000
46402  36.184  -33.062  56.471 0.0000000000
45406  38.010  -33.568  57.089 0.0000000000
46390  37.566  -32.969  56.750 0.0000000000
46389  38.103  -32.862  56.781 0.0000000000
47416  38.192  -32.263  56.605 0.0000000000
47415  38.696  -32.111  56.694 0.0000000000
44522  38.612  -34.379  56.622 0.0000000000
119913  38.851  -34.324  55.647 0.0000000000
45433  40.181  -33.030  55.214 0.0000000000
45422  39.462  -33.240  56.297 0.0000000000
46399  39.987  -32.529  56.158 0.0000000000
46386  39.571  -32.140  56.521 0.0000000000
124009  39.980  -31.984  56.273 0.0000000000
47428  40.172  -31.431  55.967 0.0000000000
47449  40.386  -31.975  55.854 0.0000000000
47467  41.319  -31.436  54.366 0.0000000000
47486  41.522  -31.231  53.811 0.0000000000
129819  42.061  -30.435  53.847 0.0000000000
48435  41.800  -30.632  52.999 0.0000000000
47503  41.317  -31.068  52.351 0.0000000000
44512  29.115  -35.884  57.739 0.0000000000
44511  29.804  -35.996  57.818 0.0000000000
116382  33.217  -35.173  56.121 0.0000000000
126941  33.900  -34.800  56.434 0.0000000000
44539  34.681  -34.334  56.178 0.0000000000
44473  35.462  -34.922  58.124 0.0000000000
44472  36.127  -34.898  57.917 0.0000000000
43691  36.130  -35.269  57.924 0.0000000000
42907  33.946  -36.331  58.971 0.0000000000
64953  50.472  -10.956  36.312 0.0000000000
64041  50.191  -11.567  36.380 0.0000000000
64055  48.781  -12.641  35.918 0.0000000000
65806  49.238  -10.592  39.436 0.0000000000
60575  44.348  -15.984  41.136 0.0000000000
128361  43.878  -16.567  40.257 0.0000000000
63087  45.327  -13.605  38.798 0.0000000000
64029  45.463  -12.678  38.803 0.0000000000
64021  45.977  -12.341  39.329 0.0000000000
64020  46.515  -12.349  40.007 0.0000000000
64011  47.932  -12.300  41.331 0.0000000000
64001  48.420  -12.525  41.268 0.0000000000
64000  48.984  -12.524  40.981 0.0000000000
63065  49.220  -13.180  40.742 0.0000000000
62241  48.124  -14.337  41.909 0.0000000000
61413  48.954  -15.249  40.365 0.0000000000
131660  49.101  -16.617  39.730 0.0000000000
49347  39.200  -29.503  54.833 0.0000000000
48414  38.542  -30.067  54.301 0.0000000000
49359  38.872  -29.478  53.801 0.0000000000
55109  38.240  -22.814  49.791 0.0000000000
56043  38.946  -21.357  49.445 0.0000000000
56982  38.074  -20.265  47.316 0.0000000000
56981  38.615  -20.225  47.902 0.0000000000
57955  39.114  -19.681  48.281 0.0000000000
57936  39.623  -19.802  49.134 0.0000000000
56929  40.795  -20.626  51.439 0.0000000000
57924  40.374  -19.705  50.416 0.0000000000
57912  40.977  -20.023  51.088 0.0000000000
58780  41.262  -19.367  50.622 0.0000000000
54229  42.232  -23.428  52.865 0.0000000000
55087  42.324  -22.739  52.219 0.0000000000
128596  43.253  -22.890  51.151 0.0000000000
55086  42.737  -22.525  51.598 0.0000000000
56015  42.889  -22.013  51.253 0.0000000000
56031  43.388  -21.859  50.353 0.0000000000
49377  42.620  -29.365  52.049 0.0000000000
49388  42.439  -29.204  51.381 0.0000000000
40237  22.547  -40.869  60.891 0.0000000000
134054  22.434  -41.223  61.146 0.0000000000
115796  22.499  -41.639  61.415 0.0000000000
58869  38.124  -18.235  44.327 0.0000000000
59742  38.982  -17.799  45.417 0.0000000000
59731  39.285  -17.787  46.292 0.0000000000
58815  39.785  -18.620  47.805 0.0000000000
41144  29.007  -37.945  59.674 0.0000000000
42881  29.547  -37.224  59.311 0.0000000000
41143  29.862  -37.774  59.477 0.0000000000
42059  30.547  -37.631  59.534 0.0000000000
66640  47.361  -9.661  38.809 0.0000000000
65808  46.906  -10.326  39.065 0.0000000000
114162  47.136  -10.881  39.578 0.0000000000
62234  45.399  -15.369  44.366 0.0000000000
131979  46.729  -15.255  43.369 0.0000000000
60560  47.044  -15.923  44.072 0.0000000000
122639  41.332  -29.273  55.445 0.0000000000
49334  40.860  -29.248  55.718 0.0000000000
50211  41.165  -28.559  55.384 0.0000000000
120889  40.938  -27.892  55.210 0.0000000000
51854  40.699  -26.824  54.773 0.0000000000
52655  40.647  -26.174  54.580 0.0000000000
51853  41.196  -26.506  54.701 0.0000000000
118796  41.716  -26.236  54.542 0.0000000000
52664  41.971  -25.575  54.225 0.0000000000
52673  42.541  -25.872  53.690 0.0000000000
51865  42.800  -26.534  53.304 0.0000000000
51051  42.974  -27.245  52.924 0.0000000000
51058  43.404  -27.262  52.313 0.0000000000
42898  24.829  -37.624  59.349 0.0000000000
42885  24.945  -38.084  59.738 0.0000000000
113142  25.461  -37.968  59.678 0.0000000000
112425  26.136  -38.037  59.654 0.0000000000
42884  26.383  -37.548  59.465 0.0000000000
41146  26.445  -38.331  59.623 0.0000000000
59762  39.828  -17.119  42.708 0.0000000000
59754  40.251  -16.893  43.475 0.0000000000
115118  41.482  -16.220  42.972 0.0000000000
128960  42.009  -15.865  43.714 0.0000000000
115177  43.545  -15.343  46.358 0.0000000000
61353  44.009  -15.285  46.671 0.0000000000
61342  43.497  -15.839  47.256 0.0000000000
60496  42.543  -17.103  48.794 0.0000000000
59684  42.500  -17.575  49.344 0.0000000000
117846  42.976  -17.835  49.543 0.0000000000
57933  43.715  -19.263  49.018 0.0000000000
123146  43.487  -19.936  49.457 0.0000000000
45391  36.896  -34.073  57.484 0.0000000000
46377  36.918  -33.508  57.212 0.0000000000
45390  37.478  -34.131  57.397 0.0000000000
45405  38.480  -33.717  56.965 0.0000000000
44554  39.266  -33.980  54.878 0.0000000000
46420  40.572  -32.476  54.695 0.0000000000
46432  40.632  -32.428  53.827 0.0000000000
44495  30.421  -35.612  58.291 0.0000000000
117297  30.047  -36.031  57.156 0.0000000000
44510  30.722  -35.987  57.660 0.0000000000
44525  31.473  -35.744  57.035 0.0000000000
129545  32.327  -35.361  57.482 0.0000000000
112684  33.292  -34.993  57.209 0.0000000000
45409  34.178  -34.747  57.767 0.0000000000
130893  34.197  -35.245  58.505 0.0000000000
111449  34.741  -35.281  58.444 0.0000000000
66681  50.222  -9.423  36.319 0.0000000000
64955  49.521  -11.210  37.130 0.0000000000
131495  49.316  -12.314  39.669 0.0000000000
61415  45.445  -15.814  41.167 0.0000000000
61414  45.806  -15.818  40.431 0.0000000000
61428  45.860  -15.469  39.807 0.0000000000
62276  45.768  -14.955  39.346 0.0000000000
126603  46.253  -13.870  39.999 0.0000000000
63080  46.672  -13.144  40.387 0.0000000000
59761  48.583  -16.910  41.918 0.0000000000
60574  48.477  -15.792  41.477 0.0000000000
60573  48.825  -16.743  41.078 0.0000000000
47450  37.526  -31.557  55.720 0.0000000000
50227  39.458  -28.007  53.767 0.0000000000
50228  39.053  -28.775  53.324 0.0000000000
50252  38.520  -28.679  51.646 0.0000000000
54244  39.581  -23.666  51.767 0.0000000000
54251  38.921  -23.655  51.017 0.0000000000
55108  38.834  -22.380  50.149 0.0000000000
55117  38.300  -22.194  49.440 0.0000000000
116692  39.012  -21.833  49.968 0.0000000000
56945  39.420  -21.198  50.226 0.0000000000
56961  39.496  -20.501  49.701 0.0000000000
132951  40.315  -20.707  51.001 0.0000000000
56914  40.815  -21.149  51.905 0.0000000000
123329  43.280  -24.394  52.028 0.0000000000
54250  43.276  -23.698  51.551 0.0000000000
54249  43.516  -23.718  51.144 0.0000000000
55096  43.534  -23.231  50.781 0.0000000000
54260  43.582  -23.175  50.157 0.0000000000
53493  43.385  -23.875  49.627 0.0000000000
42061  23.866  -38.247  59.456 0.0000000000
131259  23.746  -39.050  60.197 0.0000000000
42048  24.187  -38.549  59.976 0.0000000000
40236  24.415  -39.355  60.218 0.0000000000
39319  24.314  -40.581  59.961 0.0000000000
38368  22.594  -42.116  61.375 0.0000000000
60562  39.861  -17.190  44.208 0.0000000000
60533  41.840  -16.194  46.832 0.0000000000
60546  41.045  -16.555  46.239 0.0000000000
119788  41.199  -16.678  47.184 0.0000000000
60524  41.401  -16.843  47.987 0.0000000000
59730  40.096  -17.660  46.921 0.0000000000
59700  41.077  -17.525  48.263 0.0000000000
60513  41.755  -17.132  48.570 0.0000000000
59686  41.728  -17.681  49.139 0.0000000000
43704  37.618  -35.396  56.627 0.0000000000
44498  28.156  -36.081  57.540 0.0000000000
44513  28.035  -36.128  57.241 0.0000000000
114100  28.759  -35.607  57.999 0.0000000000
44479  29.517  -35.664  58.253 0.0000000000
44466  30.426  -35.680  58.580 0.0000000000
43659  30.376  -36.637  59.238 0.0000000000
43670  30.963  -35.889  59.460 0.0000000000
44478  30.377  -35.573  58.945 0.0000000000
44477  31.174  -35.687  58.897 0.0000000000
125339  31.624  -35.817  58.859 0.0000000000
43668  32.143  -36.092  58.936 0.0000000000
134552  32.956  -35.737  59.080 0.0000000000
42894  32.717  -36.313  59.130 0.0000000000
131718  33.089  -37.180  59.393 0.0000000000
41181  33.183  -37.343  58.978 0.0000000000
67517  49.208  -8.661  37.612 0.0000000000
67499  49.026  -9.030  38.262 0.0000000000
65817  49.201  -10.014  38.688 0.0000000000
66659  48.780  -9.344  38.797 0.0000000000
66658  48.891  -9.872  39.164 0.0000000000
66625  48.928  -10.545  39.750 0.0000000000
66626  48.122  -9.854  39.799 0.0000000000
65789  49.386  -11.076  39.874 0.0000000000
64919  49.425  -11.746  40.220 0.0000000000
62273  49.382  -13.390  40.316 0.0000000000
111257  43.414  -16.173  41.071 0.0000000000
123137  45.089  -15.679  41.984 0.0000000000
133987  45.890  -15.387  41.892 0.0000000000
62243  47.369  -14.247  41.965 0.0000000000
61379  47.737  -15.396  42.950 0.0000000000
125880  48.700  -17.776  42.276 0.0000000000
49324  39.422  -30.670  55.936 0.0000000000
49346  39.791  -29.198  55.314 0.0000000000
115398  39.686  -28.747  54.911 0.0000000000
116346  40.030  -28.321  55.200 0.0000000000
51053  39.573  -27.261  53.308 0.0000000000
127085  39.056  -26.231  51.692 0.0000000000
51872  39.548  -26.154  52.394 0.0000000000
52678  39.878  -25.325  52.612 0.0000000000
52666  40.271  -25.864  54.438 0.0000000000
53450  40.155  -24.950  54.141 0.0000000000
53471  39.986  -24.453  52.867 0.0000000000
54243  40.059  -23.597  52.752 0.0000000000
54232  40.272  -23.595  53.091 0.0000000000
55073  40.462  -22.928  52.700 0.0000000000
55072  40.776  -22.587  52.646 0.0000000000
131060  41.139  -22.863  52.778 0.0000000000
54230  41.497  -23.423  53.131 0.0000000000
53470  42.730  -24.268  52.833 0.0000000000
53460  42.521  -25.050  53.486 0.0000000000
53459  43.184  -25.112  52.537 0.0000000000
52684  43.662  -25.143  51.853 0.0000000000
51889  43.620  -25.872  50.984 0.0000000000
126443  26.464  -36.263  56.864 0.0000000000
43685  24.959  -36.635  58.206 0.0000000000
44500  25.965  -36.326  57.085 0.0000000000
44499  27.035  -36.327  57.248 0.0000000000
44481  27.962  -36.143  57.833 0.0000000000
43673  27.766  -36.498  58.844 0.0000000000
42882  28.503  -37.303  59.460 0.0000000000
118144  27.031  -37.793  59.567 0.0000000000
42045  27.890  -37.747  59.684 0.0000000000
42044  28.791  -37.704  59.597 0.0000000000
61382  43.785  -15.535  43.485 0.0000000000
129912  42.770  -15.690  43.336 0.0000000000
61373  44.853  -15.164  44.929 0.0000000000
62222  45.361  -14.773  45.314 0.0000000000
62221  45.076  -15.362  45.211 0.0000000000
128892  45.288  -15.405  45.952 0.0000000000
60521  45.665  -16.112  46.517 0.0000000000
61340  44.516  -15.546  46.687 0.0000000000
131200  44.947  -15.938  47.055 0.0000000000
61355  42.626  -16.031  47.431 0.0000000000
60510  43.312  -16.496  48.095 0.0000000000
59699  43.560  -16.947  48.417 0.0000000000
46411  35.763  -32.940  55.558 0.0000000000
46401  36.782  -32.545  56.239 0.0000000000
47433  37.343  -32.113  56.159 0.0000000000
47432  38.093  -31.767  56.396 0.0000000000
43703  38.147  -34.919  57.003 0.0000000000
44507  38.373  -34.395  57.059 0.0000000000
44506  38.891  -33.810  56.723 0.0000000000
45404  39.042  -33.121  56.705 0.0000000000
46387  39.096  -32.387  56.688 0.0000000000
47430  39.039  -31.553  56.549 0.0000000000
48385  39.384  -31.152  56.174 0.0000000000
48384  40.147  -31.231  55.962 0.0000000000
48383  40.748  -30.723  55.833 0.0000000000
46419  40.798  -31.813  54.985 0.0000000000
48413  41.412  -31.192  54.819 0.0000000000
48400  41.403  -30.636  55.354 0.0000000000
49332  41.745  -29.883  55.098 0.0000000000
49345  42.226  -29.792  54.320 0.0000000000
49358  42.459  -29.593  53.531 0.0000000000
50226  42.723  -28.803  53.130 0.0000000000
48434  42.293  -30.024  52.453 0.0000000000
47517  41.358  -30.748  51.657 0.0000000000
118207  28.578  -35.925  56.950 0.0000000000
44527  29.605  -35.807  56.701 0.0000000000
123155  35.137  -33.694  55.423 0.0000000000
45407  35.634  -34.081  57.528 0.0000000000
45393  34.890  -34.572  57.961 0.0000000000
45392  36.161  -33.948  57.461 0.0000000000
44491  36.174  -34.559  57.755 0.0000000000
113427  36.852  -35.064  57.654 0.0000000000
42918  36.860  -35.512  57.290 0.0000000000
125894  33.592  -36.053  58.993 0.0000000000
43681  34.326  -35.758  58.744 0.0000000000
42906  34.777  -36.083  58.620 0.0000000000
42083  35.469  -36.332  58.004 0.0000000000
42920  35.499  -35.643  58.232 0.0000000000
42919  36.158  -35.844  57.658 0.0000000000
39293  21.915  -41.466  61.869 0.0000000000
118169  50.559  -12.227  35.744 0.0000000000
64931  46.505  -11.680  39.436 0.0000000000
64012  47.292  -12.294  40.770 0.0000000000
115443  47.911  -11.578  40.949 0.0000000000
64009  49.320  -12.544  40.507 0.0000000000
61426  49.204  -14.504  40.164 0.0000000000
132122  47.793  -13.750  41.769 0.0000000000
63052  48.201  -13.692  41.580 0.0000000000
62257  48.871  -13.980  41.080 0.0000000000
61398  48.859  -14.998  40.866 0.0000000000
60592  48.932  -16.242  39.499 0.0000000000
130371  38.688  -30.263  55.251 0.0000000000
56049  37.552  -21.708  48.011 0.0000000000
56994  37.535  -20.182  46.636 0.0000000000
57996  37.716  -19.393  46.302 0.0000000000
57995  38.240  -18.956  46.810 0.0000000000
58816  39.235  -19.066  47.898 0.0000000000
57935  39.991  -19.696  49.953 0.0000000000
119200  40.088  -19.207  49.465 0.0000000000
58801  40.449  -18.702  49.200 0.0000000000
58790  41.116  -18.844  50.129 0.0000000000
58779  41.744  -19.248  50.591 0.0000000000
57910  42.052  -19.802  50.858 0.0000000000
55972  40.884  -22.061  52.493 0.0000000000
55997  41.214  -21.791  52.370 0.0000000000
118586  41.592  -21.616  52.135 0.0000000000
55996  42.208  -21.902  51.836 0.0000000000
56912  41.793  -21.190  51.762 0.0000000000
56928  41.969  -20.532  51.341 0.0000000000
56927  42.514  -20.464  50.866 0.0000000000
56943  43.167  -20.309  50.237 0.0000000000
118313  43.338  -21.129  50.134 0.0000000000
56042  43.427  -21.542  49.459 0.0000000000
55115  43.332  -22.259  48.933 0.0000000000
50238  42.866  -28.701  52.408 0.0000000000
50237  43.148  -27.995  52.027 0.0000000000
50261  42.234  -28.866  50.874 0.0000000000
50250  42.989  -28.056  51.333 0.0000000000
51069  42.976  -27.483  50.775 0.0000000000
39275  22.281  -41.883  62.173 0.0000000000
41168  28.365  -38.255  59.522 0.0000000000
42042  30.579  -37.280  59.557 0.0000000000
42043  29.753  -37.547  59.420 0.0000000000
43661  28.153  -36.851  59.228 0.0000000000
43669  31.203  -36.197  60.223 0.0000000000
43683  26.463  -36.500  58.223 0.0000000000
43684  25.642  -36.566  58.245 0.0000000000
44463  32.934  -35.780  58.877 0.0000000000
44464  32.066  -35.925  59.091 0.0000000000
44465  31.143  -35.887  59.288 0.0000000000
44480  28.980  -35.723  58.013 0.0000000000
44497  28.843  -35.442  58.139 0.0000000000
45421  39.962  -32.962  55.918 0.0000000000
47414  39.162  -31.847  56.627 0.0000000000
47466  41.710  -31.023  54.262 0.0000000000
51861  40.133  -26.502  54.539 0.0000000000
53476  43.567  -24.400  51.486 0.0000000000
53481  43.591  -24.579  50.746 0.0000000000
53486  43.473  -24.459  50.165 0.0000000000
55071  41.208  -22.314  52.583 0.0000000000
55973  40.571  -22.234  52.428 0.0000000000
56944  40.044  -20.437  50.458 0.0000000000
57976  38.588  -19.481  47.471 0.0000000000
58791  40.468  -19.056  49.997 0.0000000000
59685  42.153  -17.578  49.303 0.0000000000
61331  43.227  -16.234  47.816 0.0000000000
61332  42.908  -16.377  48.077 0.0000000000
61351  44.854  -15.296  46.288 0.0000000000
61354  43.408  -15.661  47.159 0.0000000000
64930  49.433  -11.116  39.700 0.0000000000
66672  49.196  -9.328  38.251 0.0000000000
112857  41.221  -21.235  52.029 0.0000000000
113697  41.206  -25.088  54.203 0.0000000000
114026  27.211  -38.068  59.678 0.0000000000
115394  34.952  -35.501  58.469 0.0000000000
117648  29.294  -35.886  57.215 0.0000000000
118552  43.267  -22.150  50.893 0.0000000000
118673  39.822  -32.884  56.192 0.0000000000
125153  30.983  -35.778  59.319 0.0000000000
128426  41.497  -20.736  51.591 0.0000000000
128602  34.189  -36.624  58.796 0.0000000000
129587  38.628  -18.151  45.927 0.0000000000
131022  25.383  -38.186  59.733 0.0000000000
132033  39.925  -24.085  52.302 0.0000000000
132525  43.756  -15.980  41.461 0.0000000000
133142  39.053  -25.759  51.400 0.0000000000
133617  48.452  -9.992  39.669 0.0000000000
133705  42.683  -28.614  51.198 0.0000000000
134102  39.760  -22.458  51.664 0.0000000000
