#!ascii label  , from subject bert vox2ras=TkReg
1560
37553  7.698  -43.157  59.030 0.0000000000
58970  38.274  -18.489  35.017 0.0000000000
46444  25.069  -33.485  51.910 0.0000000000
45449  34.860  -33.737  54.528 0.0000000000
42183  19.153  -37.930  50.412 0.0000000000
42912  14.972  -37.212  59.979 0.0000000000
63181  44.264  -13.371  28.380 0.0000000000
64947  44.937  -11.688  37.246 0.0000000000
51137  33.690  -27.136  44.606 0.0000000000
67600  47.302  -8.336  21.538 0.0000000000
43701  24.004  -36.643  56.812 0.0000000000
121305  10.690  -39.787  59.995 0.0000000000
64982  44.067  -11.879  32.888 0.0000000000
64079  39.947  -14.039  32.162 0.0000000000
58912  38.088  -19.028  39.784 0.0000000000
59778  42.092  -17.006  40.098 0.0000000000
56132  34.501  -21.784  39.437 0.0000000000
45560  31.817  -34.019  48.549 0.0000000000
43753  29.779  -35.727  52.934 0.0000000000
39368  20.967  -40.279  57.056 0.0000000000
112880  18.372  -40.337  61.581 0.0000000000
42119  16.632  -38.593  55.393 0.0000000000
41253  13.204  -39.004  53.712 0.0000000000
44614  22.116  -34.938  51.116 0.0000000000
65887  49.512  -10.687  28.359 0.0000000000
65854  49.955  -10.018  33.224 0.0000000000
61461  42.816  -15.742  36.120 0.0000000000
55136  35.471  -22.986  45.835 0.0000000000
48469  35.958  -30.897  49.745 0.0000000000
65082  45.518  -11.666  24.321 0.0000000000
64171  51.490  -13.003  24.533 0.0000000000
131424  52.501  -13.357  22.110 0.0000000000
41183  22.872  -38.921  58.981 0.0000000000
39339  9.370  -41.492  59.444 0.0000000000
41133  9.510  -39.468  63.915 0.0000000000
39301  7.656  -41.066  62.953 0.0000000000
63161  39.735  -13.698  30.518 0.0000000000
114445  37.386  -18.655  42.124 0.0000000000
118703  39.386  -17.499  42.051 0.0000000000
35871  2.794  -44.756  59.330 0.0000000000
56169  34.103  -22.093  36.313 0.0000000000
119645  25.275  -33.297  48.981 0.0000000000
44650  28.381  -34.897  49.484 0.0000000000
45508  26.971  -34.357  51.573 0.0000000000
41236  20.346  -38.866  53.832 0.0000000000
39385  18.760  -40.734  56.638 0.0000000000
41251  17.397  -39.333  53.134 0.0000000000
42967  21.118  -37.290  51.330 0.0000000000
118392  21.579  -37.737  54.041 0.0000000000
42063  17.016  -38.212  60.717 0.0000000000
65059  46.971  -11.392  28.291 0.0000000000
65016  49.413  -10.880  30.484 0.0000000000
65004  46.716  -11.846  30.646 0.0000000000
116827  44.181  -11.228  35.352 0.0000000000
66694  47.747  -9.368  35.711 0.0000000000
60665  37.191  -16.638  33.446 0.0000000000
61487  39.084  -15.214  33.713 0.0000000000
60649  39.852  -17.012  35.008 0.0000000000
53539  33.024  -24.835  42.191 0.0000000000
54316  33.581  -23.600  42.834 0.0000000000
53516  34.559  -24.691  45.443 0.0000000000
45506  33.510  -33.543  51.343 0.0000000000
46494  33.899  -32.224  48.921 0.0000000000
46455  35.120  -32.183  52.082 0.0000000000
64151  42.701  -12.512  26.495 0.0000000000
65911  43.655  -10.642  24.704 0.0000000000
63224  44.676  -13.162  26.145 0.0000000000
63208  47.464  -13.403  26.979 0.0000000000
121089  49.894  -12.309  19.887 0.0000000000
65103  49.824  -11.957  21.443 0.0000000000
111346  51.847  -13.111  23.052 0.0000000000
65089  48.676  -11.351  22.290 0.0000000000
45454  24.731  -34.983  53.580 0.0000000000
44562  26.030  -35.357  54.365 0.0000000000
44516  25.222  -36.143  56.537 0.0000000000
111770  12.845  -37.934  59.985 0.0000000000
42858  14.242  -36.746  64.134 0.0000000000
42018  11.812  -37.595  64.125 0.0000000000
63198  41.968  -13.284  27.799 0.0000000000
65021  44.468  -12.045  30.234 0.0000000000
64098  41.824  -13.369  30.401 0.0000000000
65008  42.295  -13.183  31.985 0.0000000000
111506  42.391  -12.988  34.506 0.0000000000
58102  38.768  -19.819  37.329 0.0000000000
58929  40.723  -18.824  37.664 0.0000000000
132503  40.098  -18.220  39.541 0.0000000000
49480  33.266  -29.314  44.185 0.0000000000
47451  36.743  -32.080  55.738 0.0000000000
112200  6.245  -44.054  58.871 0.0000000000
37523  5.649  -42.808  61.675 0.0000000000
36708  3.766  -43.825  60.423 0.0000000000
58137  36.435  -19.455  34.694 0.0000000000
57091  36.769  -20.765  36.805 0.0000000000
57059  36.224  -20.772  39.203 0.0000000000
58045  35.978  -20.224  42.437 0.0000000000
44684  28.901  -34.572  47.674 0.0000000000
44627  31.329  -34.801  50.577 0.0000000000
44576  32.912  -35.163  53.211 0.0000000000
44560  27.994  -35.510  54.941 0.0000000000
43706  30.994  -35.806  56.254 0.0000000000
39333  21.837  -40.436  60.014 0.0000000000
38352  20.235  -42.179  62.088 0.0000000000
38401  19.754  -41.521  59.280 0.0000000000
116048  17.324  -39.550  58.397 0.0000000000
42098  15.935  -38.044  58.219 0.0000000000
117753  15.541  -39.198  52.885 0.0000000000
42134  15.030  -38.578  54.984 0.0000000000
42100  13.866  -38.069  57.237 0.0000000000
41217  11.937  -39.191  56.981 0.0000000000
132625  10.200  -40.922  56.051 0.0000000000
38445  9.000  -42.324  55.809 0.0000000000
47554  23.476  -31.956  49.301 0.0000000000
46488  21.957  -32.333  49.290 0.0000000000
46446  23.801  -33.517  51.545 0.0000000000
118544  23.330  -35.783  53.663 0.0000000000
122764  22.097  -38.201  57.223 0.0000000000
115582  51.267  -11.577  33.017 0.0000000000
64979  47.344  -11.269  33.044 0.0000000000
62353  38.017  -14.459  31.803 0.0000000000
63130  40.628  -14.092  33.801 0.0000000000
63103  43.643  -13.968  36.490 0.0000000000
59811  43.348  -17.303  38.128 0.0000000000
62283  44.904  -15.051  38.208 0.0000000000
117983  32.826  -22.837  39.378 0.0000000000
114826  34.686  -21.953  42.748 0.0000000000
57009  36.520  -20.794  45.516 0.0000000000
47580  34.418  -31.125  46.891 0.0000000000
50295  35.439  -28.715  47.090 0.0000000000
48437  37.785  -30.796  52.938 0.0000000000
49391  37.500  -29.448  50.525 0.0000000000
51902  36.309  -26.587  48.619 0.0000000000
53489  36.885  -24.600  49.001 0.0000000000
56050  37.560  -22.302  48.689 0.0000000000
65914  46.346  -10.447  23.196 0.0000000000
64174  48.063  -12.736  24.342 0.0000000000
65071  50.430  -11.596  26.944 0.0000000000
41150  23.097  -39.493  60.118 0.0000000000
116741  8.667  -42.157  59.852 0.0000000000
39316  8.910  -41.140  61.131 0.0000000000
120689  7.837  -41.992  61.102 0.0000000000
121334  37.611  -18.681  44.090 0.0000000000
59756  38.693  -17.821  43.681 0.0000000000
34971  2.049  -45.945  58.185 0.0000000000
45530  25.540  -33.348  50.509 0.0000000000
128445  26.163  -33.826  50.168 0.0000000000
45509  26.370  -33.954  51.627 0.0000000000
41263  19.640  -38.435  52.079 0.0000000000
40362  18.917  -39.545  53.690 0.0000000000
41264  18.623  -39.025  52.090 0.0000000000
42997  20.577  -36.599  48.735 0.0000000000
42167  20.464  -37.597  51.051 0.0000000000
42155  20.594  -37.962  52.538 0.0000000000
42065  16.001  -37.452  60.175 0.0000000000
42869  15.969  -36.892  61.825 0.0000000000
64120  45.452  -12.121  28.748 0.0000000000
65019  46.867  -11.412  29.617 0.0000000000
65034  45.462  -11.693  29.256 0.0000000000
65830  44.798  -10.945  36.312 0.0000000000
133634  45.871  -9.998  36.622 0.0000000000
59861  37.080  -17.288  33.889 0.0000000000
60657  38.563  -16.872  34.217 0.0000000000
59841  39.687  -17.858  35.189 0.0000000000
123768  32.751  -27.020  43.135 0.0000000000
117856  33.311  -25.796  43.643 0.0000000000
52734  33.627  -25.217  44.150 0.0000000000
51922  34.630  -26.231  46.070 0.0000000000
45469  33.953  -33.968  52.767 0.0000000000
45505  34.105  -33.287  51.947 0.0000000000
46434  34.910  -32.874  53.216 0.0000000000
63212  43.103  -13.178  26.930 0.0000000000
63225  43.973  -13.256  26.701 0.0000000000
63195  44.456  -13.504  27.569 0.0000000000
63193  46.086  -13.252  27.701 0.0000000000
65934  48.536  -10.522  20.964 0.0000000000
65935  48.037  -10.098  21.449 0.0000000000
111898  49.399  -11.572  21.714 0.0000000000
65921  47.961  -10.584  22.097 0.0000000000
43717  24.249  -36.158  55.753 0.0000000000
44548  25.168  -35.646  55.198 0.0000000000
43700  24.419  -36.481  56.921 0.0000000000
41186  11.680  -39.005  59.886 0.0000000000
131635  12.131  -38.249  61.424 0.0000000000
128633  11.495  -38.818  61.519 0.0000000000
115999  8.663  -38.906  65.338 0.0000000000
41122  9.486  -38.442  65.697 0.0000000000
63199  41.113  -13.306  27.868 0.0000000000
63173  42.233  -13.382  29.432 0.0000000000
63185  40.700  -13.504  28.718 0.0000000000
64099  40.289  -13.708  31.278 0.0000000000
64085  40.948  -13.486  31.608 0.0000000000
64078  40.686  -13.677  32.277 0.0000000000
64985  42.046  -13.203  33.448 0.0000000000
64073  41.497  -13.516  33.439 0.0000000000
58092  38.949  -19.652  38.192 0.0000000000
58920  39.333  -19.061  38.786 0.0000000000
58911  38.868  -18.766  39.493 0.0000000000
64153  41.173  -12.344  26.855 0.0000000000
36718  5.683  -44.209  59.641 0.0000000000
128961  4.233  -44.799  59.329 0.0000000000
57119  35.127  -20.704  34.185 0.0000000000
58129  36.251  -20.242  35.013 0.0000000000
57106  35.685  -20.931  34.990 0.0000000000
56147  34.642  -21.758  38.505 0.0000000000
56146  35.419  -21.506  38.062 0.0000000000
56131  35.382  -21.313  39.072 0.0000000000
57048  35.998  -20.117  40.900 0.0000000000
113518  35.437  -20.658  41.325 0.0000000000
44686  27.569  -34.337  47.123 0.0000000000
44611  29.006  -35.148  51.104 0.0000000000
118192  29.221  -34.897  49.860 0.0000000000
43764  30.749  -35.479  51.734 0.0000000000
44593  32.112  -35.165  52.087 0.0000000000
43738  31.376  -35.753  53.067 0.0000000000
120015  26.854  -35.927  55.949 0.0000000000
44561  26.937  -35.525  54.467 0.0000000000
127584  27.874  -35.937  56.265 0.0000000000
44526  30.432  -35.921  56.866 0.0000000000
44524  32.444  -35.405  56.673 0.0000000000
130183  21.304  -41.031  58.732 0.0000000000
38400  20.488  -41.509  59.982 0.0000000000
38426  20.210  -41.320  57.917 0.0000000000
118341  17.822  -39.828  55.754 0.0000000000
115660  17.938  -40.289  57.922 0.0000000000
41214  16.859  -39.129  56.736 0.0000000000
41194  16.590  -38.890  58.533 0.0000000000
134141  16.213  -38.238  56.607 0.0000000000
114705  16.203  -39.264  51.565 0.0000000000
41252  13.992  -38.957  53.202 0.0000000000
42160  14.414  -38.839  52.792 0.0000000000
42135  14.578  -38.809  54.896 0.0000000000
126464  14.701  -38.365  55.596 0.0000000000
41226  13.787  -38.848  55.202 0.0000000000
41216  12.812  -38.640  56.494 0.0000000000
41227  12.917  -38.833  55.547 0.0000000000
38444  9.666  -41.645  56.499 0.0000000000
47562  24.162  -31.804  47.874 0.0000000000
47573  22.597  -30.985  47.801 0.0000000000
114636  21.480  -35.110  49.658 0.0000000000
45532  21.948  -33.585  50.086 0.0000000000
46472  22.900  -32.561  50.252 0.0000000000
44613  22.843  -34.573  51.477 0.0000000000
44597  23.254  -34.935  52.309 0.0000000000
43741  22.915  -35.783  52.823 0.0000000000
41213  21.167  -39.220  56.006 0.0000000000
42117  22.039  -37.590  55.750 0.0000000000
41212  21.710  -38.638  56.691 0.0000000000
40283  21.872  -39.501  58.579 0.0000000000
38372  19.013  -41.360  61.974 0.0000000000
38362  4.133  -41.833  62.684 0.0000000000
39286  5.455  -41.010  63.717 0.0000000000
65030  50.368  -10.834  29.437 0.0000000000
64989  49.451  -10.825  31.844 0.0000000000
124504  51.086  -11.121  32.141 0.0000000000
65852  51.109  -10.818  33.386 0.0000000000
65842  50.924  -10.341  34.054 0.0000000000
122119  43.911  -12.075  30.853 0.0000000000
65005  45.466  -11.968  31.452 0.0000000000
64980  46.391  -11.463  33.170 0.0000000000
66693  48.901  -8.941  35.693 0.0000000000
61477  40.335  -15.340  34.457 0.0000000000
62321  39.825  -14.852  33.960 0.0000000000
62310  41.753  -14.701  35.063 0.0000000000
63116  41.873  -13.984  34.950 0.0000000000
62300  42.980  -14.695  36.096 0.0000000000
58918  41.933  -17.987  38.706 0.0000000000
59813  42.070  -18.054  37.377 0.0000000000
59798  43.278  -17.321  38.984 0.0000000000
55189  32.497  -23.313  40.240 0.0000000000
55156  34.400  -23.156  44.144 0.0000000000
56096  34.353  -22.585  43.127 0.0000000000
56087  35.013  -22.196  44.264 0.0000000000
57019  35.910  -21.143  44.267 0.0000000000
56061  36.227  -21.999  46.264 0.0000000000
45594  30.446  -33.790  46.241 0.0000000000
46506  32.199  -33.397  47.039 0.0000000000
113595  34.522  -31.752  49.164 0.0000000000
47561  34.359  -31.726  48.249 0.0000000000
48502  34.774  -31.108  47.998 0.0000000000
48529  34.656  -30.304  46.482 0.0000000000
116407  35.836  -30.042  48.140 0.0000000000
47488  36.717  -31.459  54.015 0.0000000000
51071  37.809  -27.679  50.502 0.0000000000
51080  36.692  -27.543  49.178 0.0000000000
113089  37.546  -26.904  50.155 0.0000000000
52705  36.336  -25.885  48.471 0.0000000000
51886  37.839  -26.075  50.253 0.0000000000
115542  44.828  -11.531  24.643 0.0000000000
65086  46.081  -11.234  23.775 0.0000000000
113842  47.467  -11.636  23.372 0.0000000000
64175  47.055  -12.889  24.703 0.0000000000
64133  48.429  -11.648  27.536 0.0000000000
64149  49.008  -12.493  26.970 0.0000000000
65056  49.668  -11.037  27.290 0.0000000000
112142  51.259  -11.472  27.190 0.0000000000
64207  50.627  -12.643  20.671 0.0000000000
114185  51.923  -13.098  24.144 0.0000000000
64170  52.450  -12.821  24.681 0.0000000000
64159  52.372  -12.487  25.407 0.0000000000
42086  23.500  -37.961  58.087 0.0000000000
130013  24.177  -36.945  57.817 0.0000000000
42062  23.497  -38.448  59.107 0.0000000000
40257  9.997  -40.109  60.309 0.0000000000
40241  10.431  -39.753  61.699 0.0000000000
39315  9.453  -40.672  61.499 0.0000000000
39283  8.332  -40.601  63.204 0.0000000000
40213  7.172  -39.435  65.602 0.0000000000
63162  38.777  -13.812  30.476 0.0000000000
111188  38.485  -14.154  30.984 0.0000000000
58903  37.815  -18.800  40.605 0.0000000000
58902  38.554  -18.474  40.246 0.0000000000
127140  38.747  -17.824  42.242 0.0000000000
113721  39.261  -17.556  44.156 0.0000000000
35870  3.654  -44.789  59.328 0.0000000000
34970  2.894  -45.793  58.075 0.0000000000
35882  1.517  -45.522  58.831 0.0000000000
56201  34.262  -21.782  34.877 0.0000000000
56158  33.277  -22.398  37.969 0.0000000000
120759  27.194  -34.487  47.929 0.0000000000
44652  26.472  -34.107  49.544 0.0000000000
44631  27.625  -34.742  50.395 0.0000000000
115844  28.047  -35.163  52.418 0.0000000000
40327  20.482  -39.749  55.444 0.0000000000
38441  19.869  -41.015  57.221 0.0000000000
39394  19.587  -40.015  55.158 0.0000000000
40347  18.467  -39.687  54.298 0.0000000000
113023  17.225  -39.103  54.004 0.0000000000
40348  12.436  -39.361  54.168 0.0000000000
40376  11.722  -39.843  52.685 0.0000000000
43781  21.199  -36.063  49.406 0.0000000000
115664  21.645  -35.659  50.427 0.0000000000
43756  22.261  -36.173  52.274 0.0000000000
42154  21.285  -37.582  52.836 0.0000000000
42143  20.919  -38.024  53.447 0.0000000000
41171  17.978  -39.222  61.024 0.0000000000
129052  47.587  -10.970  28.170 0.0000000000
65031  49.532  -10.794  29.768 0.0000000000
111703  47.964  -11.041  29.583 0.0000000000
65017  48.604  -11.212  30.549 0.0000000000
64990  48.601  -11.116  32.220 0.0000000000
133730  44.463  -11.468  33.776 0.0000000000
65846  45.665  -10.606  34.580 0.0000000000
65834  46.003  -10.189  35.271 0.0000000000
66673  47.405  -9.234  37.286 0.0000000000
61498  37.339  -15.373  32.721 0.0000000000
61489  37.637  -15.839  33.172 0.0000000000
60656  39.365  -16.547  34.445 0.0000000000
60647  41.370  -16.342  35.244 0.0000000000
128361  43.878  -16.567  40.257 0.0000000000
54326  32.613  -24.053  40.929 0.0000000000
54325  33.090  -23.575  41.565 0.0000000000
53529  33.344  -24.400  42.954 0.0000000000
118334  34.321  -24.185  44.750 0.0000000000
54285  35.133  -23.606  46.017 0.0000000000
45544  32.393  -33.810  49.394 0.0000000000
46483  33.046  -33.232  49.071 0.0000000000
46468  33.713  -32.792  50.210 0.0000000000
46467  34.322  -32.309  50.548 0.0000000000
128484  35.695  -31.665  50.903 0.0000000000
65907  42.588  -10.936  25.650 0.0000000000
65912  42.972  -10.410  25.101 0.0000000000
115131  43.286  -11.260  25.353 0.0000000000
65076  44.447  -12.075  25.225 0.0000000000
64163  45.356  -13.083  25.716 0.0000000000
63230  46.952  -13.436  25.594 0.0000000000
63209  46.536  -13.628  27.075 0.0000000000
64134  47.448  -11.975  27.886 0.0000000000
65950  49.091  -10.816  19.494 0.0000000000
65114  49.776  -11.922  20.811 0.0000000000
64198  51.408  -12.804  21.712 0.0000000000
64197  51.994  -13.096  22.257 0.0000000000
128403  51.134  -12.572  21.890 0.0000000000
64188  50.259  -12.450  22.655 0.0000000000
64182  49.978  -12.738  23.413 0.0000000000
45490  24.736  -34.035  52.497 0.0000000000
45471  25.517  -34.346  53.013 0.0000000000
45452  25.404  -34.950  53.599 0.0000000000
44547  25.536  -35.678  55.352 0.0000000000
126443  26.464  -36.263  56.864 0.0000000000
117781  13.454  -37.749  59.566 0.0000000000
128148  14.339  -36.861  62.019 0.0000000000
42052  13.374  -37.419  61.463 0.0000000000
42860  12.596  -37.168  64.115 0.0000000000
113479  10.719  -38.637  63.653 0.0000000000
42006  10.823  -37.714  66.081 0.0000000000
63182  43.419  -13.430  28.442 0.0000000000
64112  44.620  -12.411  29.512 0.0000000000
63172  43.215  -13.300  29.312 0.0000000000
64096  43.520  -12.954  30.371 0.0000000000
65007  43.383  -12.468  31.208 0.0000000000
63160  40.744  -13.547  30.452 0.0000000000
64083  42.356  -13.179  31.357 0.0000000000
64994  43.300  -12.489  32.168 0.0000000000
64968  43.027  -12.061  34.226 0.0000000000
64963  43.530  -11.863  35.142 0.0000000000
64956  44.155  -11.670  36.043 0.0000000000
58126  38.084  -19.410  35.880 0.0000000000
58954  39.528  -18.557  35.750 0.0000000000
58930  40.138  -19.091  37.365 0.0000000000
58919  40.683  -18.760  38.341 0.0000000000
111248  41.239  -17.178  40.173 0.0000000000
59771  39.661  -17.558  41.199 0.0000000000
59770  40.565  -17.193  40.797 0.0000000000
60577  41.807  -16.379  41.421 0.0000000000
50331  33.634  -28.064  44.732 0.0000000000
46421  35.630  -32.574  54.599 0.0000000000
65908  41.427  -10.054  25.862 0.0000000000
65072  41.341  -11.575  26.455 0.0000000000
63213  42.307  -13.006  27.082 0.0000000000
119659  47.305  -6.785  20.652 0.0000000000
68389  46.937  -6.838  21.160 0.0000000000
36731  6.982  -43.637  58.987 0.0000000000
132151  6.831  -42.814  60.925 0.0000000000
36706  5.893  -43.714  60.406 0.0000000000
37524  4.774  -42.862  61.571 0.0000000000
38382  2.643  -41.873  62.137 0.0000000000
36720  3.221  -44.268  59.882 0.0000000000
58987  36.135  -18.075  33.861 0.0000000000
58988  35.504  -18.380  33.466 0.0000000000
58957  37.132  -19.146  35.042 0.0000000000
58127  37.516  -19.655  35.642 0.0000000000
131826  37.452  -20.317  36.735 0.0000000000
126825  37.373  -20.512  38.073 0.0000000000
56168  35.064  -21.733  36.265 0.0000000000
57072  36.854  -20.641  38.575 0.0000000000
57058  36.919  -20.269  39.280 0.0000000000
58071  36.678  -19.701  40.541 0.0000000000
58886  36.845  -19.041  42.654 0.0000000000
58030  36.614  -19.594  43.558 0.0000000000
45562  30.252  -34.470  47.879 0.0000000000
44667  28.690  -34.785  48.499 0.0000000000
44648  30.363  -34.684  49.225 0.0000000000
45545  31.620  -34.256  49.331 0.0000000000
44626  32.163  -34.492  50.828 0.0000000000
44592  32.738  -34.891  52.406 0.0000000000
44575  33.845  -34.674  53.579 0.0000000000
128626  26.544  -34.864  53.063 0.0000000000
44595  28.037  -35.254  53.190 0.0000000000
43754  28.952  -35.558  53.605 0.0000000000
44528  28.808  -35.763  56.544 0.0000000000
43716  29.799  -35.765  55.319 0.0000000000
122435  30.286  -35.851  53.979 0.0000000000
117895  32.222  -35.684  54.743 0.0000000000
44541  33.153  -35.284  55.144 0.0000000000
44539  34.681  -34.334  56.178 0.0000000000
39310  21.943  -41.024  61.284 0.0000000000
38388  20.968  -41.503  60.984 0.0000000000
38389  20.028  -41.630  60.939 0.0000000000
113573  18.659  -40.982  60.107 0.0000000000
38412  18.938  -41.243  58.294 0.0000000000
39334  18.420  -40.752  59.214 0.0000000000
40254  18.228  -40.183  60.724 0.0000000000
41185  17.249  -39.064  59.814 0.0000000000
42076  16.534  -38.001  60.063 0.0000000000
42088  15.420  -37.714  58.720 0.0000000000
42170  17.257  -38.913  51.113 0.0000000000
112810  16.165  -39.318  52.857 0.0000000000
42145  15.850  -39.015  53.596 0.0000000000
113620  14.687  -38.731  52.026 0.0000000000
42146  15.334  -38.975  53.520 0.0000000000
42133  15.567  -38.480  54.902 0.0000000000
42122  15.157  -38.188  55.836 0.0000000000
42099  14.625  -37.814  57.355 0.0000000000
111008  14.143  -37.649  58.995 0.0000000000
42101  13.165  -37.980  57.943 0.0000000000
41195  12.552  -38.500  58.308 0.0000000000
40285  11.334  -39.545  58.393 0.0000000000
40331  11.578  -39.729  55.485 0.0000000000
40312  11.425  -39.710  56.374 0.0000000000
39354  10.576  -40.289  58.540 0.0000000000
39355  9.977  -40.889  58.227 0.0000000000
38417  9.072  -41.897  57.969 0.0000000000
37560  8.538  -42.584  57.634 0.0000000000
119308  7.784  -43.109  57.408 0.0000000000
36737  6.627  -43.991  57.255 0.0000000000
46508  24.568  -32.616  47.453 0.0000000000
111904  24.668  -32.527  49.031 0.0000000000
46485  24.463  -32.521  49.920 0.0000000000
118534  22.723  -31.823  49.134 0.0000000000
46471  23.506  -32.588  50.526 0.0000000000
46460  23.893  -33.012  51.276 0.0000000000
45491  24.189  -34.003  52.223 0.0000000000
44565  23.907  -35.517  54.013 0.0000000000
43718  23.788  -36.356  55.487 0.0000000000
42946  22.115  -37.082  54.173 0.0000000000
42935  22.917  -37.183  55.848 0.0000000000
128311  23.229  -37.349  57.027 0.0000000000
42087  22.931  -38.588  58.333 0.0000000000
40253  22.142  -39.973  60.198 0.0000000000
38360  6.467  -41.853  62.660 0.0000000000
39270  5.826  -40.482  64.576 0.0000000000
65000  50.851  -10.974  31.076 0.0000000000
131843  45.909  -11.923  30.799 0.0000000000
65003  47.375  -11.836  31.509 0.0000000000
64978  48.251  -10.909  32.884 0.0000000000
65844  47.329  -10.017  34.248 0.0000000000
65843  48.175  -9.806  34.078 0.0000000000
66711  49.797  -9.775  33.970 0.0000000000
64087  37.797  -14.413  30.893 0.0000000000
63144  39.456  -14.209  32.430 0.0000000000
62343  38.364  -14.477  32.411 0.0000000000
62342  39.063  -14.256  32.712 0.0000000000
63138  40.368  -14.118  33.395 0.0000000000
64058  42.130  -13.405  34.699 0.0000000000
64046  43.088  -12.910  35.580 0.0000000000
64036  44.725  -12.580  37.368 0.0000000000
59828  40.995  -18.089  36.284 0.0000000000
111285  42.214  -17.167  36.242 0.0000000000
60636  42.880  -16.661  36.468 0.0000000000
60594  44.506  -16.569  39.544 0.0000000000
60620  44.364  -16.212  38.139 0.0000000000
61450  44.032  -15.387  37.057 0.0000000000
62291  44.498  -14.777  37.474 0.0000000000
64030  44.926  -13.051  38.157 0.0000000000
56159  32.447  -22.816  37.918 0.0000000000
56133  33.826  -22.251  39.799 0.0000000000
55181  33.530  -22.739  41.905 0.0000000000
120149  33.888  -22.351  41.611 0.0000000000
56113  34.463  -21.884  41.239 0.0000000000
57032  35.607  -20.823  42.760 0.0000000000
57025  36.197  -20.359  43.968 0.0000000000
57008  37.087  -19.935  45.820 0.0000000000
46505  33.013  -33.067  47.438 0.0000000000
127642  34.202  -29.980  45.801 0.0000000000
49453  34.132  -29.188  45.516 0.0000000000
50305  34.955  -28.106  46.700 0.0000000000
47489  35.996  -31.878  54.314 0.0000000000
47505  36.560  -31.563  52.270 0.0000000000
48452  36.976  -30.958  51.464 0.0000000000
48450  38.130  -30.032  51.761 0.0000000000
49392  36.915  -29.857  49.863 0.0000000000
49404  36.560  -29.282  49.158 0.0000000000
51092  35.938  -27.827  48.090 0.0000000000
126882  34.745  -26.931  46.339 0.0000000000
51912  35.442  -25.997  47.280 0.0000000000
53503  35.483  -24.557  47.232 0.0000000000
54276  35.723  -23.730  47.229 0.0000000000
119981  38.051  -24.443  50.142 0.0000000000
54262  37.192  -23.756  49.098 0.0000000000
55125  36.464  -22.673  47.735 0.0000000000
56055  36.863  -21.932  47.488 0.0000000000
67601  46.662  -8.259  22.037 0.0000000000
66782  47.129  -8.967  22.082 0.0000000000
65090  47.739  -11.097  22.777 0.0000000000
64183  48.158  -12.175  23.578 0.0000000000
64172  50.224  -13.100  24.306 0.0000000000
63229  47.960  -13.237  25.202 0.0000000000
63219  50.076  -13.087  25.890 0.0000000000
63218  50.792  -13.015  25.210 0.0000000000
130217  51.959  -12.215  26.342 0.0000000000
40230  21.969  -40.966  61.198 0.0000000000
39292  22.117  -41.373  61.591 0.0000000000
37552  8.396  -42.668  59.057 0.0000000000
38396  7.939  -42.364  60.513 0.0000000000
58870  37.662  -18.823  44.849 0.0000000000
58869  38.124  -18.235  44.327 0.0000000000
46458  24.951  -33.115  51.172 0.0000000000
45510  25.613  -33.551  51.457 0.0000000000
42168  19.607  -38.014  51.202 0.0000000000
41277  18.862  -38.643  51.551 0.0000000000
42900  15.468  -37.129  60.404 0.0000000000
42886  15.990  -37.086  60.928 0.0000000000
42887  15.363  -36.925  61.187 0.0000000000
65044  45.795  -11.634  28.889 0.0000000000
65045  45.208  -11.925  29.152 0.0000000000
65823  45.128  -10.897  36.992 0.0000000000
64946  45.620  -11.132  37.961 0.0000000000
59854  37.342  -17.802  34.235 0.0000000000
59853  38.249  -17.774  34.504 0.0000000000
59842  38.944  -18.194  35.070 0.0000000000
51941  33.209  -26.822  43.800 0.0000000000
51935  33.671  -26.190  44.355 0.0000000000
52733  33.958  -25.673  44.788 0.0000000000
51930  34.148  -26.481  45.193 0.0000000000
45468  34.602  -33.779  53.562 0.0000000000
45487  34.507  -33.338  52.750 0.0000000000
46422  35.052  -33.012  54.081 0.0000000000
63196  43.634  -13.427  27.566 0.0000000000
63180  44.998  -13.073  28.346 0.0000000000
66780  48.142  -9.697  20.793 0.0000000000
66781  47.710  -9.161  21.403 0.0000000000
66766  47.507  -9.765  22.093 0.0000000000
44533  24.569  -36.093  55.944 0.0000000000
43707  24.315  -36.339  56.367 0.0000000000
134463  11.248  -39.477  59.749 0.0000000000
41173  11.715  -38.796  60.739 0.0000000000
41155  11.062  -39.272  61.185 0.0000000000
63200  40.251  -13.140  28.025 0.0000000000
119467  39.828  -13.992  31.753 0.0000000000
132772  40.337  -13.785  31.835 0.0000000000
64077  41.333  -13.479  32.713 0.0000000000
112224  40.785  -13.818  33.047 0.0000000000
58082  38.532  -19.407  39.035 0.0000000000
133908  5.215  -45.036  58.329 0.0000000000
58140  34.380  -20.457  33.444 0.0000000000
57107  34.891  -21.395  34.845 0.0000000000
57060  35.034  -21.256  40.007 0.0000000000
117546  35.536  -20.710  40.500 0.0000000000
129788  29.238  -35.387  51.704 0.0000000000
111517  29.960  -35.346  51.197 0.0000000000
43765  29.883  -35.565  52.087 0.0000000000
43752  30.649  -35.704  52.538 0.0000000000
44529  27.497  -36.131  56.663 0.0000000000
130080  21.167  -40.578  57.650 0.0000000000
39352  20.974  -41.099  58.070 0.0000000000
40329  17.150  -39.217  55.742 0.0000000000
40311  17.536  -39.787  56.439 0.0000000000
119558  16.376  -38.500  57.062 0.0000000000
42107  16.501  -38.565  56.233 0.0000000000
41239  13.996  -39.064  54.256 0.0000000000
41240  13.100  -38.982  54.666 0.0000000000
44633  21.790  -34.549  50.278 0.0000000000
45512  22.362  -34.091  50.772 0.0000000000
43755  22.493  -35.344  51.906 0.0000000000
40308  21.363  -39.510  56.857 0.0000000000
40293  21.526  -39.906  57.635 0.0000000000
39321  18.668  -40.865  61.222 0.0000000000
38363  3.199  -41.593  62.745 0.0000000000
39304  3.768  -41.243  63.301 0.0000000000
65880  50.050  -10.750  28.667 0.0000000000
65041  50.745  -10.921  28.579 0.0000000000
65863  50.186  -10.418  32.540 0.0000000000
65862  50.815  -10.661  32.635 0.0000000000
65853  50.656  -10.269  33.255 0.0000000000
64993  43.929  -12.023  31.693 0.0000000000
113579  44.864  -11.932  32.185 0.0000000000
64981  45.242  -11.552  33.252 0.0000000000
61470  41.606  -15.565  35.126 0.0000000000
62311  41.037  -15.005  34.763 0.0000000000
61469  42.288  -15.166  35.566 0.0000000000
59787  42.499  -17.558  39.280 0.0000000000
60595  43.061  -17.004  39.750 0.0000000000
55190  31.903  -23.534  39.683 0.0000000000
55145  35.039  -23.203  45.233 0.0000000000
55155  34.813  -22.856  44.494 0.0000000000
56075  35.331  -22.451  45.022 0.0000000000
133472  35.763  -21.900  45.148 0.0000000000
55144  35.831  -22.331  45.687 0.0000000000
45581  31.610  -33.952  47.557 0.0000000000
45593  31.397  -33.769  46.677 0.0000000000
47548  35.244  -31.331  49.434 0.0000000000
47560  34.942  -31.197  48.650 0.0000000000
48483  35.693  -30.644  48.869 0.0000000000
48501  35.256  -30.646  48.087 0.0000000000
113053  38.800  -28.027  52.087 0.0000000000
51070  38.219  -26.869  50.689 0.0000000000
133002  37.375  -26.415  49.923 0.0000000000
117314  38.704  -26.041  50.907 0.0000000000
65909  45.235  -10.998  24.083 0.0000000000
65915  45.662  -10.518  23.655 0.0000000000
65081  46.257  -12.197  24.312 0.0000000000
65898  49.137  -10.786  27.794 0.0000000000
65897  50.085  -10.825  27.867 0.0000000000
64205  52.075  -13.246  21.801 0.0000000000
64206  51.446  -13.243  20.790 0.0000000000
63241  52.919  -13.650  22.186 0.0000000000
64181  51.082  -12.967  23.441 0.0000000000
119243  52.205  -12.745  24.877 0.0000000000
42074  23.374  -38.369  58.585 0.0000000000
42911  23.723  -37.827  58.508 0.0000000000
39338  9.729  -40.811  59.895 0.0000000000
40242  9.932  -40.185  61.120 0.0000000000
39323  9.584  -40.782  60.732 0.0000000000
39300  8.204  -41.124  62.458 0.0000000000
134427  8.773  -40.702  62.545 0.0000000000
40229  8.039  -40.010  64.067 0.0000000000
39284  7.432  -40.697  63.668 0.0000000000
64101  37.866  -13.754  30.212 0.0000000000
58894  37.594  -18.683  41.434 0.0000000000
58884  38.076  -18.176  41.993 0.0000000000
34969  3.736  -45.649  57.886 0.0000000000
45564  25.357  -33.835  48.185 0.0000000000
45563  25.903  -34.077  48.870 0.0000000000
45528  26.945  -34.198  50.967 0.0000000000
118514  27.428  -34.670  51.152 0.0000000000
116939  28.134  -34.914  51.115 0.0000000000
44612  27.531  -34.850  51.859 0.0000000000
40345  20.183  -39.435  54.577 0.0000000000
39393  19.920  -40.356  55.938 0.0000000000
127715  19.661  -39.394  53.928 0.0000000000
41250  18.481  -39.277  52.900 0.0000000000
41237  18.035  -39.430  53.667 0.0000000000
117476  17.752  -39.361  54.340 0.0000000000
42975  20.861  -37.156  50.586 0.0000000000
43771  21.190  -36.514  50.194 0.0000000000
42974  21.530  -36.599  50.900 0.0000000000
42966  21.812  -36.785  51.735 0.0000000000
42960  21.266  -37.464  52.112 0.0000000000
41248  20.054  -38.559  52.956 0.0000000000
132378  20.701  -38.923  54.448 0.0000000000
41153  17.581  -38.485  61.438 0.0000000000
65889  48.051  -10.805  28.643 0.0000000000
130123  47.054  -11.068  28.718 0.0000000000
65018  47.688  -11.607  30.571 0.0000000000
65002  48.393  -11.418  31.459 0.0000000000
127129  44.329  -11.231  34.550 0.0000000000
65847  45.017  -10.725  35.074 0.0000000000
66684  46.584  -9.706  36.779 0.0000000000
60671  36.942  -15.960  32.852 0.0000000000
60655  40.085  -16.173  34.707 0.0000000000
60648  40.665  -16.708  35.139 0.0000000000
53540  32.691  -24.726  41.353 0.0000000000
54318  33.012  -24.154  41.766 0.0000000000
113207  34.080  -24.946  44.801 0.0000000000
53522  33.842  -24.425  44.182 0.0000000000
54293  34.783  -23.909  45.367 0.0000000000
53509  34.854  -24.319  46.127 0.0000000000
45526  32.615  -33.871  50.314 0.0000000000
45543  33.125  -33.314  49.841 0.0000000000
45525  33.301  -33.399  50.643 0.0000000000
46443  34.782  -32.705  52.368 0.0000000000
46456  34.642  -32.411  51.473 0.0000000000
47536  34.981  -31.867  50.807 0.0000000000
47521  35.347  -31.920  51.512 0.0000000000
65078  42.369  -11.638  26.171 0.0000000000
64166  43.206  -12.009  25.956 0.0000000000
64165  43.979  -12.668  25.836 0.0000000000
64164  44.751  -12.645  25.573 0.0000000000
63222  46.093  -13.583  26.197 0.0000000000
63223  45.310  -13.462  26.390 0.0000000000
64135  46.518  -12.272  28.154 0.0000000000
65058  47.875  -11.157  27.867 0.0000000000
65933  49.178  -11.313  21.216 0.0000000000
65941  48.960  -11.123  20.454 0.0000000000
65102  50.560  -12.366  21.466 0.0000000000
114579  49.578  -11.898  22.214 0.0000000000
64189  49.119  -12.155  22.975 0.0000000000
130921  24.869  -34.554  53.100 0.0000000000
45472  25.160  -34.411  53.029 0.0000000000
45453  25.104  -34.981  53.650 0.0000000000
44532  25.217  -35.875  55.918 0.0000000000
44531  25.677  -35.877  56.112 0.0000000000
44515  25.787  -36.155  56.674 0.0000000000
130099  13.346  -37.623  60.543 0.0000000000
120005  12.819  -37.789  61.197 0.0000000000
42030  12.087  -37.948  62.445 0.0000000000
42017  12.270  -37.630  63.305 0.0000000000
42848  12.202  -37.186  64.991 0.0000000000
42012  11.389  -37.609  65.028 0.0000000000
131809  10.173  -39.326  63.239 0.0000000000
131604  10.503  -39.448  62.450 0.0000000000
41132  10.076  -38.882  64.113 0.0000000000
63183  42.527  -13.400  28.532 0.0000000000
64122  44.135  -13.153  29.171 0.0000000000
64113  42.953  -13.251  30.082 0.0000000000
65023  43.096  -12.962  30.911 0.0000000000
64097  42.614  -13.205  30.721 0.0000000000
63176  39.239  -13.622  29.640 0.0000000000
63175  40.224  -13.597  29.615 0.0000000000
64084  41.586  -13.320  31.944 0.0000000000
122432  41.743  -13.311  31.187 0.0000000000
114362  42.857  -12.991  31.640 0.0000000000
64995  42.716  -12.957  32.490 0.0000000000
64983  43.168  -12.286  33.166 0.0000000000
64984  42.574  -12.820  33.391 0.0000000000
64969  42.466  -12.758  34.129 0.0000000000
64065  42.857  -12.392  34.817 0.0000000000
64056  43.867  -11.842  35.661 0.0000000000
115814  43.253  -12.328  35.359 0.0000000000
58114  38.570  -19.607  36.432 0.0000000000
58942  39.175  -19.155  36.233 0.0000000000
58113  39.198  -19.468  36.798 0.0000000000
111469  40.144  -18.756  38.827 0.0000000000
58909  40.968  -18.257  38.981 0.0000000000
59789  40.696  -17.644  39.857 0.0000000000
59772  38.856  -17.847  41.531 0.0000000000
59779  39.052  -17.931  40.677 0.0000000000
60578  41.008  -16.650  41.580 0.0000000000
60587  41.436  -16.763  40.781 0.0000000000
60576  42.338  -16.034  42.007 0.0000000000
50345  33.144  -28.484  44.079 0.0000000000
65903  41.139  -10.714  26.203 0.0000000000
64137  41.511  -12.892  27.211 0.0000000000
63197  42.804  -13.361  27.686 0.0000000000
68388  47.461  -7.611  20.934 0.0000000000
115432  6.759  -43.875  58.145 0.0000000000
36717  6.474  -43.804  59.747 0.0000000000
36707  4.844  -43.930  60.249 0.0000000000
37537  4.316  -43.298  60.950 0.0000000000
37525  3.899  -42.744  61.553 0.0000000000
37538  3.351  -43.102  60.909 0.0000000000
36721  2.235  -44.090  59.798 0.0000000000
59862  36.449  -17.330  33.507 0.0000000000
116155  35.787  -17.746  33.352 0.0000000000
58139  35.203  -19.746  33.771 0.0000000000
58974  35.215  -19.019  33.535 0.0000000000
58973  35.815  -18.984  34.062 0.0000000000
129288  36.374  -20.752  35.762 0.0000000000
57105  37.152  -20.273  36.092 0.0000000000
57078  37.434  -20.463  37.408 0.0000000000
57079  36.795  -20.802  37.782 0.0000000000
56185  34.568  -21.856  35.535 0.0000000000
57073  36.136  -21.049  38.368 0.0000000000
129482  36.947  -19.827  39.859 0.0000000000
58058  35.933  -20.155  41.726 0.0000000000
58057  36.501  -19.637  41.369 0.0000000000
58044  36.407  -19.629  42.147 0.0000000000
118971  36.383  -19.750  42.803 0.0000000000
45584  29.034  -34.199  46.852 0.0000000000
120295  29.857  -34.044  46.804 0.0000000000
45583  29.730  -34.389  47.422 0.0000000000
44668  27.738  -34.713  48.649 0.0000000000
44628  30.438  -34.952  50.484 0.0000000000
112261  30.004  -34.818  49.820 0.0000000000
44647  30.960  -34.646  49.752 0.0000000000
45527  31.850  -34.298  50.025 0.0000000000
43737  32.158  -35.479  52.766 0.0000000000
44591  33.390  -34.619  52.775 0.0000000000
45451  25.757  -34.936  53.625 0.0000000000
45470  26.001  -34.478  53.018 0.0000000000
45450  26.284  -35.115  53.677 0.0000000000
44578  27.123  -35.192  53.579 0.0000000000
44577  27.963  -35.258  54.096 0.0000000000
43728  28.655  -35.499  54.465 0.0000000000
44542  30.083  -35.757  56.152 0.0000000000
43715  30.699  -35.785  55.452 0.0000000000
43726  30.454  -35.832  54.635 0.0000000000
130578  31.316  -35.797  54.749 0.0000000000
43714  31.586  -35.740  55.538 0.0000000000
116382  33.217  -35.173  56.121 0.0000000000
44540  33.929  -34.821  55.577 0.0000000000
39320  21.948  -40.591  60.717 0.0000000000
38387  21.635  -41.132  61.079 0.0000000000
38399  21.455  -41.138  60.391 0.0000000000
122393  19.443  -41.408  60.024 0.0000000000
38390  19.253  -41.297  60.998 0.0000000000
38442  19.209  -41.001  57.128 0.0000000000
38427  19.379  -41.251  57.757 0.0000000000
39370  18.636  -40.914  57.573 0.0000000000
39353  18.440  -40.843  58.474 0.0000000000
40284  18.011  -40.169  58.813 0.0000000000
40270  18.162  -40.180  59.687 0.0000000000
40255  17.896  -39.418  60.153 0.0000000000
40271  17.647  -39.581  59.343 0.0000000000
42097  16.261  -38.432  57.881 0.0000000000
133969  16.232  -38.333  58.643 0.0000000000
130802  16.014  -37.916  59.272 0.0000000000
42157  15.956  -39.326  52.279 0.0000000000
42173  14.382  -38.258  51.358 0.0000000000
113794  14.266  -38.443  51.966 0.0000000000
125570  14.918  -38.826  54.267 0.0000000000
42147  14.891  -38.926  53.405 0.0000000000
120771  15.214  -38.781  54.207 0.0000000000
119575  15.608  -38.739  54.120 0.0000000000
42121  15.789  -38.170  55.658 0.0000000000
42110  14.453  -38.034  56.386 0.0000000000
42090  14.022  -37.879  58.098 0.0000000000
41204  12.567  -38.675  57.432 0.0000000000
119194  11.895  -38.987  57.880 0.0000000000
40295  11.490  -39.489  57.612 0.0000000000
40364  11.736  -39.787  53.655 0.0000000000
40349  11.709  -39.773  54.587 0.0000000000
127801  10.521  -40.723  55.296 0.0000000000
39397  10.904  -40.241  55.845 0.0000000000
40313  10.795  -40.330  56.831 0.0000000000
40296  10.958  -39.972  57.694 0.0000000000
39371  10.426  -40.592  57.660 0.0000000000
39372  10.066  -40.948  57.004 0.0000000000
38431  9.614  -41.546  57.350 0.0000000000
38432  8.981  -42.046  56.987 0.0000000000
120312  8.636  -42.467  58.372 0.0000000000
129274  7.800  -43.215  56.533 0.0000000000
36743  7.263  -43.616  56.819 0.0000000000
47553  24.065  -31.887  48.639 0.0000000000
46497  24.491  -32.321  48.257 0.0000000000
130014  24.100  -32.149  49.418 0.0000000000
47555  22.017  -31.803  48.908 0.0000000000
47564  22.308  -31.318  48.429 0.0000000000
46461  23.324  -33.052  50.880 0.0000000000
46445  24.306  -33.502  51.881 0.0000000000
44580  23.635  -35.195  53.163 0.0000000000
43730  23.413  -36.178  54.548 0.0000000000
42953  22.110  -36.827  53.401 0.0000000000
43742  22.361  -36.424  52.976 0.0000000000
42106  22.041  -37.882  56.599 0.0000000000
42928  22.719  -37.448  56.526 0.0000000000
42096  22.711  -37.749  57.248 0.0000000000
126861  23.106  -38.060  57.778 0.0000000000
116597  22.533  -38.332  57.791 0.0000000000
40269  21.994  -39.605  59.578 0.0000000000
38370  20.658  -41.826  61.740 0.0000000000
42872  14.088  -36.878  62.507 0.0000000000
114312  14.681  -36.804  63.260 0.0000000000
42857  14.910  -36.812  64.150 0.0000000000
119514  6.152  -43.015  60.997 0.0000000000
38378  6.658  -42.455  61.754 0.0000000000
38379  5.778  -42.327  62.339 0.0000000000
39271  4.853  -40.549  64.524 0.0000000000
40222  5.154  -39.994  65.198 0.0000000000
114221  5.984  -39.930  65.192 0.0000000000
40216  4.722  -39.861  65.872 0.0000000000
117801  50.264  -10.818  30.350 0.0000000000
132742  51.092  -10.957  32.755 0.0000000000
65035  44.897  -11.997  29.617 0.0000000000
122124  45.068  -11.812  29.729 0.0000000000
65020  45.139  -11.905  30.459 0.0000000000
64992  46.932  -11.809  32.381 0.0000000000
131097  46.431  -11.971  31.568 0.0000000000
64991  47.832  -11.521  32.274 0.0000000000
65845  46.431  -10.340  34.451 0.0000000000
66705  46.998  -9.785  35.029 0.0000000000
66703  49.148  -9.526  34.586 0.0000000000
66702  50.241  -9.684  34.739 0.0000000000
66701  50.742  -9.984  34.766 0.0000000000
63150  37.552  -14.545  31.084 0.0000000000
63163  36.801  -14.251  30.442 0.0000000000
127350  38.220  -14.497  31.558 0.0000000000
64086  38.678  -14.373  31.598 0.0000000000
63145  38.764  -14.332  32.114 0.0000000000
61497  37.934  -15.065  32.878 0.0000000000
62333  38.660  -14.746  33.131 0.0000000000
62320  40.645  -14.491  34.187 0.0000000000
62332  39.406  -14.482  33.360 0.0000000000
62331  40.090  -14.231  33.631 0.0000000000
63139  39.762  -14.233  33.034 0.0000000000
64067  41.005  -13.924  33.729 0.0000000000
63129  41.361  -13.966  34.275 0.0000000000
63104  42.918  -13.694  35.922 0.0000000000
63115  42.529  -13.490  35.272 0.0000000000
118525  43.486  -13.189  36.123 0.0000000000
64045  43.742  -12.398  35.987 0.0000000000
64037  44.113  -13.062  36.759 0.0000000000
58940  40.568  -18.700  36.860 0.0000000000
58953  40.226  -18.367  36.119 0.0000000000
58939  41.328  -18.420  37.119 0.0000000000
59812  42.743  -17.705  37.674 0.0000000000
59827  41.811  -17.804  36.567 0.0000000000
59826  42.565  -17.505  36.873 0.0000000000
60622  43.231  -17.110  37.260 0.0000000000
61438  45.348  -15.535  38.972 0.0000000000
60606  44.791  -16.240  38.888 0.0000000000
61439  44.791  -15.743  38.387 0.0000000000
130732  44.101  -16.047  37.497 0.0000000000
61449  44.470  -15.550  37.770 0.0000000000
56150  32.311  -22.947  38.718 0.0000000000
56149  32.973  -22.630  38.692 0.0000000000
112348  33.306  -22.677  40.006 0.0000000000
55174  33.374  -23.216  42.113 0.0000000000
55182  33.199  -23.085  41.445 0.0000000000
56105  34.096  -22.421  42.306 0.0000000000
56104  34.513  -21.834  41.974 0.0000000000
57040  34.935  -21.185  41.644 0.0000000000
57033  35.030  -21.263  42.358 0.0000000000
57010  36.046  -21.306  44.954 0.0000000000
57018  36.333  -20.571  44.707 0.0000000000
58007  36.724  -20.110  45.113 0.0000000000
129699  33.471  -32.775  48.753 0.0000000000
46495  33.094  -33.175  48.296 0.0000000000
46504  33.721  -32.525  47.998 0.0000000000
47571  34.134  -31.838  47.368 0.0000000000
47581  34.020  -31.733  46.478 0.0000000000
47592  33.832  -31.507  45.584 0.0000000000
48530  34.267  -30.868  46.061 0.0000000000
49430  35.052  -29.620  46.991 0.0000000000
49442  34.633  -29.416  46.150 0.0000000000
126769  34.924  -28.837  46.563 0.0000000000
50316  34.482  -28.447  45.966 0.0000000000
47470  36.116  -32.164  55.218 0.0000000000
47487  37.352  -31.015  53.721 0.0000000000
123663  37.003  -31.389  53.070 0.0000000000
48438  37.251  -31.118  52.314 0.0000000000
49379  38.063  -29.415  51.333 0.0000000000
49378  38.492  -29.463  52.042 0.0000000000
48451  37.647  -30.196  51.229 0.0000000000
49403  37.077  -29.100  49.824 0.0000000000
50273  36.314  -28.280  48.661 0.0000000000
134508  35.821  -27.264  47.888 0.0000000000
50294  35.568  -27.819  47.356 0.0000000000
51103  35.480  -26.917  47.350 0.0000000000
51921  34.986  -26.550  46.798 0.0000000000
117588  35.894  -26.505  48.045 0.0000000000
52697  36.788  -25.443  48.977 0.0000000000
129499  35.819  -24.893  47.805 0.0000000000
53496  36.260  -24.921  48.399 0.0000000000
54268  35.933  -24.212  47.903 0.0000000000
112807  36.502  -23.966  48.484 0.0000000000
52685  39.012  -25.143  51.183 0.0000000000
132600  39.134  -24.290  51.307 0.0000000000
54261  37.909  -23.585  49.818 0.0000000000
55110  37.641  -22.930  49.232 0.0000000000
54267  36.856  -23.023  48.504 0.0000000000
132983  37.029  -22.331  48.098 0.0000000000
68377  46.379  -6.805  21.643 0.0000000000
66757  42.797  -9.585  24.883 0.0000000000
123997  43.336  -9.979  24.595 0.0000000000
66767  46.630  -9.601  22.652 0.0000000000
115345  46.467  -8.834  22.428 0.0000000000
65922  47.198  -10.425  22.673 0.0000000000
64173  49.079  -12.765  23.871 0.0000000000
63228  49.062  -13.275  24.784 0.0000000000
114970  46.941  -13.617  26.398 0.0000000000
63221  47.790  -13.457  26.119 0.0000000000
64148  50.157  -12.393  26.533 0.0000000000
63206  49.389  -13.071  26.407 0.0000000000
64161  50.894  -12.625  25.912 0.0000000000
64147  51.244  -12.208  26.370 0.0000000000
64146  51.962  -12.284  26.061 0.0000000000
124070  51.359  -11.921  26.753 0.0000000000
65054  51.556  -11.586  27.452 0.0000000000
133176  49.627  -11.340  18.959 0.0000000000
65119  50.074  -12.153  18.845 0.0000000000
64214  50.340  -12.778  19.439 0.0000000000
64186  52.230  -13.215  22.799 0.0000000000
40238  22.537  -40.327  60.569 0.0000000000
39324  9.150  -41.381  60.312 0.0000000000
38395  8.469  -41.797  60.775 0.0000000000
38376  8.194  -41.593  61.658 0.0000000000
38359  7.412  -41.711  62.371 0.0000000000
58885  37.639  -18.516  42.766 0.0000000000
58877  37.923  -18.318  43.530 0.0000000000
46484  25.165  -32.941  49.748 0.0000000000
45547  25.736  -33.632  49.643 0.0000000000
45529  26.240  -33.839  50.844 0.0000000000
113596  19.267  -38.971  52.608 0.0000000000
41265  17.617  -39.310  52.305 0.0000000000
42985  20.590  -37.036  49.689 0.0000000000
112471  20.468  -37.819  51.719 0.0000000000
42064  16.474  -37.606  60.760 0.0000000000
42027  17.250  -38.004  62.081 0.0000000000
42051  16.392  -37.293  61.394 0.0000000000
42028  16.635  -37.450  62.188 0.0000000000
42855  16.062  -37.013  63.441 0.0000000000
64119  46.115  -11.763  28.546 0.0000000000
65043  46.397  -11.431  28.665 0.0000000000
65033  46.136  -11.335  29.011 0.0000000000
116148  45.845  -11.703  29.812 0.0000000000
65836  44.792  -10.820  35.815 0.0000000000
65829  45.380  -10.462  36.407 0.0000000000
66674  45.930  -10.258  37.280 0.0000000000
60658  37.719  -17.088  34.044 0.0000000000
59852  39.117  -17.375  34.709 0.0000000000
51942  32.887  -26.225  43.089 0.0000000000
52741  33.079  -25.320  42.978 0.0000000000
52740  33.370  -25.034  43.503 0.0000000000
52725  34.370  -25.549  45.417 0.0000000000
44608  33.306  -34.144  51.992 0.0000000000
46442  35.358  -32.302  52.794 0.0000000000
64150  43.381  -12.764  26.363 0.0000000000
63211  44.849  -13.523  26.881 0.0000000000
63210  45.653  -13.662  27.003 0.0000000000
63194  45.252  -13.428  27.669 0.0000000000
64136  45.719  -12.697  28.288 0.0000000000
65104  48.621  -10.877  21.576 0.0000000000
44564  24.521  -35.416  54.252 0.0000000000
44563  24.984  -35.364  54.396 0.0000000000
44549  24.691  -35.787  55.206 0.0000000000
124651  24.902  -35.901  55.773 0.0000000000
44517  24.773  -36.189  56.382 0.0000000000
42067  12.308  -38.468  60.055 0.0000000000
42066  12.593  -38.059  60.647 0.0000000000
131538  12.186  -38.408  60.719 0.0000000000
41154  11.550  -38.593  62.251 0.0000000000
42031  11.486  -38.197  63.243 0.0000000000
40219  8.775  -39.504  64.454 0.0000000000
113217  9.421  -38.922  64.704 0.0000000000
63184  41.619  -13.455  28.612 0.0000000000
63174  41.230  -13.550  29.541 0.0000000000
64996  42.028  -13.241  32.695 0.0000000000
120075  41.699  -13.366  33.046 0.0000000000
64970  42.043  -13.205  33.968 0.0000000000
58910  39.554  -18.629  39.315 0.0000000000
59762  39.828  -17.119  42.708 0.0000000000
64138  40.724  -12.749  27.319 0.0000000000
36738  6.105  -44.576  57.948 0.0000000000
133680  5.684  -44.591  58.878 0.0000000000
36732  4.894  -44.713  59.368 0.0000000000
36719  4.105  -44.438  59.827 0.0000000000
58138  35.806  -20.038  34.380 0.0000000000
117931  35.665  -21.273  35.804 0.0000000000
124320  34.503  -21.952  37.075 0.0000000000
56156  35.324  -21.636  37.178 0.0000000000
128407  34.799  -21.796  37.737 0.0000000000
131352  35.662  -20.848  39.759 0.0000000000
57047  36.201  -20.194  39.963 0.0000000000
44685  28.334  -34.410  47.223 0.0000000000
44630  28.650  -34.960  50.400 0.0000000000
44629  29.550  -35.011  50.482 0.0000000000
134729  30.831  -35.149  51.067 0.0000000000
44610  31.618  -35.078  51.431 0.0000000000
43751  31.472  -35.533  52.250 0.0000000000
114568  32.115  -35.704  53.709 0.0000000000
44546  26.391  -35.671  55.146 0.0000000000
44545  27.321  -35.753  55.464 0.0000000000
44544  28.338  -35.677  55.776 0.0000000000
44509  31.632  -35.630  57.785 0.0000000000
43705  31.789  -35.683  56.268 0.0000000000
114988  21.729  -40.410  59.136 0.0000000000
38409  21.324  -41.128  59.518 0.0000000000
38410  20.551  -41.424  58.834 0.0000000000
40310  18.254  -40.273  56.159 0.0000000000
115646  18.042  -40.344  56.997 0.0000000000
40294  17.367  -39.695  57.355 0.0000000000
41203  16.685  -39.051  57.661 0.0000000000
42108  16.074  -38.103  57.296 0.0000000000
113030  15.342  -39.105  52.029 0.0000000000
41266  13.780  -38.427  52.176 0.0000000000
42148  14.589  -38.956  53.782 0.0000000000
42123  14.130  -38.357  55.761 0.0000000000
42111  13.635  -38.223  56.470 0.0000000000
41215  13.443  -38.453  55.885 0.0000000000
41228  12.126  -39.178  55.991 0.0000000000
121734  9.720  -41.671  55.704 0.0000000000
47572  23.525  -31.317  47.625 0.0000000000
47563  23.199  -31.546  48.437 0.0000000000
45548  21.695  -33.025  49.286 0.0000000000
46473  22.265  -32.781  49.877 0.0000000000
45531  22.645  -33.262  50.514 0.0000000000
45511  23.155  -33.784  51.115 0.0000000000
45492  23.591  -34.200  51.879 0.0000000000
42118  21.558  -38.169  55.186 0.0000000000
42129  21.830  -37.679  54.803 0.0000000000
41224  21.575  -38.335  55.883 0.0000000000
41202  21.893  -38.915  57.617 0.0000000000
41193  22.278  -38.799  58.350 0.0000000000
120723  4.984  -42.112  62.595 0.0000000000
38361  5.628  -41.722  62.969 0.0000000000
38348  4.736  -41.532  63.234 0.0000000000
39287  4.351  -40.856  63.846 0.0000000000
65001  50.021  -10.783  31.128 0.0000000000
65868  50.498  -10.737  31.888 0.0000000000
127982  51.158  -10.886  34.215 0.0000000000
65006  44.542  -11.949  31.100 0.0000000000
123365  45.918  -11.872  32.412 0.0000000000
66682  48.332  -8.875  36.413 0.0000000000
61478  39.590  -15.700  34.219 0.0000000000
62319  41.329  -14.409  34.644 0.0000000000
62309  42.362  -14.253  35.518 0.0000000000
113727  41.499  -18.497  38.048 0.0000000000
58917  42.236  -18.070  38.046 0.0000000000
59799  42.715  -17.731  38.470 0.0000000000
62282  45.374  -14.585  38.747 0.0000000000
55204  32.238  -23.169  39.410 0.0000000000
55203  32.849  -23.008  40.090 0.0000000000
55164  34.063  -23.240  43.490 0.0000000000
55173  33.802  -22.974  42.606 0.0000000000
55163  34.536  -22.667  43.894 0.0000000000
56095  34.815  -22.065  43.591 0.0000000000
56094  35.210  -21.472  43.177 0.0000000000
56074  35.530  -21.775  44.562 0.0000000000
56073  36.155  -21.617  45.603 0.0000000000
47570  34.537  -31.320  47.564 0.0000000000
48517  34.862  -30.612  47.359 0.0000000000
48516  35.392  -30.102  47.565 0.0000000000
120716  35.750  -29.392  47.581 0.0000000000
47469  36.687  -31.669  54.977 0.0000000000
47450  37.526  -31.557  55.720 0.0000000000
47468  37.428  -31.034  54.700 0.0000000000
48425  37.943  -30.581  53.935 0.0000000000
50253  37.939  -28.553  50.928 0.0000000000
50262  37.419  -28.464  50.175 0.0000000000
51079  37.207  -27.623  49.863 0.0000000000
119054  36.526  -26.891  49.017 0.0000000000
51894  36.730  -26.257  49.019 0.0000000000
116253  37.234  -25.897  49.593 0.0000000000
116252  37.193  -25.103  49.435 0.0000000000
65077  44.067  -11.371  24.942 0.0000000000
66755  44.002  -9.948  24.062 0.0000000000
65910  44.431  -10.799  24.332 0.0000000000
65091  46.907  -11.095  23.233 0.0000000000
65085  46.757  -11.679  23.713 0.0000000000
64184  47.251  -12.211  23.980 0.0000000000
63191  47.965  -12.721  27.332 0.0000000000
64132  49.426  -11.511  27.218 0.0000000000
65070  50.613  -11.203  27.216 0.0000000000
63250  52.138  -13.907  20.668 0.0000000000
64180  52.321  -13.176  23.715 0.0000000000
64158  52.649  -12.503  25.247 0.0000000000
114863  23.704  -37.060  57.229 0.0000000000
43694  24.107  -36.793  57.380 0.0000000000
42921  23.843  -37.303  57.876 0.0000000000
42899  23.860  -37.850  58.974 0.0000000000
42049  23.591  -38.770  59.785 0.0000000000
40256  10.562  -39.768  60.783 0.0000000000
126857  9.855  -40.257  61.822 0.0000000000
40227  9.538  -39.821  63.234 0.0000000000
122365  8.785  -40.923  61.896 0.0000000000
40233  9.133  -40.255  62.881 0.0000000000
40228  8.886  -39.938  63.600 0.0000000000
40220  7.879  -39.412  64.997 0.0000000000
41125  6.782  -38.990  66.385 0.0000000000
64100  39.277  -13.996  31.329 0.0000000000
63149  39.305  -14.195  31.956 0.0000000000
58893  38.317  -18.302  41.080 0.0000000000
125839  38.324  -17.987  42.832 0.0000000000
59763  39.093  -17.631  42.835 0.0000000000
59755  39.502  -17.381  43.503 0.0000000000
35879  4.252  -45.132  58.670 0.0000000000
35880  3.322  -45.248  58.691 0.0000000000
35881  2.434  -45.370  58.760 0.0000000000
35872  1.824  -44.754  59.327 0.0000000000
35873  0.709  -44.880  59.423 0.0000000000
119809  33.639  -22.236  37.160 0.0000000000
56157  34.057  -21.986  37.872 0.0000000000
56148  33.748  -22.145  38.808 0.0000000000
44669  26.829  -34.344  48.742 0.0000000000
44651  27.295  -34.533  49.507 0.0000000000
44632  26.836  -34.148  50.268 0.0000000000
127110  28.468  -35.192  51.769 0.0000000000
44594  28.905  -35.472  52.513 0.0000000000
40309  20.728  -40.027  56.281 0.0000000000
39383  20.278  -40.599  56.709 0.0000000000
39384  19.506  -40.763  56.537 0.0000000000
39395  18.983  -40.512  55.761 0.0000000000
40346  19.268  -39.782  54.389 0.0000000000
39404  18.772  -40.024  54.982 0.0000000000
129977  18.378  -40.083  55.512 0.0000000000
40328  17.909  -39.631  55.021 0.0000000000
41238  17.195  -39.025  54.818 0.0000000000
41267  13.151  -38.884  52.728 0.0000000000
40363  12.468  -39.395  53.205 0.0000000000
43766  21.976  -35.876  51.423 0.0000000000
42959  21.862  -36.974  52.674 0.0000000000
42142  21.673  -37.392  53.418 0.0000000000
42130  21.120  -38.308  54.406 0.0000000000
41225  21.000  -38.913  55.095 0.0000000000
65888  48.861  -10.687  28.492 0.0000000000
65881  49.511  -10.700  29.020 0.0000000000
65882  48.781  -10.757  29.256 0.0000000000
65032  48.854  -10.916  29.937 0.0000000000
113441  49.179  -10.988  31.106 0.0000000000
65864  49.235  -10.583  32.687 0.0000000000
132049  45.047  -10.949  34.150 0.0000000000
66696  45.907  -9.949  36.111 0.0000000000
66695  46.740  -9.676  35.877 0.0000000000
66683  47.489  -9.254  36.550 0.0000000000
61499  36.790  -15.317  32.383 0.0000000000
61488  38.360  -15.557  33.438 0.0000000000
60664  38.070  -16.367  33.694 0.0000000000
61479  38.814  -16.032  33.999 0.0000000000
61471  40.848  -15.850  34.844 0.0000000000
60637  42.116  -16.288  35.735 0.0000000000
60586  42.862  -16.622  40.550 0.0000000000
54332  32.223  -23.703  40.346 0.0000000000
54317  33.251  -23.803  42.274 0.0000000000
53528  33.544  -24.601  43.676 0.0000000000
54308  33.697  -24.002  43.561 0.0000000000
54301  34.098  -23.718  44.157 0.0000000000
54300  34.581  -23.494  44.642 0.0000000000
45559  32.595  -33.609  48.635 0.0000000000
46482  33.557  -32.747  49.429 0.0000000000
46457  33.893  -32.892  51.041 0.0000000000
46481  34.078  -32.227  49.727 0.0000000000
47549  34.793  -31.866  49.969 0.0000000000
47535  35.523  -31.497  50.231 0.0000000000
116151  42.218  -10.047  25.472 0.0000000000
120612  43.778  -11.909  25.436 0.0000000000
64176  45.312  -12.311  24.980 0.0000000000
64162  46.133  -13.011  25.190 0.0000000000
63192  47.025  -13.044  27.674 0.0000000000
65120  49.482  -11.636  19.750 0.0000000000
65942  48.540  -10.221  20.138 0.0000000000
126648  52.401  -13.254  22.389 0.0000000000
122672  51.724  -12.949  22.289 0.0000000000
64187  51.174  -12.713  22.425 0.0000000000
65088  50.340  -12.203  21.875 0.0000000000
132199  24.753  -33.601  52.077 0.0000000000
115256  25.161  -33.889  52.501 0.0000000000
129145  25.624  -35.274  54.194 0.0000000000
45436  25.371  -35.390  54.457 0.0000000000
45435  25.770  -35.552  54.856 0.0000000000
117661  26.051  -35.724  55.657 0.0000000000
44530  26.463  -36.078  56.417 0.0000000000
43693  24.449  -36.609  57.443 0.0000000000
43692  24.832  -36.458  57.522 0.0000000000
43685  24.959  -36.635  58.206 0.0000000000
44501  25.275  -36.303  57.034 0.0000000000
42169  18.499  -38.414  51.062 0.0000000000
42079  14.240  -37.386  59.998 0.0000000000
42901  14.763  -37.030  60.649 0.0000000000
42902  13.995  -37.101  60.963 0.0000000000
42889  13.872  -36.983  61.767 0.0000000000
122010  13.767  -36.901  63.266 0.0000000000
111489  12.736  -37.721  61.930 0.0000000000
42859  12.990  -37.210  63.287 0.0000000000
116188  13.380  -36.863  64.090 0.0000000000
42847  12.996  -36.851  64.924 0.0000000000
114831  10.982  -39.125  61.978 0.0000000000
41136  10.904  -38.904  62.798 0.0000000000
42019  11.033  -37.963  64.179 0.0000000000
41129  10.035  -38.396  64.882 0.0000000000
42013  10.609  -37.911  64.982 0.0000000000
64121  44.817  -12.612  28.932 0.0000000000
65036  44.268  -12.446  30.031 0.0000000000
124219  43.899  -12.960  29.849 0.0000000000
65022  43.766  -12.497  30.528 0.0000000000
63186  39.734  -13.468  28.817 0.0000000000
131439  41.114  -13.399  31.045 0.0000000000
112776  43.768  -11.737  33.919 0.0000000000
133706  43.758  -11.640  34.684 0.0000000000
127606  44.000  -11.540  35.512 0.0000000000
65824  44.634  -11.387  36.449 0.0000000000
58956  37.885  -19.022  35.305 0.0000000000
58955  38.665  -18.966  35.618 0.0000000000
58941  39.796  -19.023  36.636 0.0000000000
58091  39.970  -19.172  38.122 0.0000000000
59788  41.594  -17.656  39.527 0.0000000000
58901  39.286  -18.207  39.908 0.0000000000
117286  39.877  -17.746  40.311 0.0000000000
118174  40.178  -17.076  41.817 0.0000000000
113048  42.125  -16.552  40.803 0.0000000000
120995  42.594  -16.236  41.267 0.0000000000
51149  32.898  -27.694  43.532 0.0000000000
51148  33.278  -27.642  44.173 0.0000000000
51125  34.153  -27.590  45.387 0.0000000000
123155  35.137  -33.694  55.423 0.0000000000
128886  35.283  -33.160  54.826 0.0000000000
46410  36.320  -32.521  55.861 0.0000000000
65079  41.882  -10.797  26.033 0.0000000000
64152  41.884  -12.351  26.651 0.0000000000
121830  7.307  -42.828  60.406 0.0000000000
37547  7.169  -43.247  59.735 0.0000000000
37535  6.659  -43.282  60.401 0.0000000000
37536  5.270  -43.258  60.970 0.0000000000
125944  5.149  -42.574  62.110 0.0000000000
38380  4.416  -42.408  62.137 0.0000000000
38381  3.560  -42.086  62.077 0.0000000000
37526  2.948  -42.465  61.512 0.0000000000
131341  1.816  -41.752  62.362 0.0000000000
60672  36.392  -16.599  32.973 0.0000000000
59855  36.717  -17.762  34.018 0.0000000000
58972  36.732  -18.529  34.359 0.0000000000
58971  37.613  -18.474  34.710 0.0000000000
58115  37.803  -19.887  36.321 0.0000000000
58128  36.831  -19.949  35.357 0.0000000000
58103  38.057  -20.111  37.028 0.0000000000
58093  38.087  -20.180  37.925 0.0000000000
57071  37.551  -20.274  38.652 0.0000000000
57092  35.894  -21.249  36.542 0.0000000000
57080  36.076  -21.200  37.450 0.0000000000
58083  37.676  -19.769  39.356 0.0000000000
58070  37.369  -19.349  40.178 0.0000000000
58056  37.122  -19.177  40.987 0.0000000000
58895  36.891  -19.032  41.792 0.0000000000
58017  37.072  -19.142  44.269 0.0000000000
45582  30.624  -34.182  47.225 0.0000000000
45561  30.975  -34.381  48.094 0.0000000000
113941  28.044  -34.646  47.871 0.0000000000
44649  29.511  -34.795  49.095 0.0000000000
44666  29.581  -34.647  48.182 0.0000000000
44665  30.300  -34.617  48.555 0.0000000000
45546  31.026  -34.455  48.913 0.0000000000
45507  32.866  -33.975  51.146 0.0000000000
44609  32.505  -34.672  51.621 0.0000000000
44574  34.440  -34.368  54.243 0.0000000000
45489  25.723  -33.896  52.351 0.0000000000
45488  26.590  -34.411  52.333 0.0000000000
44596  27.287  -34.962  52.763 0.0000000000
44543  29.236  -35.639  55.984 0.0000000000
44559  28.910  -35.576  55.174 0.0000000000
43727  29.539  -35.737  54.402 0.0000000000
43740  29.811  -35.779  53.639 0.0000000000
43739  30.523  -35.809  53.330 0.0000000000
43725  31.135  -35.867  53.941 0.0000000000
131793  31.712  -35.808  54.258 0.0000000000
43713  32.430  -35.565  55.749 0.0000000000
44558  33.055  -35.285  54.145 0.0000000000
44557  33.908  -34.874  54.602 0.0000000000
44556  34.558  -34.365  55.072 0.0000000000
39293  21.915  -41.466  61.869 0.0000000000
38369  21.525  -41.477  61.641 0.0000000000
38371  19.708  -41.746  61.829 0.0000000000
38411  19.598  -41.449  58.519 0.0000000000
38402  18.954  -41.293  59.105 0.0000000000
41172  17.483  -38.825  60.549 0.0000000000
116265  17.014  -39.198  59.119 0.0000000000
130318  16.607  -38.574  59.389 0.0000000000
42077  15.464  -37.436  59.638 0.0000000000
41278  17.927  -39.038  51.583 0.0000000000
42156  16.783  -39.423  51.990 0.0000000000
119120  16.814  -39.354  52.714 0.0000000000
42144  16.515  -39.092  53.618 0.0000000000
42131  16.633  -38.689  54.555 0.0000000000
42158  15.030  -38.950  52.755 0.0000000000
42159  14.604  -38.886  52.566 0.0000000000
42132  16.087  -38.624  54.334 0.0000000000
42120  16.191  -38.348  55.138 0.0000000000
118492  16.240  -38.214  55.937 0.0000000000
42109  15.752  -37.940  56.508 0.0000000000
111631  15.058  -37.845  56.702 0.0000000000
126574  15.408  -37.801  57.572 0.0000000000
42089  14.776  -37.677  58.325 0.0000000000
42078  14.854  -37.442  59.271 0.0000000000
128277  13.388  -37.867  58.714 0.0000000000
42080  12.771  -38.126  59.187 0.0000000000
42112  13.154  -38.259  57.203 0.0000000000
134616  12.861  -38.301  57.702 0.0000000000
113165  12.111  -38.702  59.200 0.0000000000
40272  11.541  -39.252  59.175 0.0000000000
40330  12.321  -39.305  55.084 0.0000000000
39396  11.068  -40.289  54.949 0.0000000000
121936  11.322  -39.748  57.103 0.0000000000
40273  10.963  -39.782  59.232 0.0000000000
114492  9.883  -40.837  59.027 0.0000000000
38416  9.542  -41.475  58.602 0.0000000000
130627  9.940  -41.029  57.633 0.0000000000
120190  9.661  -41.412  57.966 0.0000000000
38407  8.904  -41.990  58.884 0.0000000000
112455  8.068  -42.885  58.293 0.0000000000
114128  8.405  -42.750  56.709 0.0000000000
36730  7.430  -43.402  58.248 0.0000000000
131931  7.192  -43.622  57.581 0.0000000000
36745  6.058  -44.582  56.741 0.0000000000
46507  25.022  -33.419  47.581 0.0000000000
46496  24.895  -32.983  48.264 0.0000000000
46469  24.891  -32.848  50.445 0.0000000000
46487  22.510  -32.226  49.568 0.0000000000
47541  23.104  -32.053  49.932 0.0000000000
46486  23.738  -32.273  50.024 0.0000000000
46470  24.236  -32.780  50.732 0.0000000000
46459  24.493  -33.213  51.568 0.0000000000
45473  24.472  -34.495  52.897 0.0000000000
45474  23.929  -34.554  52.681 0.0000000000
44579  24.246  -34.981  53.422 0.0000000000
43729  24.166  -35.938  54.897 0.0000000000
43708  23.920  -36.491  56.195 0.0000000000
42952  22.705  -36.388  53.737 0.0000000000
42941  22.356  -37.091  55.108 0.0000000000
42945  22.714  -36.681  54.575 0.0000000000
42940  23.145  -36.739  55.249 0.0000000000
130053  23.503  -36.760  55.897 0.0000000000
42927  23.493  -37.024  56.516 0.0000000000
42095  23.386  -37.540  57.558 0.0000000000
41184  22.269  -39.039  59.022 0.0000000000
41170  22.299  -39.448  59.561 0.0000000000
40239  22.048  -40.500  60.579 0.0000000000
113524  15.257  -36.808  61.900 0.0000000000
42870  15.516  -36.823  62.720 0.0000000000
37522  7.355  -42.465  61.074 0.0000000000
38377  7.475  -42.038  61.592 0.0000000000
39302  6.965  -41.316  63.161 0.0000000000
39303  6.237  -41.435  63.325 0.0000000000
39285  6.489  -40.822  63.831 0.0000000000
40221  6.906  -39.998  64.642 0.0000000000
40214  6.446  -39.585  65.730 0.0000000000
112563  50.910  -10.987  30.153 0.0000000000
65858  45.894  -10.870  33.872 0.0000000000
65857  46.846  -10.730  33.734 0.0000000000
66704  48.041  -9.539  34.857 0.0000000000
65856  47.774  -10.457  33.567 0.0000000000
65855  48.891  -10.127  33.538 0.0000000000
66710  50.514  -9.923  33.962 0.0000000000
62344  37.503  -14.770  32.191 0.0000000000
63143  40.153  -14.118  32.729 0.0000000000
64066  41.749  -13.521  34.155 0.0000000000
64057  42.759  -12.834  35.010 0.0000000000
64044  44.425  -12.137  36.594 0.0000000000
131906  39.982  -18.114  35.641 0.0000000000
59840  40.426  -17.646  35.547 0.0000000000
59839  41.385  -17.183  35.795 0.0000000000
59786  43.765  -16.905  39.454 0.0000000000
60607  44.016  -16.794  38.684 0.0000000000
60621  43.841  -16.685  37.738 0.0000000000
60635  43.571  -16.247  36.976 0.0000000000
61460  43.411  -15.506  36.519 0.0000000000
62299  43.673  -14.833  36.561 0.0000000000
62292  44.083  -14.589  36.914 0.0000000000
63096  44.326  -13.953  37.168 0.0000000000
63088  44.799  -14.041  38.041 0.0000000000
63095  44.607  -13.341  37.484 0.0000000000
64938  45.168  -12.136  38.094 0.0000000000
55183  32.807  -23.459  40.879 0.0000000000
55188  32.985  -23.070  40.787 0.0000000000
56123  33.238  -22.796  40.622 0.0000000000
56114  33.400  -22.729  41.257 0.0000000000
56122  33.774  -22.398  40.751 0.0000000000
56121  34.459  -21.883  40.371 0.0000000000
57049  34.986  -21.258  40.874 0.0000000000
57039  35.437  -20.665  42.024 0.0000000000
57026  35.749  -20.967  43.561 0.0000000000
58031  36.071  -20.261  43.197 0.0000000000
58018  36.660  -19.856  44.441 0.0000000000
58006  37.096  -19.477  45.027 0.0000000000
45580  32.446  -33.627  47.881 0.0000000000
46517  33.609  -32.489  46.959 0.0000000000
123923  33.870  -29.747  45.211 0.0000000000
49454  33.650  -29.040  44.794 0.0000000000
50317  33.980  -28.467  45.298 0.0000000000
51113  34.621  -27.564  46.184 0.0000000000
46433  35.493  -32.388  53.692 0.0000000000
47506  36.038  -31.758  53.213 0.0000000000
47520  35.748  -31.920  52.218 0.0000000000
47519  36.151  -31.617  51.461 0.0000000000
47534  36.320  -31.117  50.601 0.0000000000
48424  38.387  -30.126  53.338 0.0000000000
49368  38.680  -29.497  52.870 0.0000000000
48436  38.282  -30.150  52.447 0.0000000000
116010  37.780  -30.633  51.970 0.0000000000
48467  37.061  -30.391  50.568 0.0000000000
48468  36.586  -30.521  49.983 0.0000000000
48482  36.354  -30.216  49.358 0.0000000000
126633  36.152  -29.901  48.761 0.0000000000
49418  36.109  -29.224  48.369 0.0000000000
50272  36.902  -28.390  49.455 0.0000000000
50284  35.899  -28.541  47.846 0.0000000000
50304  35.041  -27.324  46.811 0.0000000000
119280  34.488  -26.959  45.797 0.0000000000
131473  34.912  -25.850  46.728 0.0000000000
52718  34.737  -25.226  46.242 0.0000000000
52706  35.865  -25.583  47.930 0.0000000000
52712  35.566  -25.281  47.422 0.0000000000
132677  34.979  -24.632  46.724 0.0000000000
53508  35.195  -23.987  46.699 0.0000000000
54284  35.540  -23.384  46.571 0.0000000000
52690  38.355  -25.229  50.455 0.0000000000
53488  37.456  -24.439  49.578 0.0000000000
54257  38.480  -23.827  50.368 0.0000000000
54275  36.142  -23.386  47.919 0.0000000000
55135  35.910  -22.736  46.417 0.0000000000
55134  36.304  -22.315  47.005 0.0000000000
126858  36.690  -21.576  46.740 0.0000000000
56054  37.402  -21.058  47.207 0.0000000000
56995  36.958  -20.817  46.325 0.0000000000
68376  46.876  -7.571  21.592 0.0000000000
65084  48.211  -11.658  22.993 0.0000000000
63220  49.002  -13.472  25.799 0.0000000000
63227  49.836  -13.266  25.173 0.0000000000
64160  51.767  -12.566  25.514 0.0000000000
65069  51.759  -11.964  26.872 0.0000000000
37546  7.890  -42.765  59.773 0.0000000000
39299  9.345  -40.489  62.201 0.0000000000
39305  2.802  -41.053  63.395 0.0000000000
39337  10.268  -40.228  59.503 0.0000000000
39351  21.510  -40.504  58.258 0.0000000000
39369  20.591  -40.853  57.414 0.0000000000
40232  9.875  -39.929  62.506 0.0000000000
41174  11.196  -39.385  60.398 0.0000000000
41196  11.850  -38.945  58.575 0.0000000000
41249  19.493  -39.165  53.276 0.0000000000
42029  12.690  -37.590  62.670 0.0000000000
42050  16.914  -37.806  61.402 0.0000000000
42075  16.965  -38.564  60.135 0.0000000000
42871  14.765  -36.803  62.311 0.0000000000
42873  13.357  -37.252  62.400 0.0000000000
42888  14.578  -36.895  61.500 0.0000000000
43699  24.807  -36.361  56.985 0.0000000000
51091  36.181  -27.260  48.541 0.0000000000
51893  37.019  -26.789  49.568 0.0000000000
52691  37.653  -25.189  49.924 0.0000000000
53482  38.697  -24.430  50.691 0.0000000000
55126  35.948  -23.004  47.184 0.0000000000
56086  35.319  -21.597  43.949 0.0000000000
56184  35.196  -21.499  35.475 0.0000000000
58101  39.517  -19.462  37.435 0.0000000000
58878  37.242  -18.849  43.487 0.0000000000
63207  48.458  -13.228  26.642 0.0000000000
64962  44.240  -11.183  35.886 0.0000000000
65042  48.317  -10.814  27.972 0.0000000000
65057  48.769  -11.081  27.555 0.0000000000
65835  45.410  -10.418  35.730 0.0000000000
114713  36.503  -21.358  46.088 0.0000000000
116047  35.090  -25.253  46.980 0.0000000000
116633  33.323  -22.512  39.339 0.0000000000
118306  16.187  -37.009  62.656 0.0000000000
127039  10.508  -38.382  64.348 0.0000000000
128623  2.421  -45.998  57.500 0.0000000000
131720  12.921  -38.005  58.521 0.0000000000
132100  42.872  -11.446  25.809 0.0000000000
132561  23.780  -31.588  48.135 0.0000000000
133042  38.180  -19.914  38.626 0.0000000000
133324  43.196  -16.060  36.501 0.0000000000
134289  33.176  -24.256  42.309 0.0000000000
