#!ascii label  , from subject bert vox2ras=TkReg
917
85096  40.187  15.152  29.306 0.0000000000
81398  39.460  9.608  20.430 0.0000000000
84566  43.664  14.192  19.771 0.0000000000
134224  42.267  6.582  10.140 0.0000000000
79912  37.468  7.600  28.747 0.0000000000
83915  45.618  13.303  26.850 0.0000000000
80720  40.967  9.072  13.552 0.0000000000
83968  39.292  14.122  17.732 0.0000000000
82015  46.644  10.428  27.058 0.0000000000
80642  41.406  8.520  27.318 0.0000000000
133997  38.446  5.301  21.434 0.0000000000
113006  39.653  17.123  21.078 0.0000000000
84615  40.815  14.822  13.393 0.0000000000
82668  44.591  11.360  19.166 0.0000000000
83381  42.788  13.635  10.839 0.0000000000
86338  38.157  17.673  18.266 0.0000000000
82588  42.901  12.008  31.703 0.0000000000
82608  41.108  11.498  31.304 0.0000000000
78483  36.690  5.497  24.669 0.0000000000
83926  41.786  14.231  23.913 0.0000000000
85748  40.127  16.513  23.999 0.0000000000
84576  42.123  15.282  19.647 0.0000000000
85794  41.415  17.013  17.198 0.0000000000
85182  43.777  15.529  16.534 0.0000000000
80663  43.568  8.657  22.993 0.0000000000
81381  45.680  9.439  22.600 0.0000000000
82063  42.570  11.150  19.754 0.0000000000
80739  43.275  9.529  10.052 0.0000000000
82718  41.472  11.283  12.400 0.0000000000
81465  42.416  10.332  8.961 0.0000000000
82121  40.294  10.858  10.217 0.0000000000
80037  40.560  7.566  10.707 0.0000000000
78559  40.262  5.256  14.537 0.0000000000
85104  38.033  15.322  28.229 0.0000000000
82615  39.516  10.994  30.578 0.0000000000
83290  44.338  12.876  23.457 0.0000000000
79963  39.886  7.205  18.101 0.0000000000
81422  39.951  9.722  16.590 0.0000000000
123591  41.501  7.538  15.245 0.0000000000
80027  44.515  8.239  11.811 0.0000000000
130181  47.967  13.587  30.740 0.0000000000
114825  45.073  12.427  31.246 0.0000000000
81362  43.733  9.530  27.370 0.0000000000
80665  41.453  8.236  23.923 0.0000000000
80634  39.276  8.415  28.760 0.0000000000
79935  38.644  7.440  24.346 0.0000000000
79946  38.447  7.536  21.110 0.0000000000
77815  40.760  5.093  18.720 0.0000000000
86268  36.439  17.392  27.449 0.0000000000
87947  39.214  20.237  23.433 0.0000000000
86886  38.425  18.798  21.118 0.0000000000
86347  40.067  17.812  17.630 0.0000000000
83979  40.196  14.441  16.149 0.0000000000
134466  37.689  11.856  13.536 0.0000000000
82636  48.238  11.118  26.573 0.0000000000
83295  47.262  12.056  21.961 0.0000000000
83959  46.608  13.105  18.790 0.0000000000
82697  41.634  11.681  16.293 0.0000000000
83354  43.273  12.858  15.089 0.0000000000
84603  45.175  14.786  14.941 0.0000000000
85224  42.267  15.233  11.352 0.0000000000
82729  38.775  12.356  11.969 0.0000000000
86339  37.197  17.530  18.514 0.0000000000
86903  37.579  18.735  19.607 0.0000000000
83884  41.738  13.209  31.334 0.0000000000
83885  41.089  13.241  30.571 0.0000000000
83944  42.333  13.753  21.905 0.0000000000
117525  41.754  14.151  21.698 0.0000000000
84567  42.628  14.499  20.115 0.0000000000
85175  42.712  16.085  17.889 0.0000000000
84583  44.503  14.782  17.877 0.0000000000
81385  42.079  9.244  22.398 0.0000000000
81391  42.690  9.630  21.731 0.0000000000
82054  40.790  10.592  20.215 0.0000000000
80047  42.836  8.181  9.421 0.0000000000
81464  42.890  10.109  8.995 0.0000000000
80041  41.961  7.907  9.570 0.0000000000
80750  41.236  9.151  9.403 0.0000000000
79309  41.240  7.227  10.308 0.0000000000
78590  41.042  5.938  11.423 0.0000000000
78589  41.652  5.552  11.062 0.0000000000
83900  38.005  13.338  28.558 0.0000000000
83917  43.847  13.858  25.780 0.0000000000
83284  44.986  12.692  25.258 0.0000000000
79236  40.983  6.956  17.059 0.0000000000
79979  40.604  7.692  16.559 0.0000000000
79261  42.437  6.694  15.732 0.0000000000
80013  45.002  8.005  12.824 0.0000000000
80025  46.316  8.195  11.329 0.0000000000
80036  45.263  8.022  10.517 0.0000000000
81996  42.549  10.331  30.050 0.0000000000
114603  43.272  10.404  29.376 0.0000000000
81363  42.231  8.951  27.511 0.0000000000
80654  42.943  7.944  25.415 0.0000000000
80655  41.497  7.747  25.472 0.0000000000
80626  38.402  8.478  29.853 0.0000000000
81340  39.546  9.571  30.510 0.0000000000
79911  38.108  7.832  28.507 0.0000000000
111262  37.219  5.215  23.184 0.0000000000
79200  37.523  6.673  24.769 0.0000000000
79205  37.758  6.425  22.870 0.0000000000
79943  38.295  7.292  22.709 0.0000000000
114168  38.462  6.619  21.110 0.0000000000
79221  39.151  6.661  19.811 0.0000000000
77804  39.790  4.993  19.852 0.0000000000
77122  42.959  3.459  18.408 0.0000000000
85753  39.363  16.541  22.553 0.0000000000
86869  40.170  18.683  24.084 0.0000000000
86308  38.833  17.953  22.462 0.0000000000
87410  38.222  19.598  22.763 0.0000000000
86317  38.811  18.121  21.639 0.0000000000
86893  39.118  18.388  19.605 0.0000000000
86328  40.345  17.948  18.690 0.0000000000
85199  41.269  15.489  15.304 0.0000000000
85192  40.895  15.917  16.206 0.0000000000
83992  40.208  14.084  14.775 0.0000000000
83364  38.956  12.905  14.778 0.0000000000
134606  38.835  13.188  13.246 0.0000000000
82623  47.178  11.189  28.220 0.0000000000
83255  48.192  12.171  29.027 0.0000000000
82018  47.482  10.559  26.549 0.0000000000
82050  45.800  10.730  20.403 0.0000000000
82032  47.041  10.620  22.505 0.0000000000
82655  47.066  11.599  20.369 0.0000000000
83316  47.025  12.309  20.245 0.0000000000
82677  46.308  12.224  18.564 0.0000000000
81426  40.392  9.303  15.176 0.0000000000
118450  40.297  10.567  16.784 0.0000000000
124615  40.615  10.834  15.388 0.0000000000
117860  41.852  12.090  11.949 0.0000000000
83363  42.156  12.582  13.629 0.0000000000
83370  42.809  13.443  13.023 0.0000000000
83984  44.786  13.939  14.913 0.0000000000
83998  43.713  14.530  13.255 0.0000000000
84614  43.604  14.861  12.760 0.0000000000
84015  42.780  14.319  10.634 0.0000000000
80742  38.766  9.026  11.302 0.0000000000
120641  39.388  11.096  10.976 0.0000000000
129868  38.155  9.368  11.853 0.0000000000
81446  37.361  10.259  12.428 0.0000000000
128201  47.760  14.774  27.938 0.0000000000
85178  37.757  16.012  18.211 0.0000000000
85177  38.525  15.817  17.902 0.0000000000
84482  43.797  14.215  32.475 0.0000000000
83866  42.951  13.932  31.995 0.0000000000
82589  42.235  11.848  31.632 0.0000000000
111525  40.975  9.512  29.829 0.0000000000
79195  36.731  6.135  26.198 0.0000000000
84544  40.728  15.364  23.941 0.0000000000
114237  40.406  15.030  21.977 0.0000000000
85163  40.635  15.876  20.768 0.0000000000
85780  40.710  17.280  19.310 0.0000000000
85176  41.953  16.630  18.329 0.0000000000
85801  42.150  16.502  16.733 0.0000000000
85198  42.193  15.889  14.977 0.0000000000
81371  45.169  9.035  25.033 0.0000000000
81374  46.490  9.874  24.857 0.0000000000
81378  45.213  8.899  23.182 0.0000000000
82039  44.334  10.061  21.188 0.0000000000
82657  43.566  11.115  19.695 0.0000000000
80730  42.117  9.319  11.636 0.0000000000
82103  41.046  10.502  12.849 0.0000000000
81443  41.943  10.110  11.208 0.0000000000
82114  42.121  11.359  9.966 0.0000000000
112952  42.044  11.612  9.984 0.0000000000
82733  41.889  12.440  10.165 0.0000000000
82120  41.276  10.627  9.556 0.0000000000
80751  40.317  9.266  10.133 0.0000000000
80029  39.504  7.639  12.139 0.0000000000
129683  40.955  4.416  13.365 0.0000000000
120875  39.438  15.016  28.839 0.0000000000
83891  40.304  13.354  29.902 0.0000000000
83267  39.126  12.588  29.222 0.0000000000
82616  38.186  11.102  29.714 0.0000000000
80627  37.744  8.282  29.978 0.0000000000
85135  43.164  15.222  25.760 0.0000000000
83924  43.357  13.342  23.759 0.0000000000
83942  44.519  13.320  21.202 0.0000000000
81406  39.086  8.873  19.384 0.0000000000
82066  39.762  10.238  19.019 0.0000000000
80695  39.653  8.549  17.387 0.0000000000
80706  40.565  8.503  15.415 0.0000000000
80719  41.362  8.344  14.053 0.0000000000
80000  43.816  7.415  13.941 0.0000000000
120676  43.019  7.646  13.549 0.0000000000
80015  42.767  8.109  12.813 0.0000000000
80728  44.213  8.455  10.904 0.0000000000
80040  44.328  8.137  9.919 0.0000000000
78593  43.329  6.262  10.158 0.0000000000
78588  42.242  5.263  10.797 0.0000000000
83881  46.724  13.229  31.498 0.0000000000
82624  45.966  11.054  28.493 0.0000000000
83247  44.220  12.469  31.594 0.0000000000
82006  44.781  10.776  28.610 0.0000000000
81361  44.751  9.785  27.069 0.0000000000
80653  43.735  8.354  25.054 0.0000000000
128304  42.172  8.350  23.616 0.0000000000
81387  40.077  9.207  22.061 0.0000000000
82609  40.301  10.950  31.095 0.0000000000
81347  40.270  9.539  30.343 0.0000000000
80643  40.426  8.385  27.601 0.0000000000
79926  37.942  7.073  26.275 0.0000000000
79930  38.655  7.374  25.772 0.0000000000
79923  40.234  7.777  26.217 0.0000000000
80661  39.847  7.982  24.033 0.0000000000
80672  39.661  8.696  22.638 0.0000000000
80677  38.949  8.901  20.855 0.0000000000
79955  39.353  7.589  18.810 0.0000000000
79228  40.408  6.411  18.199 0.0000000000
77831  41.826  5.305  17.593 0.0000000000
77802  41.285  4.317  18.805 0.0000000000
77814  41.945  4.530  18.091 0.0000000000
85721  38.742  16.838  28.122 0.0000000000
85119  37.528  16.054  27.920 0.0000000000
86270  34.503  17.514  27.314 0.0000000000
88480  41.207  21.121  23.370 0.0000000000
88482  38.923  21.011  23.062 0.0000000000
86902  38.479  18.397  19.217 0.0000000000
86337  39.130  18.010  17.992 0.0000000000
84593  39.205  15.705  17.511 0.0000000000
86346  40.800  17.508  17.622 0.0000000000
85803  40.309  16.387  16.826 0.0000000000
83980  39.759  14.265  16.957 0.0000000000
83279  47.151  12.245  26.286 0.0000000000
82025  47.792  10.664  24.996 0.0000000000
82638  47.916  11.530  24.961 0.0000000000
83287  47.239  12.194  24.510 0.0000000000
115282  46.168  12.573  22.527 0.0000000000
113768  45.517  13.051  21.265 0.0000000000
83960  46.058  13.616  18.621 0.0000000000
82071  40.348  10.758  18.503 0.0000000000
82681  41.806  11.460  18.378 0.0000000000
82688  42.816  11.924  17.253 0.0000000000
82710  41.425  11.785  14.175 0.0000000000
83348  42.360  12.234  15.650 0.0000000000
83331  45.119  12.206  17.625 0.0000000000
83336  45.767  12.788  17.156 0.0000000000
84581  46.177  13.765  17.483 0.0000000000
84582  45.631  14.373  17.436 0.0000000000
85188  44.883  15.177  15.118 0.0000000000
85203  43.264  15.468  13.384 0.0000000000
84620  40.929  14.934  12.522 0.0000000000
83388  41.290  13.143  10.379 0.0000000000
84012  39.823  13.762  11.590 0.0000000000
84006  39.527  13.832  12.455 0.0000000000
83372  38.031  12.154  13.122 0.0000000000
120427  39.655  5.851  14.570 0.0000000000
115732  36.644  18.868  19.608 0.0000000000
87435  37.018  19.318  20.219 0.0000000000
125585  40.723  15.776  29.375 0.0000000000
84509  41.112  14.865  29.916 0.0000000000
84510  40.713  14.149  29.920 0.0000000000
83953  43.183  13.981  20.550 0.0000000000
84575  43.032  14.859  19.236 0.0000000000
84574  44.124  14.430  18.805 0.0000000000
81393  40.600  9.726  21.536 0.0000000000
82042  41.194  10.240  20.985 0.0000000000
81397  40.185  10.057  20.745 0.0000000000
79307  42.405  7.287  9.749 0.0000000000
79308  41.827  6.880  10.142 0.0000000000
79298  41.374  6.343  10.701 0.0000000000
78595  41.962  6.077  10.538 0.0000000000
84530  46.117  14.186  27.452 0.0000000000
83910  45.283  14.033  27.155 0.0000000000
83916  44.573  13.745  26.531 0.0000000000
83281  45.223  12.910  26.160 0.0000000000
78545  42.249  5.951  16.781 0.0000000000
79246  41.810  6.609  16.468 0.0000000000
79245  42.559  6.248  16.260 0.0000000000
80034  46.776  8.001  11.393 0.0000000000
79296  46.116  7.767  10.818 0.0000000000
83340  38.909  13.428  17.838 0.0000000000
81364  41.614  8.984  28.077 0.0000000000
114708  42.231  9.506  28.443 0.0000000000
80641  42.202  8.494  26.815 0.0000000000
79902  37.931  8.044  29.332 0.0000000000
79920  37.649  7.403  27.933 0.0000000000
77782  37.943  5.244  22.017 0.0000000000
78487  37.494  5.635  22.695 0.0000000000
78489  37.841  6.060  22.226 0.0000000000
79204  38.210  6.801  21.942 0.0000000000
78499  38.692  5.744  21.007 0.0000000000
78498  39.200  5.364  20.417 0.0000000000
77793  38.900  4.943  20.995 0.0000000000
85763  39.570  16.240  21.848 0.0000000000
86307  39.200  17.194  22.920 0.0000000000
86316  39.145  17.220  21.991 0.0000000000
125606  39.256  17.763  21.122 0.0000000000
121026  39.573  17.834  20.135 0.0000000000
131027  40.133  17.735  19.455 0.0000000000
84608  40.862  14.855  14.370 0.0000000000
83993  39.498  13.540  14.251 0.0000000000
84609  40.156  14.216  13.775 0.0000000000
82005  46.661  10.744  27.743 0.0000000000
82014  47.624  10.813  27.380 0.0000000000
123129  46.532  10.168  26.294 0.0000000000
117166  45.330  11.043  19.781 0.0000000000
82049  46.541  11.003  20.437 0.0000000000
121258  46.440  11.386  19.740 0.0000000000
82666  46.613  11.959  19.124 0.0000000000
82667  45.830  11.619  19.074 0.0000000000
81432  40.621  9.548  14.238 0.0000000000
82091  40.385  10.135  14.984 0.0000000000
83377  42.347  12.774  10.946 0.0000000000
83371  42.189  12.753  12.404 0.0000000000
83376  42.794  13.563  11.746 0.0000000000
83991  43.662  13.965  13.626 0.0000000000
84005  43.250  14.137  11.350 0.0000000000
84004  43.406  14.537  12.043 0.0000000000
84010  43.105  14.160  10.820 0.0000000000
81454  38.668  9.739  11.331 0.0000000000
80732  38.414  8.744  12.116 0.0000000000
80733  37.739  9.011  12.347 0.0000000000
85790  37.565  16.908  18.054 0.0000000000
117443  38.246  16.580  17.815 0.0000000000
84483  43.426  14.718  31.833 0.0000000000
84499  42.665  14.597  31.246 0.0000000000
83249  41.270  12.371  31.256 0.0000000000
128267  41.974  12.553  31.697 0.0000000000
82607  41.631  11.302  31.419 0.0000000000
81984  41.670  10.685  31.157 0.0000000000
81997  41.079  10.060  30.732 0.0000000000
84541  41.810  15.221  24.789 0.0000000000
85137  41.653  15.851  24.822 0.0000000000
116172  41.304  14.847  24.104 0.0000000000
84558  41.533  14.510  21.232 0.0000000000
84559  41.111  14.515  21.845 0.0000000000
85154  40.919  15.104  21.111 0.0000000000
85155  40.173  15.646  21.488 0.0000000000
85162  41.271  15.748  20.112 0.0000000000
85771  41.170  16.581  19.509 0.0000000000
85169  41.770  16.241  19.217 0.0000000000
85183  42.799  16.104  17.024 0.0000000000
85190  42.902  16.023  16.157 0.0000000000
113232  42.252  16.193  15.971 0.0000000000
85197  43.005  15.966  15.240 0.0000000000
80652  44.586  8.634  24.627 0.0000000000
80657  44.628  8.606  23.778 0.0000000000
81379  44.465  8.661  23.001 0.0000000000
82041  42.286  10.256  21.117 0.0000000000
82040  43.356  10.097  21.151 0.0000000000
82052  43.117  10.704  20.437 0.0000000000
129925  43.994  10.443  20.673 0.0000000000
130521  42.878  9.298  10.942 0.0000000000
80740  42.681  9.936  10.363 0.0000000000
81457  42.693  10.415  9.159 0.0000000000
82119  42.173  10.709  9.531 0.0000000000
81466  41.865  10.361  9.114 0.0000000000
80043  40.434  8.432  10.350 0.0000000000
80038  39.800  7.921  11.159 0.0000000000
79300  40.136  7.177  11.586 0.0000000000
79292  40.469  6.423  11.957 0.0000000000
78581  41.420  5.196  11.832 0.0000000000
77870  41.051  4.904  12.730 0.0000000000
85103  38.913  15.614  28.520 0.0000000000
84518  39.130  14.221  28.788 0.0000000000
133723  38.771  14.909  28.499 0.0000000000
83268  38.338  12.629  28.835 0.0000000000
81987  38.062  10.138  30.333 0.0000000000
81342  37.838  9.315  30.455 0.0000000000
83923  43.913  13.163  24.228 0.0000000000
119402  43.256  13.572  24.599 0.0000000000
83928  43.638  13.229  22.868 0.0000000000
83298  44.561  12.921  22.500 0.0000000000
79971  39.544  8.022  18.025 0.0000000000
119739  39.441  8.793  18.038 0.0000000000
79970  40.118  7.651  17.335 0.0000000000
79988  40.938  7.708  15.746 0.0000000000
80712  41.047  8.025  14.907 0.0000000000
80002  41.780  7.697  14.573 0.0000000000
79274  44.148  6.912  14.698 0.0000000000
79273  44.914  7.290  14.054 0.0000000000
80026  45.540  8.323  11.590 0.0000000000
80014  43.739  7.852  12.804 0.0000000000
80028  43.530  8.309  11.853 0.0000000000
122439  44.608  7.495  10.165 0.0000000000
79306  43.719  7.326  9.776 0.0000000000
131315  44.051  6.702  10.120 0.0000000000
78587  43.089  5.178  10.597 0.0000000000
83882  45.873  13.282  32.101 0.0000000000
83862  46.276  13.815  32.565 0.0000000000
83246  46.027  12.696  31.181 0.0000000000
83257  46.647  12.259  30.216 0.0000000000
82603  45.640  12.112  30.358 0.0000000000
134769  43.239  12.997  32.199 0.0000000000
83230  43.935  12.989  32.234 0.0000000000
82605  43.585  11.794  31.194 0.0000000000
81353  43.257  9.923  28.362 0.0000000000
81994  44.047  10.919  29.492 0.0000000000
82016  44.308  10.148  27.946 0.0000000000
81367  44.198  9.215  26.362 0.0000000000
80646  43.496  8.558  25.877 0.0000000000
80659  41.555  7.844  24.664 0.0000000000
112906  42.291  7.972  24.283 0.0000000000
80670  41.471  8.762  23.089 0.0000000000
80671  40.525  8.934  22.744 0.0000000000
83259  39.828  12.564  29.877 0.0000000000
83251  40.038  11.734  30.596 0.0000000000
114244  39.619  9.069  29.940 0.0000000000
134138  39.667  8.744  29.244 0.0000000000
134196  40.402  9.017  29.330 0.0000000000
80644  39.584  8.213  27.886 0.0000000000
79198  36.896  6.125  25.161 0.0000000000
131182  37.327  6.771  26.680 0.0000000000
79197  37.385  6.617  25.767 0.0000000000
79936  38.014  7.038  24.118 0.0000000000
116859  38.277  7.160  24.918 0.0000000000
114844  38.928  7.464  25.022 0.0000000000
79929  39.636  7.641  25.483 0.0000000000
79933  40.199  7.820  24.811 0.0000000000
79934  39.379  7.687  24.581 0.0000000000
79942  38.432  7.607  21.874 0.0000000000
132701  38.784  8.142  22.390 0.0000000000
80675  38.633  8.225  21.410 0.0000000000
80674  39.224  8.785  21.753 0.0000000000
80678  38.647  8.268  20.687 0.0000000000
80684  38.820  8.364  20.002 0.0000000000
79956  38.965  7.551  19.726 0.0000000000
78509  40.101  5.508  19.154 0.0000000000
79219  40.087  6.114  18.744 0.0000000000
78519  40.569  5.717  18.525 0.0000000000
78518  41.064  5.767  17.964 0.0000000000
132356  40.916  5.407  18.357 0.0000000000
77110  40.895  3.833  19.616 0.0000000000
77813  42.701  4.084  17.964 0.0000000000
77829  43.352  4.328  17.468 0.0000000000
128550  38.358  17.463  27.772 0.0000000000
117450  36.899  18.194  27.394 0.0000000000
86267  37.437  17.436  27.553 0.0000000000
85723  36.995  16.665  27.603 0.0000000000
85724  35.873  16.482  27.517 0.0000000000
87404  39.629  19.513  23.731 0.0000000000
87403  40.535  19.652  24.028 0.0000000000
87946  40.009  20.299  23.705 0.0000000000
88489  40.650  21.634  22.954 0.0000000000
127945  39.632  20.806  23.366 0.0000000000
88490  39.758  21.449  23.012 0.0000000000
125477  38.093  19.185  22.308 0.0000000000
86895  37.808  19.184  20.578 0.0000000000
86894  38.467  18.741  20.112 0.0000000000
86336  39.876  18.145  18.254 0.0000000000
86348  39.351  17.494  17.611 0.0000000000
85797  39.041  16.671  17.509 0.0000000000
85184  39.629  16.364  17.203 0.0000000000
85788  41.304  17.361  17.927 0.0000000000
131873  40.873  17.597  18.492 0.0000000000
123700  40.640  15.145  15.920 0.0000000000
84599  40.157  15.245  16.626 0.0000000000
124392  39.704  13.580  16.289 0.0000000000
130830  39.207  12.935  16.662 0.0000000000
83365  38.249  12.417  14.413 0.0000000000
83879  48.301  13.995  30.025 0.0000000000
83266  48.189  11.694  28.037 0.0000000000
114174  48.259  12.251  28.409 0.0000000000
120195  48.257  12.060  27.901 0.0000000000
83274  47.895  12.350  27.564 0.0000000000
130017  47.892  11.926  26.837 0.0000000000
132513  45.799  9.377  23.341 0.0000000000
81377  46.375  9.865  23.851 0.0000000000
82030  46.377  9.942  22.949 0.0000000000
82645  47.389  11.309  22.188 0.0000000000
82641  47.796  11.366  23.797 0.0000000000
83286  47.771  11.760  24.068 0.0000000000
83291  47.232  12.202  23.580 0.0000000000
134252  46.807  12.391  23.914 0.0000000000
113957  46.933  12.313  22.671 0.0000000000
83317  46.669  12.769  19.667 0.0000000000
83304  46.456  12.739  20.798 0.0000000000
83951  45.561  13.302  20.306 0.0000000000
120229  46.132  13.351  19.342 0.0000000000
82072  39.774  10.149  18.089 0.0000000000
127311  39.915  10.117  17.319 0.0000000000
82698  40.779  11.103  16.147 0.0000000000
82690  41.038  11.323  17.101 0.0000000000
82689  41.881  11.623  17.687 0.0000000000
82680  42.867  11.747  18.197 0.0000000000
128732  41.949  11.759  16.979 0.0000000000
82711  41.097  11.065  13.536 0.0000000000
83355  42.190  12.436  14.701 0.0000000000
83347  43.488  12.495  15.916 0.0000000000
83338  43.739  12.194  16.662 0.0000000000
83337  44.808  12.422  16.886 0.0000000000
83346  44.440  12.749  16.194 0.0000000000
83983  45.208  14.290  15.292 0.0000000000
83977  45.503  13.941  16.132 0.0000000000
83976  45.727  14.179  16.475 0.0000000000
84589  45.955  14.112  16.949 0.0000000000
84590  45.469  14.554  16.583 0.0000000000
84598  44.831  15.145  16.061 0.0000000000
85209  43.314  15.134  12.085 0.0000000000
130214  43.493  15.155  12.835 0.0000000000
85218  42.715  15.366  12.004 0.0000000000
85211  42.473  15.493  12.857 0.0000000000
115412  41.297  14.991  11.650 0.0000000000
82734  41.404  11.504  9.887 0.0000000000
82735  40.266  11.576  10.485 0.0000000000
112352  38.664  11.423  11.726 0.0000000000
82728  39.558  12.106  11.158 0.0000000000
134120  39.376  12.938  11.571 0.0000000000
83384  39.086  13.158  12.204 0.0000000000
83378  38.530  12.586  12.674 0.0000000000
82724  38.085  11.681  12.543 0.0000000000
117235  37.044  9.044  12.828 0.0000000000
80734  36.931  9.768  12.661 0.0000000000
78566  40.106  5.927  13.800 0.0000000000
86340  36.307  17.468  18.588 0.0000000000
86911  36.749  18.191  18.967 0.0000000000
86910  37.798  18.158  18.801 0.0000000000
84500  41.921  14.656  30.576 0.0000000000
84501  41.503  13.983  30.616 0.0000000000
83934  42.314  13.701  22.636 0.0000000000
84549  41.630  14.104  22.475 0.0000000000
84557  42.317  14.136  21.041 0.0000000000
84568  41.740  14.813  20.508 0.0000000000
85168  42.503  15.777  18.774 0.0000000000
84584  43.370  15.193  18.308 0.0000000000
81384  43.138  9.067  22.349 0.0000000000
82053  41.879  10.743  20.414 0.0000000000
80756  43.277  8.863  9.433 0.0000000000
80748  43.222  9.476  9.558 0.0000000000
80048  42.728  9.085  9.089 0.0000000000
80757  42.218  9.647  8.944 0.0000000000
80758  41.808  9.938  9.022 0.0000000000
80749  41.842  8.778  9.231 0.0000000000
80042  41.205  8.161  9.891 0.0000000000
79299  40.749  6.721  11.063 0.0000000000
77877  41.605  4.298  12.048 0.0000000000
84519  38.178  14.230  28.433 0.0000000000
84520  37.229  14.681  28.185 0.0000000000
84536  43.831  14.540  26.200 0.0000000000
84535  44.532  14.642  26.833 0.0000000000
118147  44.451  13.252  25.797 0.0000000000
83289  44.669  12.721  24.337 0.0000000000
79237  40.463  6.917  17.662 0.0000000000
79987  41.681  7.159  15.800 0.0000000000
79986  42.223  7.214  15.138 0.0000000000
79999  45.971  7.777  13.325 0.0000000000
80012  46.255  8.230  12.155 0.0000000000
80727  44.967  8.377  11.027 0.0000000000
80726  45.549  8.233  10.880 0.0000000000
79305  45.400  7.586  10.548 0.0000000000
83229  44.986  12.968  32.114 0.0000000000
82606  42.749  11.346  31.330 0.0000000000
81995  43.267  10.905  30.466 0.0000000000
81354  42.607  10.013  29.146 0.0000000000
113847  42.869  9.402  27.663 0.0000000000
81368  43.046  8.895  26.813 0.0000000000
80647  42.623  8.202  26.155 0.0000000000
114192  42.243  7.815  25.690 0.0000000000
81341  38.741  9.572  30.440 0.0000000000
81986  39.569  10.216  30.750 0.0000000000
81348  38.935  8.944  30.217 0.0000000000
80635  38.576  8.248  29.080 0.0000000000
79910  38.810  8.025  28.205 0.0000000000
78482  37.024  6.022  24.248 0.0000000000
117233  37.244  5.854  23.420 0.0000000000
79202  37.518  6.515  23.778 0.0000000000
79940  37.974  6.921  23.396 0.0000000000
79939  38.398  7.395  23.579 0.0000000000
119048  38.687  7.113  20.447 0.0000000000
79209  38.927  6.228  20.440 0.0000000000
78510  39.453  5.821  19.799 0.0000000000
77109  41.680  3.444  19.254 0.0000000000
77121  43.777  3.233  18.212 0.0000000000
85751  39.540  16.425  23.227 0.0000000000
86302  40.012  17.282  24.053 0.0000000000
85749  39.572  17.088  23.563 0.0000000000
86305  39.091  17.956  23.117 0.0000000000
86872  39.254  18.685  23.518 0.0000000000
87405  38.809  19.485  23.307 0.0000000000
86873  38.535  18.725  22.841 0.0000000000
86876  38.354  18.665  22.052 0.0000000000
86885  38.992  18.352  20.629 0.0000000000
86329  39.748  18.199  19.075 0.0000000000
85191  41.636  16.100  16.025 0.0000000000
85802  41.149  16.626  16.684 0.0000000000
84604  40.564  14.664  15.352 0.0000000000
133085  40.108  13.998  15.588 0.0000000000
83986  39.639  13.453  15.253 0.0000000000
83994  38.720  13.021  13.785 0.0000000000
83256  47.579  12.101  29.665 0.0000000000
132747  48.277  12.577  29.494 0.0000000000
115713  47.751  11.654  28.675 0.0000000000
132934  47.962  11.234  27.923 0.0000000000
82013  48.080  10.869  26.769 0.0000000000
82033  46.276  10.114  22.070 0.0000000000
82037  46.173  10.485  21.157 0.0000000000
82048  46.906  10.971  20.866 0.0000000000
82647  47.256  11.467  21.263 0.0000000000
83303  47.127  12.211  21.024 0.0000000000
82665  47.028  12.064  19.587 0.0000000000
83324  46.850  12.495  18.941 0.0000000000
112088  40.178  9.704  15.751 0.0000000000
82085  40.277  10.337  15.930 0.0000000000
82717  41.631  11.888  13.074 0.0000000000
83362  43.050  13.185  14.135 0.0000000000
83353  44.244  13.123  15.386 0.0000000000
83985  44.045  13.591  14.571 0.0000000000
83990  44.369  14.294  14.205 0.0000000000
83989  44.865  14.575  14.632 0.0000000000
84607  44.244  14.779  13.895 0.0000000000
84619  43.333  14.818  11.620 0.0000000000
84625  42.661  14.923  10.797 0.0000000000
81453  39.315  10.236  10.729 0.0000000000
82115  38.638  10.518  11.501 0.0000000000
81445  37.993  10.039  11.886 0.0000000000
82111  38.026  10.783  12.207 0.0000000000
129929  37.510  9.583  12.315 0.0000000000
83909  46.136  13.558  27.251 0.0000000000
116348  36.631  16.824  18.459 0.0000000000
84585  38.891  14.878  18.089 0.0000000000
83231  42.684  12.658  31.925 0.0000000000
83883  42.208  13.904  31.336 0.0000000000
83232  42.404  13.253  31.810 0.0000000000
81983  42.383  10.737  30.918 0.0000000000
81346  41.802  9.835  29.680 0.0000000000
81355  41.334  9.202  28.952 0.0000000000
79194  37.291  7.038  27.416 0.0000000000
118418  36.811  6.566  27.210 0.0000000000
117384  36.439  5.449  25.397 0.0000000000
78485  36.889  5.140  23.909 0.0000000000
77770  37.209  4.463  23.324 0.0000000000
77773  38.075  4.263  22.181 0.0000000000
77781  38.518  4.604  21.568 0.0000000000
77792  39.502  4.566  20.524 0.0000000000
85747  41.085  16.335  24.525 0.0000000000
114545  40.581  15.869  24.135 0.0000000000
84550  40.822  14.654  22.632 0.0000000000
84547  40.675  14.978  23.388 0.0000000000
85141  40.103  15.694  23.484 0.0000000000
85142  39.621  15.868  22.657 0.0000000000
85762  40.147  16.426  20.937 0.0000000000
85772  40.695  16.513  20.134 0.0000000000
85779  41.336  17.035  18.777 0.0000000000
85787  42.030  16.734  17.490 0.0000000000
85205  41.610  15.433  14.236 0.0000000000
82019  45.711  9.720  26.025 0.0000000000
111962  46.322  9.908  25.655 0.0000000000
110946  45.673  9.366  24.854 0.0000000000
81375  45.489  9.130  24.188 0.0000000000
81383  44.142  9.011  22.359 0.0000000000
81389  44.699  9.531  21.767 0.0000000000
82034  45.504  9.745  21.834 0.0000000000
82038  45.233  10.197  21.156 0.0000000000
82656  44.264  10.855  20.040 0.0000000000
81437  41.392  9.523  12.488 0.0000000000
81438  40.863  9.810  13.187 0.0000000000
81444  41.330  10.234  12.109 0.0000000000
82110  41.482  10.850  11.835 0.0000000000
81451  42.981  10.174  9.408 0.0000000000
81452  42.449  10.644  9.733 0.0000000000
82109  41.913  10.836  10.860 0.0000000000
82723  41.973  11.688  10.935 0.0000000000
82727  42.120  12.225  10.201 0.0000000000
83382  42.256  13.060  10.507 0.0000000000
81459  40.248  10.060  10.093 0.0000000000
81458  41.127  9.934  9.403 0.0000000000
80741  39.508  8.699  10.799 0.0000000000
80731  39.164  8.406  11.729 0.0000000000
79283  40.234  6.196  12.849 0.0000000000
78582  40.809  5.706  12.315 0.0000000000
78572  40.564  5.579  13.066 0.0000000000
113763  40.646  5.129  13.630 0.0000000000
85102  39.564  15.665  28.802 0.0000000000
84511  39.866  14.267  29.383 0.0000000000
83892  39.527  13.396  29.274 0.0000000000
129151  39.359  11.823  29.882 0.0000000000
83899  38.766  13.383  28.754 0.0000000000
111473  38.638  11.886  29.380 0.0000000000
133931  38.955  11.219  29.908 0.0000000000
80621  38.197  8.804  30.335 0.0000000000
85136  42.333  15.689  25.278 0.0000000000
84543  42.053  14.481  24.568 0.0000000000
84539  43.219  14.423  25.543 0.0000000000
83921  42.734  14.120  24.952 0.0000000000
83925  42.470  13.785  24.111 0.0000000000
83933  43.007  13.456  22.318 0.0000000000
83943  43.309  13.598  21.353 0.0000000000
83952  44.180  13.687  20.443 0.0000000000
123312  39.365  9.613  19.577 0.0000000000
82055  39.876  10.281  19.929 0.0000000000
81412  39.418  9.404  18.614 0.0000000000
81416  39.638  9.410  17.541 0.0000000000
80701  39.752  9.014  16.830 0.0000000000
80700  40.069  8.397  16.715 0.0000000000
81421  40.103  9.002  16.068 0.0000000000
80713  40.724  8.762  14.541 0.0000000000
79244  43.188  6.279  15.782 0.0000000000
79260  43.209  6.863  14.995 0.0000000000
80001  42.696  7.410  14.346 0.0000000000
80016  42.174  7.905  13.711 0.0000000000
117783  41.816  8.667  12.894 0.0000000000
80729  42.670  8.680  11.849 0.0000000000
111998  43.458  8.865  10.885 0.0000000000
80738  43.808  8.898  10.140 0.0000000000
80737  44.605  8.384  10.385 0.0000000000
80747  43.797  8.749  9.820 0.0000000000
80046  43.553  8.225  9.575 0.0000000000
79312  43.059  7.545  9.599 0.0000000000
129146  42.848  6.771  9.863 0.0000000000
78594  42.575  5.997  10.375 0.0000000000
83880  47.786  13.034  30.821 0.0000000000
83245  47.290  12.636  30.582 0.0000000000
82612  46.570  11.697  29.300 0.0000000000
83864  44.474  13.658  32.716 0.0000000000
82614  44.074  11.468  30.261 0.0000000000
82604  44.587  11.981  30.701 0.0000000000
82613  45.059  11.489  29.559 0.0000000000
111089  45.529  10.434  27.639 0.0000000000
82020  45.724  9.967  26.749 0.0000000000
81366  45.039  9.274  25.741 0.0000000000
81372  44.383  8.815  25.451 0.0000000000
118183  43.840  8.352  24.225 0.0000000000
80658  43.060  7.944  24.633 0.0000000000
80664  43.070  8.268  23.750 0.0000000000
80669  42.578  8.708  23.036 0.0000000000
81386  41.050  9.353  22.313 0.0000000000
81394  39.671  9.437  21.245 0.0000000000
83258  40.570  12.495  30.549 0.0000000000
83250  40.685  11.769  31.056 0.0000000000
81985  40.235  10.129  31.026 0.0000000000
112499  40.982  10.758  31.226 0.0000000000
80632  40.894  8.725  28.311 0.0000000000
124781  37.846  7.209  27.132 0.0000000000
79925  38.538  7.455  26.763 0.0000000000
79931  37.936  6.997  25.503 0.0000000000
79918  39.088  7.825  27.318 0.0000000000
80650  39.911  8.013  27.012 0.0000000000
80649  40.785  8.072  26.747 0.0000000000
79922  40.989  7.801  26.068 0.0000000000
128153  40.934  7.796  24.952 0.0000000000
80660  40.748  8.047  24.321 0.0000000000
134495  38.687  7.821  23.151 0.0000000000
80667  39.314  8.245  23.280 0.0000000000
80666  40.422  8.474  23.475 0.0000000000
130261  38.989  9.040  20.107 0.0000000000
80683  39.010  8.195  19.304 0.0000000000
123786  39.378  6.975  19.265 0.0000000000
79229  39.772  6.749  18.713 0.0000000000
79227  40.909  6.429  17.631 0.0000000000
78530  41.578  6.126  17.265 0.0000000000
133844  42.023  5.687  17.171 0.0000000000
77803  40.503  4.656  19.366 0.0000000000
77123  42.154  3.800  18.567 0.0000000000
120828  41.290  5.060  18.246 0.0000000000
78529  42.482  5.379  17.073 0.0000000000
85101  39.983  16.048  28.886 0.0000000000
85709  39.236  16.290  28.516 0.0000000000
85710  38.384  16.178  28.227 0.0000000000
85722  37.921  16.783  27.860 0.0000000000
123350  37.183  15.421  27.981 0.0000000000
86269  35.445  17.408  27.344 0.0000000000
85121  35.761  15.559  27.812 0.0000000000
88491  38.342  21.378  22.645 0.0000000000
87948  38.513  20.255  23.074 0.0000000000
125819  38.254  20.811  22.778 0.0000000000
88492  37.648  21.074  22.342 0.0000000000
86909  38.573  18.136  18.549 0.0000000000
85789  38.562  17.297  17.801 0.0000000000
86335  40.552  17.845  18.043 0.0000000000
85796  39.863  17.110  17.273 0.0000000000
122885  39.735  15.720  17.070 0.0000000000
84592  39.535  14.957  17.374 0.0000000000
83339  39.352  13.460  17.210 0.0000000000
83356  39.171  12.855  15.805 0.0000000000
83898  48.381  12.817  28.985 0.0000000000
84528  47.808  13.958  28.213 0.0000000000
83908  47.151  13.396  27.689 0.0000000000
83275  46.813  12.744  27.112 0.0000000000
82023  47.213  10.346  25.726 0.0000000000
82022  48.104  10.841  26.009 0.0000000000
124363  48.268  11.042  26.004 0.0000000000
82029  47.176  10.596  23.465 0.0000000000
82640  48.031  11.245  24.563 0.0000000000
132032  47.986  11.386  26.036 0.0000000000
83282  47.436  12.010  25.487 0.0000000000
83280  46.162  12.745  26.454 0.0000000000
83288  45.926  12.485  24.371 0.0000000000
114166  45.243  12.545  23.680 0.0000000000
83293  45.308  12.607  22.917 0.0000000000
83296  46.562  12.512  21.744 0.0000000000
83297  45.574  12.811  22.027 0.0000000000
83305  44.794  13.046  21.796 0.0000000000
83961  45.004  13.762  19.358 0.0000000000
82065  40.498  10.753  19.378 0.0000000000
82064  41.488  11.025  19.637 0.0000000000
82079  40.329  10.716  17.639 0.0000000000
82682  41.055  11.199  18.040 0.0000000000
82670  42.184  11.394  19.013 0.0000000000
82669  43.321  11.468  19.045 0.0000000000
82679  44.235  11.767  18.303 0.0000000000
82098  40.718  10.291  13.910 0.0000000000
82703  40.783  10.965  14.556 0.0000000000
82702  41.291  11.650  15.304 0.0000000000
82696  42.639  12.060  16.463 0.0000000000
82687  43.964  12.000  17.458 0.0000000000
82678  45.413  11.923  18.394 0.0000000000
83330  46.034  12.510  17.865 0.0000000000
83335  46.305  13.156  17.585 0.0000000000
83345  45.317  13.141  16.501 0.0000000000
83972  45.966  13.613  16.900 0.0000000000
83967  46.407  13.417  18.089 0.0000000000
129248  46.111  13.936  17.981 0.0000000000
84573  45.367  14.209  18.345 0.0000000000
84591  44.724  14.997  16.967 0.0000000000
85189  43.896  15.546  15.618 0.0000000000
85195  44.659  15.038  14.319 0.0000000000
85196  43.969  15.481  14.702 0.0000000000
113499  43.113  15.757  14.312 0.0000000000
85204  42.355  15.638  13.822 0.0000000000
85212  41.576  15.307  13.252 0.0000000000
83387  42.103  13.329  10.386 0.0000000000
113390  41.658  13.727  10.453 0.0000000000
115380  41.599  14.314  10.636 0.0000000000
83383  40.186  13.060  10.935 0.0000000000
127965  40.971  14.550  11.208 0.0000000000
84621  40.305  14.510  11.932 0.0000000000
84616  40.090  14.406  12.836 0.0000000000
84000  39.344  13.647  13.272 0.0000000000
124497  38.512  12.781  13.215 0.0000000000
82104  37.279  10.919  12.722 0.0000000000
77885  41.911  4.707  11.327 0.0000000000
77108  42.493  3.079  19.000 0.0000000000
77774  37.542  4.794  22.670 0.0000000000
79220  39.647  6.288  19.233 0.0000000000
79304  45.819  7.927  10.654 0.0000000000
79919  38.334  7.614  27.651 0.0000000000
79924  39.352  7.666  26.429 0.0000000000
79928  40.599  7.751  25.510 0.0000000000
79938  38.993  7.804  23.829 0.0000000000
79948  38.656  7.804  20.407 0.0000000000
79978  41.204  7.220  16.347 0.0000000000
80035  46.067  8.047  10.862 0.0000000000
80625  39.071  8.616  29.609 0.0000000000
80633  40.023  8.610  28.500 0.0000000000
80648  41.699  8.017  26.328 0.0000000000
80690  39.234  8.488  18.671 0.0000000000
81370  45.700  9.512  25.346 0.0000000000
81382  45.001  9.066  22.405 0.0000000000
81390  43.737  9.535  21.750 0.0000000000
81392  41.633  9.776  21.708 0.0000000000
82026  47.139  10.411  24.271 0.0000000000
82028  47.744  10.937  24.116 0.0000000000
82036  46.977  10.727  21.583 0.0000000000
82051  44.856  10.544  20.528 0.0000000000
82590  41.651  11.917  31.533 0.0000000000
82633  48.134  11.182  27.309 0.0000000000
82642  47.557  11.150  23.096 0.0000000000
82644  47.481  11.810  23.061 0.0000000000
82671  41.182  11.175  18.849 0.0000000000
83244  48.095  12.481  30.000 0.0000000000
83248  43.379  12.502  31.876 0.0000000000
83273  48.179  11.579  27.278 0.0000000000
83283  46.294  12.462  25.535 0.0000000000
83292  46.287  12.461  23.353 0.0000000000
83329  46.557  12.824  18.271 0.0000000000
83389  40.791  12.317  10.389 0.0000000000
83865  43.526  13.507  32.379 0.0000000000
83890  48.350  13.037  29.966 0.0000000000
83919  44.035  13.309  25.037 0.0000000000
83920  43.368  13.851  25.226 0.0000000000
83929  42.760  13.533  23.184 0.0000000000
83930  42.001  13.905  23.300 0.0000000000
83932  43.947  13.266  22.008 0.0000000000
83978  44.941  13.547  15.755 0.0000000000
83999  43.342  14.142  12.461 0.0000000000
84001  38.916  13.237  12.856 0.0000000000
84009  43.289  14.464  11.233 0.0000000000
84011  42.592  13.747  10.620 0.0000000000
84016  42.259  13.965  10.464 0.0000000000
84540  42.494  14.846  25.219 0.0000000000
84546  41.327  14.410  23.318 0.0000000000
84597  45.350  14.618  15.756 0.0000000000
84624  43.160  14.655  10.957 0.0000000000
84626  41.825  14.910  10.906 0.0000000000
84630  42.266  14.513  10.594 0.0000000000
85139  41.173  15.575  24.427 0.0000000000
85144  40.171  15.242  22.715 0.0000000000
85156  39.857  15.534  22.127 0.0000000000
85174  43.613  15.428  17.415 0.0000000000
85202  43.946  15.054  13.548 0.0000000000
85210  43.113  15.365  12.584 0.0000000000
85217  43.064  15.123  11.309 0.0000000000
85219  41.827  15.302  12.236 0.0000000000
85795  40.649  17.222  17.173 0.0000000000
86304  39.633  17.851  23.731 0.0000000000
86323  40.171  17.170  20.181 0.0000000000
86901  39.192  18.217  18.715 0.0000000000
87945  40.886  20.444  23.767 0.0000000000
87954  37.930  20.310  22.587 0.0000000000
88481  40.348  20.987  23.415 0.0000000000
88996  40.064  22.182  22.528 0.0000000000
112897  43.942  10.381  28.769 0.0000000000
114035  42.303  7.723  25.037 0.0000000000
116786  41.881  10.328  30.529 0.0000000000
117594  40.451  8.274  16.111 0.0000000000
120332  47.702  11.046  23.618 0.0000000000
120506  42.929  13.287  32.115 0.0000000000
122360  38.134  12.363  13.671 0.0000000000
123280  40.286  17.838  24.192 0.0000000000
123840  39.337  9.435  10.665 0.0000000000
124495  38.218  5.988  21.622 0.0000000000
126877  48.195  11.071  25.427 0.0000000000
128865  38.873  10.471  30.327 0.0000000000
129485  42.129  11.142  31.402 0.0000000000
129746  41.498  16.931  24.762 0.0000000000
130222  43.892  15.367  13.982 0.0000000000
131006  41.734  16.495  16.578 0.0000000000
131760  40.403  14.234  11.396 0.0000000000
132343  43.909  8.488  23.531 0.0000000000
132423  48.166  11.421  26.685 0.0000000000
133310  38.812  8.655  20.411 0.0000000000
133321  45.072  9.572  26.378 0.0000000000
133395  46.070  12.834  21.453 0.0000000000
133686  41.239  15.127  13.796 0.0000000000
133958  39.338  17.501  23.322 0.0000000000
134172  40.754  13.906  10.814 0.0000000000
