#!ascii label  , from subject bert vox2ras=TkReg
1234
91697  41.719  26.916  14.465 0.0000000000
94085  46.210  32.710  16.409 0.0000000000
88520  48.091  20.519  18.389 0.0000000000
91203  36.438  26.182  16.584 0.0000000000
89578  37.758  23.305  15.220 0.0000000000
95787  45.537  35.318  13.861 0.0000000000
96265  42.144  35.778  21.889 0.0000000000
97398  46.762  39.347  25.142 0.0000000000
87935  48.573  20.060  24.887 0.0000000000
86866  43.713  18.486  24.582 0.0000000000
93142  46.731  29.851  10.615 0.0000000000
132687  43.582  23.508  12.196 0.0000000000
91214  47.568  25.946  14.758 0.0000000000
114336  46.824  26.920  22.117 0.0000000000
97981  42.534  39.836  20.144 0.0000000000
96872  49.281  36.835  17.674 0.0000000000
89532  41.405  23.831  20.674 0.0000000000
91200  39.130  26.544  15.305 0.0000000000
90197  36.644  23.993  14.330 0.0000000000
90726  38.490  24.864  13.377 0.0000000000
93125  44.219  30.683  14.421 0.0000000000
92619  41.394  29.113  16.441 0.0000000000
111538  41.203  38.462  26.048 0.0000000000
87369  48.001  19.498  28.140 0.0000000000
86278  47.692  17.096  25.987 0.0000000000
133228  48.355  15.669  28.390 0.0000000000
114191  45.918  45.640  17.778 0.0000000000
115454  48.033  31.097  13.416 0.0000000000
91709  46.983  27.085  12.244 0.0000000000
92624  46.333  28.593  15.158 0.0000000000
93037  46.756  30.864  25.534 0.0000000000
92083  48.172  29.008  21.229 0.0000000000
92061  48.383  29.468  24.944 0.0000000000
124520  46.148  26.080  25.880 0.0000000000
96270  46.537  36.505  21.199 0.0000000000
97437  48.007  37.667  21.524 0.0000000000
95184  48.454  34.769  16.849 0.0000000000
94644  49.326  34.006  13.521 0.0000000000
89575  46.187  22.144  15.448 0.0000000000
90161  42.759  24.440  17.102 0.0000000000
89543  44.604  22.991  19.114 0.0000000000
89052  35.415  21.999  16.438 0.0000000000
129134  36.574  23.185  19.552 0.0000000000
98007  48.809  39.652  15.775 0.0000000000
130442  44.605  37.291  15.235 0.0000000000
95144  44.169  34.309  20.197 0.0000000000
93096  44.297  30.480  18.379 0.0000000000
98378  42.048  40.978  30.563 0.0000000000
98443  43.743  41.373  26.271 0.0000000000
97423  44.020  38.106  23.950 0.0000000000
88498  48.519  20.710  21.447 0.0000000000
87964  46.643  20.081  20.933 0.0000000000
86863  46.585  18.675  24.159 0.0000000000
85131  43.921  15.313  26.379 0.0000000000
92150  44.106  28.591  13.015 0.0000000000
90739  41.296  24.799  11.645 0.0000000000
91251  44.684  26.110  10.651 0.0000000000
114024  46.903  23.101  12.450 0.0000000000
125407  47.976  23.493  16.257 0.0000000000
92116  47.104  28.125  18.737 0.0000000000
90698  48.161  26.220  18.776 0.0000000000
89528  47.109  23.563  19.951 0.0000000000
113323  46.756  23.044  23.664 0.0000000000
89489  47.378  22.974  26.624 0.0000000000
100012  42.907  43.543  18.277 0.0000000000
124026  45.632  42.400  18.876 0.0000000000
126592  45.594  38.896  19.591 0.0000000000
97991  48.720  40.513  17.739 0.0000000000
96331  49.337  36.883  14.021 0.0000000000
94131  46.429  32.319  12.239 0.0000000000
90195  40.445  23.695  14.232 0.0000000000
90152  40.006  24.221  18.459 0.0000000000
88998  37.988  21.940  22.262 0.0000000000
88478  42.906  21.079  23.111 0.0000000000
91209  39.971  26.617  14.936 0.0000000000
91220  38.434  25.980  14.603 0.0000000000
91218  40.177  26.244  14.088 0.0000000000
92636  43.249  29.070  14.897 0.0000000000
92625  43.217  29.973  15.323 0.0000000000
92133  41.479  28.370  15.941 0.0000000000
91681  40.268  27.489  16.125 0.0000000000
86827  47.959  18.869  29.130 0.0000000000
86254  48.456  16.929  28.260 0.0000000000
85700  47.897  16.371  30.091 0.0000000000
87974  35.501  20.803  20.149 0.0000000000
93592  47.750  31.858  14.792 0.0000000000
93122  47.540  30.415  13.764 0.0000000000
93109  46.384  30.700  15.562 0.0000000000
93502  47.143  32.040  26.955 0.0000000000
127414  48.086  31.012  25.124 0.0000000000
95172  45.929  34.792  18.427 0.0000000000
128174  47.268  35.854  18.909 0.0000000000
94614  47.330  34.289  16.922 0.0000000000
94633  48.420  33.491  15.218 0.0000000000
88537  47.682  21.070  16.839 0.0000000000
122047  45.936  21.957  16.852 0.0000000000
89033  46.233  21.180  18.868 0.0000000000
90707  35.145  25.548  16.672 0.0000000000
90714  35.411  25.100  16.118 0.0000000000
89606  36.689  23.375  14.605 0.0000000000
89592  35.995  22.841  14.848 0.0000000000
89580  36.507  22.580  15.782 0.0000000000
89559  36.272  23.014  18.073 0.0000000000
89558  37.030  23.357  17.828 0.0000000000
118424  47.722  37.103  14.502 0.0000000000
123709  46.642  38.878  15.764 0.0000000000
96335  45.032  36.176  14.411 0.0000000000
91674  38.154  27.162  17.348 0.0000000000
91196  36.478  26.632  17.481 0.0000000000
95138  43.342  34.616  21.217 0.0000000000
94051  43.362  32.446  20.260 0.0000000000
94574  42.448  33.322  21.352 0.0000000000
96847  41.231  37.723  23.744 0.0000000000
97414  42.565  38.316  24.914 0.0000000000
131053  43.207  36.979  22.455 0.0000000000
96263  44.058  36.037  21.678 0.0000000000
88476  48.317  20.930  22.985 0.0000000000
87417  48.215  19.522  21.911 0.0000000000
86861  48.149  18.909  23.998 0.0000000000
85117  46.235  14.999  27.496 0.0000000000
85735  46.035  16.354  26.791 0.0000000000
84535  44.532  14.642  26.833 0.0000000000
92155  45.224  28.873  11.538 0.0000000000
91710  44.330  27.567  11.565 0.0000000000
91719  45.433  27.951  10.596 0.0000000000
91224  46.965  26.289  13.213 0.0000000000
90737  46.650  25.227  12.020 0.0000000000
90730  47.456  24.656  13.478 0.0000000000
89585  47.685  22.806  14.619 0.0000000000
117479  48.064  24.604  15.824 0.0000000000
92596  44.727  29.180  19.192 0.0000000000
92603  45.371  28.802  17.884 0.0000000000
92094  46.740  28.545  19.979 0.0000000000
91634  48.260  27.805  22.260 0.0000000000
91174  48.495  27.595  19.735 0.0000000000
91176  48.043  26.553  20.364 0.0000000000
90699  47.574  25.460  19.190 0.0000000000
90126  46.311  25.352  20.754 0.0000000000
89514  46.244  23.813  21.554 0.0000000000
90677  45.498  25.397  23.167 0.0000000000
90659  46.915  25.591  27.491 0.0000000000
90098  46.434  24.048  26.021 0.0000000000
98992  42.250  41.586  19.133 0.0000000000
128753  44.112  43.287  18.738 0.0000000000
98990  43.977  41.583  18.769 0.0000000000
98946  45.518  40.579  26.119 0.0000000000
98462  44.530  40.673  24.597 0.0000000000
98476  45.898  40.303  24.215 0.0000000000
96864  48.340  37.291  19.509 0.0000000000
97438  47.537  37.993  20.452 0.0000000000
97447  48.181  38.157  18.805 0.0000000000
97992  46.992  39.654  18.624 0.0000000000
97446  48.707  38.501  17.772 0.0000000000
97454  49.496  38.280  15.692 0.0000000000
96885  49.569  37.361  15.691 0.0000000000
93619  48.484  31.737  11.493 0.0000000000
94663  48.185  33.155  12.097 0.0000000000
134099  46.953  31.303  11.044 0.0000000000
93131  45.686  30.633  12.166 0.0000000000
89634  41.776  23.520  11.597 0.0000000000
89626  40.121  23.360  11.948 0.0000000000
89600  41.404  23.543  13.333 0.0000000000
90149  42.423  24.330  18.651 0.0000000000
90162  41.308  24.641  17.820 0.0000000000
90128  40.872  24.114  19.979 0.0000000000
119724  38.603  23.504  20.642 0.0000000000
89518  39.996  23.210  21.360 0.0000000000
87409  45.151  19.975  23.184 0.0000000000
87952  44.374  21.164  22.190 0.0000000000
87400  43.614  19.685  23.828 0.0000000000
91201  37.911  26.458  16.126 0.0000000000
90713  36.621  25.722  15.684 0.0000000000
90718  37.160  25.494  14.836 0.0000000000
90196  37.301  24.154  13.813 0.0000000000
89618  37.750  23.707  13.651 0.0000000000
94103  45.491  33.032  13.813 0.0000000000
91673  38.983  27.329  16.949 0.0000000000
87931  48.337  20.054  25.895 0.0000000000
129240  48.412  18.433  25.451 0.0000000000
120939  48.479  17.349  26.621 0.0000000000
85718  48.089  16.165  27.412 0.0000000000
124390  48.387  30.200  11.400 0.0000000000
92167  47.287  28.704  10.710 0.0000000000
92640  47.554  28.961  12.519 0.0000000000
92149  47.071  28.091  13.488 0.0000000000
92142  46.501  27.655  15.299 0.0000000000
92553  45.973  29.507  23.473 0.0000000000
92075  47.260  29.154  21.576 0.0000000000
92552  47.518  30.113  23.835 0.0000000000
92550  48.252  29.653  23.680 0.0000000000
91620  47.595  28.066  24.168 0.0000000000
91157  46.253  26.928  24.043 0.0000000000
91619  47.340  28.008  25.144 0.0000000000
91616  47.004  27.294  26.797 0.0000000000
91139  46.959  26.115  27.969 0.0000000000
97972  41.559  39.564  21.541 0.0000000000
134473  46.551  37.959  23.706 0.0000000000
97409  47.295  38.973  24.097 0.0000000000
96269  47.640  36.781  21.531 0.0000000000
96273  48.145  36.564  19.666 0.0000000000
132654  49.233  35.715  17.656 0.0000000000
122565  49.598  35.782  15.157 0.0000000000
95201  49.099  34.389  14.946 0.0000000000
94115  48.796  32.512  12.690 0.0000000000
89597  45.527  22.839  13.372 0.0000000000
89588  43.651  23.772  14.215 0.0000000000
90181  44.539  23.532  15.684 0.0000000000
118470  43.769  23.993  18.116 0.0000000000
89545  43.299  23.549  19.989 0.0000000000
85744  42.581  16.480  25.395 0.0000000000
86300  41.659  17.606  24.700 0.0000000000
88539  34.004  21.625  16.250 0.0000000000
90187  35.592  23.998  15.145 0.0000000000
89062  34.701  22.218  15.710 0.0000000000
119941  34.192  21.221  16.668 0.0000000000
88531  34.979  21.488  18.507 0.0000000000
89036  35.548  22.218  19.360 0.0000000000
88513  35.870  21.546  20.581 0.0000000000
98533  46.783  40.637  16.493 0.0000000000
98002  45.801  39.870  16.236 0.0000000000
94616  45.106  33.227  17.810 0.0000000000
93580  45.324  31.167  16.979 0.0000000000
93573  43.882  31.932  18.897 0.0000000000
93090  43.647  30.454  19.605 0.0000000000
93069  43.217  30.041  20.921 0.0000000000
92555  43.788  29.349  23.456 0.0000000000
93052  44.878  30.121  25.013 0.0000000000
98405  42.754  41.253  28.688 0.0000000000
98918  44.622  41.042  28.516 0.0000000000
97934  45.261  39.591  26.864 0.0000000000
115033  45.862  38.821  25.339 0.0000000000
96252  45.584  36.760  22.335 0.0000000000
95730  44.866  35.182  20.052 0.0000000000
134049  48.562  20.553  19.773 0.0000000000
88510  47.789  20.095  19.334 0.0000000000
87972  48.086  19.767  20.698 0.0000000000
116957  46.837  19.294  22.661 0.0000000000
86864  45.699  18.680  24.397 0.0000000000
86289  47.080  17.751  25.312 0.0000000000
86290  45.931  17.649  25.567 0.0000000000
86292  43.811  17.441  25.440 0.0000000000
91695  43.353  27.706  13.467 0.0000000000
91227  41.214  25.963  12.991 0.0000000000
91225  42.806  26.383  12.412 0.0000000000
91243  42.706  25.255  11.281 0.0000000000
90213  44.388  23.645  10.773 0.0000000000
91240  46.369  26.721  10.975 0.0000000000
90212  45.897  23.821  11.045 0.0000000000
89610  45.312  22.836  12.287 0.0000000000
89078  46.833  22.434  13.762 0.0000000000
89065  47.852  21.569  15.749 0.0000000000
89049  47.959  21.301  17.144 0.0000000000
92611  45.452  29.168  16.830 0.0000000000
125854  45.892  28.217  16.587 0.0000000000
91679  47.097  26.964  16.595 0.0000000000
92093  47.703  28.752  20.245 0.0000000000
91662  48.044  27.543  18.496 0.0000000000
91193  47.973  26.238  17.193 0.0000000000
90706  48.028  25.291  17.253 0.0000000000
89554  47.620  23.515  18.278 0.0000000000
89541  47.942  22.346  18.470 0.0000000000
89006  47.977  21.953  21.005 0.0000000000
88992  47.524  22.276  22.142 0.0000000000
88988  47.623  22.078  23.668 0.0000000000
133630  45.746  24.593  24.530 0.0000000000
88979  47.114  22.952  25.066 0.0000000000
121923  48.127  21.769  25.745 0.0000000000
87921  47.904  21.154  27.487 0.0000000000
100522  44.076  44.583  17.936 0.0000000000
100009  45.694  43.887  18.751 0.0000000000
99509  47.284  43.692  18.757 0.0000000000
97956  46.364  39.622  22.759 0.0000000000
121829  43.887  39.681  19.531 0.0000000000
98524  45.309  40.555  18.841 0.0000000000
98522  47.448  40.915  18.502 0.0000000000
98999  48.822  42.160  18.052 0.0000000000
97999  49.270  40.399  16.635 0.0000000000
97483  49.015  38.349  14.812 0.0000000000
96343  47.484  35.829  13.666 0.0000000000
95792  49.276  35.494  13.378 0.0000000000
95219  47.855  34.523  12.728 0.0000000000
94654  46.585  33.683  13.044 0.0000000000
93610  45.196  31.529  13.472 0.0000000000
92643  44.058  29.319  13.794 0.0000000000
90733  39.656  25.248  12.694 0.0000000000
89616  39.515  23.568  12.954 0.0000000000
89590  38.910  23.522  14.440 0.0000000000
90183  41.904  24.093  15.048 0.0000000000
90174  40.163  24.415  16.664 0.0000000000
90165  38.543  23.875  16.809 0.0000000000
90142  38.061  23.679  19.077 0.0000000000
89521  37.170  23.040  21.075 0.0000000000
88512  45.304  21.512  20.450 0.0000000000
88501  43.790  21.931  21.747 0.0000000000
89008  42.319  22.723  21.763 0.0000000000
87393  41.207  19.012  24.307 0.0000000000
88995  41.015  22.260  22.434 0.0000000000
83889  48.425  13.586  29.307 0.0000000000
83907  48.133  12.851  28.233 0.0000000000
91208  40.849  26.732  14.754 0.0000000000
91217  41.052  26.322  13.891 0.0000000000
92144  42.998  28.043  14.523 0.0000000000
92139  42.340  28.415  15.361 0.0000000000
91688  41.480  27.516  15.316 0.0000000000
86245  48.101  17.118  29.481 0.0000000000
94084  46.824  32.543  15.816 0.0000000000
93586  46.868  31.737  15.402 0.0000000000
93587  46.045  31.690  16.163 0.0000000000
94615  45.938  33.439  17.095 0.0000000000
95186  46.502  34.477  17.669 0.0000000000
94624  46.995  33.384  16.283 0.0000000000
94634  47.664  33.114  15.600 0.0000000000
88538  47.538  20.735  17.729 0.0000000000
89050  46.879  21.128  17.196 0.0000000000
88530  47.292  20.508  18.336 0.0000000000
91197  35.671  26.161  17.012 0.0000000000
91204  35.863  25.636  16.285 0.0000000000
129491  36.720  22.916  14.996 0.0000000000
89579  37.167  23.007  15.702 0.0000000000
89568  37.084  23.143  16.618 0.0000000000
96333  46.869  36.383  14.110 0.0000000000
96917  46.384  36.996  14.544 0.0000000000
133515  45.408  35.815  13.996 0.0000000000
129533  37.014  26.507  16.924 0.0000000000
91675  37.354  26.940  17.481 0.0000000000
95716  42.839  35.132  21.639 0.0000000000
94581  43.137  33.792  21.024 0.0000000000
95717  42.097  34.979  21.837 0.0000000000
96857  41.349  37.211  22.902 0.0000000000
96846  42.181  37.631  23.415 0.0000000000
96856  42.350  37.119  22.631 0.0000000000
96264  43.157  35.916  21.720 0.0000000000
117380  48.422  20.668  23.637 0.0000000000
87395  48.436  19.455  23.475 0.0000000000
87388  48.475  19.340  24.383 0.0000000000
85118  45.318  14.806  27.263 0.0000000000
92648  45.870  29.457  10.940 0.0000000000
92162  45.689  28.658  10.715 0.0000000000
92655  46.410  29.101  10.509 0.0000000000
91215  46.991  26.454  14.223 0.0000000000
90724  47.263  25.629  13.858 0.0000000000
90723  47.752  24.985  14.290 0.0000000000
90717  47.966  25.341  15.189 0.0000000000
128962  44.916  28.929  20.413 0.0000000000
92108  45.550  28.707  19.703 0.0000000000
92095  45.935  28.687  20.569 0.0000000000
91639  47.788  27.285  21.959 0.0000000000
91638  48.270  27.537  21.402 0.0000000000
91166  47.500  26.825  21.201 0.0000000000
90685  46.974  26.097  20.544 0.0000000000
91167  46.253  26.113  21.455 0.0000000000
90679  45.568  25.354  22.150 0.0000000000
91164  45.907  26.322  22.550 0.0000000000
90658  47.133  25.469  28.168 0.0000000000
98500  41.899  40.136  19.911 0.0000000000
98512  42.515  40.639  19.514 0.0000000000
98991  43.078  41.617  18.956 0.0000000000
98511  43.394  40.627  19.222 0.0000000000
98423  45.834  40.093  26.320 0.0000000000
98441  45.552  40.676  25.397 0.0000000000
98459  46.651  39.904  25.139 0.0000000000
96866  49.042  36.833  18.447 0.0000000000
96867  48.639  37.410  18.601 0.0000000000
116666  48.940  37.503  17.831 0.0000000000
97451  49.289  38.194  16.840 0.0000000000
96871  49.396  37.280  16.549 0.0000000000
132179  47.881  31.064  10.740 0.0000000000
93620  47.562  31.495  10.988 0.0000000000
93136  47.202  30.740  10.743 0.0000000000
93137  46.111  30.305  11.156 0.0000000000
89623  42.907  23.501  11.797 0.0000000000
89624  41.794  23.430  12.013 0.0000000000
89612  42.874  23.518  12.524 0.0000000000
90127  41.773  24.144  19.870 0.0000000000
90138  41.239  24.360  19.231 0.0000000000
89533  40.456  23.664  20.687 0.0000000000
89517  40.957  23.410  21.389 0.0000000000
87390  44.137  19.056  24.182 0.0000000000
87399  44.640  19.588  23.706 0.0000000000
122133  38.706  26.671  16.147 0.0000000000
91211  37.448  26.084  15.495 0.0000000000
91210  38.215  26.303  15.397 0.0000000000
126090  38.602  25.532  13.934 0.0000000000
127352  37.771  25.148  14.027 0.0000000000
90734  37.996  24.221  13.370 0.0000000000
94104  44.859  32.306  14.154 0.0000000000
94105  44.162  31.975  14.724 0.0000000000
93602  43.853  31.378  14.862 0.0000000000
92618  42.029  29.845  16.249 0.0000000000
93119  42.927  30.752  15.549 0.0000000000
91682  39.512  27.059  16.204 0.0000000000
92135  39.840  27.871  16.739 0.0000000000
91194  38.307  26.792  16.702 0.0000000000
87920  48.119  20.075  27.105 0.0000000000
87380  48.491  18.931  26.229 0.0000000000
87368  48.334  19.003  27.225 0.0000000000
126559  48.449  16.360  28.025 0.0000000000
85717  48.327  16.236  27.654 0.0000000000
85114  48.257  15.733  27.868 0.0000000000
85115  47.951  15.511  27.749 0.0000000000
124148  48.187  14.877  28.308 0.0000000000
101063  44.684  45.290  17.570 0.0000000000
101087  44.077  45.857  15.775 0.0000000000
131133  48.527  30.569  11.776 0.0000000000
115040  48.098  29.976  12.026 0.0000000000
93130  48.157  30.631  12.611 0.0000000000
92633  46.924  29.411  14.306 0.0000000000
92641  47.174  28.893  13.582 0.0000000000
120395  46.752  28.305  14.405 0.0000000000
91694  46.747  27.257  14.554 0.0000000000
93051  46.048  30.254  24.884 0.0000000000
116903  46.957  29.705  23.289 0.0000000000
93050  47.182  30.448  24.660 0.0000000000
92540  48.445  30.226  25.212 0.0000000000
93048  48.254  30.186  24.142 0.0000000000
92065  48.350  29.252  24.115 0.0000000000
92069  48.140  28.594  23.875 0.0000000000
92066  47.998  28.684  24.655 0.0000000000
92062  47.781  28.803  25.714 0.0000000000
92057  47.303  28.349  26.680 0.0000000000
91610  47.031  27.703  27.395 0.0000000000
91143  46.979  26.961  27.607 0.0000000000
91602  46.907  26.988  28.008 0.0000000000
96251  46.772  37.102  22.422 0.0000000000
96852  47.511  37.457  22.885 0.0000000000
114485  47.117  36.837  21.889 0.0000000000
95760  48.142  35.361  17.658 0.0000000000
95727  47.795  36.248  19.296 0.0000000000
95743  48.077  35.896  18.553 0.0000000000
95742  49.007  35.803  18.210 0.0000000000
95759  48.985  35.385  17.358 0.0000000000
95770  49.171  34.992  16.569 0.0000000000
129065  48.842  34.516  16.180 0.0000000000
94102  48.392  32.341  14.360 0.0000000000
94090  48.671  33.029  14.431 0.0000000000
93598  48.661  31.998  12.916 0.0000000000
93607  48.647  31.673  12.180 0.0000000000
89586  45.707  22.661  14.542 0.0000000000
89587  44.582  23.377  14.800 0.0000000000
119723  45.362  22.906  15.287 0.0000000000
89556  44.901  22.843  18.295 0.0000000000
89566  44.478  23.483  17.853 0.0000000000
89544  43.731  23.643  19.357 0.0000000000
89529  44.117  23.061  19.891 0.0000000000
89063  33.939  22.481  16.096 0.0000000000
90719  36.536  24.898  14.884 0.0000000000
90720  35.931  24.903  15.555 0.0000000000
90186  36.138  24.248  14.902 0.0000000000
89051  35.857  22.243  15.866 0.0000000000
89069  35.367  22.502  15.207 0.0000000000
89061  35.313  22.106  15.658 0.0000000000
89053  34.707  21.694  16.182 0.0000000000
89044  34.906  21.562  17.207 0.0000000000
89547  35.974  22.827  18.891 0.0000000000
89035  36.122  22.799  19.914 0.0000000000
89026  35.796  22.215  20.278 0.0000000000
98000  48.968  40.376  16.354 0.0000000000
98001  47.999  40.100  16.167 0.0000000000
96906  45.149  37.681  15.354 0.0000000000
120261  45.561  39.071  15.891 0.0000000000
97469  44.851  38.437  15.609 0.0000000000
111178  44.189  37.986  15.385 0.0000000000
94606  44.484  33.728  19.108 0.0000000000
94070  44.560  32.481  18.201 0.0000000000
94063  44.205  32.900  19.153 0.0000000000
93566  43.487  31.508  19.711 0.0000000000
92586  43.576  29.876  20.216 0.0000000000
92568  42.521  29.865  22.442 0.0000000000
92545  44.298  29.641  24.292 0.0000000000
98406  41.627  41.085  27.817 0.0000000000
98390  42.911  41.262  29.897 0.0000000000
98908  44.463  40.987  29.285 0.0000000000
97906  44.699  40.019  28.656 0.0000000000
98404  44.933  40.392  27.990 0.0000000000
97413  43.648  38.381  24.787 0.0000000000
114165  44.235  38.582  25.428 0.0000000000
97400  45.006  38.842  25.731 0.0000000000
97412  44.847  38.461  24.788 0.0000000000
96843  45.701  37.681  23.421 0.0000000000
96844  44.517  37.607  23.293 0.0000000000
95722  44.136  35.006  20.778 0.0000000000
95714  44.456  35.702  21.254 0.0000000000
95158  44.614  34.373  19.492 0.0000000000
95173  44.992  34.262  18.725 0.0000000000
116915  48.559  20.853  20.569 0.0000000000
88509  48.251  20.099  19.963 0.0000000000
87971  48.463  20.087  20.815 0.0000000000
86871  47.591  18.996  23.172 0.0000000000
86875  47.425  19.186  22.627 0.0000000000
87397  47.011  18.975  23.336 0.0000000000
87398  46.182  19.135  23.608 0.0000000000
86287  48.158  17.377  25.893 0.0000000000
86854  48.083  17.990  25.246 0.0000000000
85736  45.099  16.467  26.557 0.0000000000
86280  46.003  17.002  26.304 0.0000000000
86281  45.220  17.216  26.027 0.0000000000
86291  44.786  17.654  25.517 0.0000000000
85742  44.379  16.954  25.960 0.0000000000
121402  42.951  15.941  25.685 0.0000000000
114675  43.468  15.830  26.016 0.0000000000
91702  43.296  27.072  12.716 0.0000000000
92157  43.878  27.678  12.464 0.0000000000
91241  44.274  26.722  11.075 0.0000000000
91242  43.472  25.908  11.283 0.0000000000
91252  44.021  25.766  10.884 0.0000000000
90214  43.186  23.958  10.841 0.0000000000
90223  43.960  24.341  10.570 0.0000000000
91708  47.365  28.059  11.528 0.0000000000
91726  46.368  27.577  10.512 0.0000000000
91233  46.643  26.445  11.697 0.0000000000
90206  47.101  24.257  12.614 0.0000000000
90746  46.213  24.832  11.196 0.0000000000
90211  46.601  23.954  11.728 0.0000000000
89631  45.294  23.252  11.085 0.0000000000
89082  46.152  22.691  12.288 0.0000000000
89079  46.229  22.579  13.081 0.0000000000
128342  46.718  22.557  12.944 0.0000000000
89574  47.836  22.836  15.449 0.0000000000
89073  47.491  22.114  15.081 0.0000000000
125989  48.078  22.124  16.030 0.0000000000
89058  47.967  21.320  16.250 0.0000000000
89564  48.071  22.542  16.748 0.0000000000
93102  44.747  30.558  17.704 0.0000000000
92612  45.047  29.586  17.584 0.0000000000
92117  46.131  28.234  18.345 0.0000000000
92124  45.920  28.138  17.444 0.0000000000
92131  46.495  27.498  16.897 0.0000000000
91672  47.168  27.187  17.498 0.0000000000
92575  47.937  29.355  21.764 0.0000000000
92085  47.055  28.773  20.792 0.0000000000
92092  48.086  28.832  20.487 0.0000000000
91181  48.406  26.905  19.318 0.0000000000
91188  48.346  27.417  19.054 0.0000000000
91189  48.214  26.865  18.548 0.0000000000
111305  47.915  26.799  17.842 0.0000000000
117418  48.037  26.198  17.949 0.0000000000
90135  47.031  24.433  19.517 0.0000000000
90148  47.412  24.422  18.720 0.0000000000
89542  47.459  23.472  19.074 0.0000000000
89527  47.827  22.455  19.349 0.0000000000
89021  47.514  22.730  20.402 0.0000000000
89503  46.817  23.004  22.713 0.0000000000
89506  47.008  23.054  21.583 0.0000000000
88989  47.331  22.482  23.156 0.0000000000
115762  47.226  22.617  23.900 0.0000000000
91150  46.108  26.604  24.976 0.0000000000
91151  45.802  26.174  24.381 0.0000000000
90665  45.772  25.425  25.064 0.0000000000
89485  47.014  23.791  26.793 0.0000000000
89490  46.991  23.264  25.855 0.0000000000
88978  47.638  22.447  25.448 0.0000000000
114563  47.842  22.216  26.518 0.0000000000
88460  48.140  21.215  26.497 0.0000000000
99513  41.817  42.656  18.511 0.0000000000
100013  41.446  43.149  18.176 0.0000000000
100031  42.067  43.685  17.863 0.0000000000
100510  43.497  44.053  18.265 0.0000000000
125309  44.795  42.554  18.820 0.0000000000
100010  44.662  43.735  18.660 0.0000000000
122162  45.683  43.150  18.881 0.0000000000
133691  46.437  43.602  18.870 0.0000000000
99510  46.754  42.722  18.882 0.0000000000
97432  48.012  38.011  22.399 0.0000000000
115003  46.986  39.485  23.339 0.0000000000
97433  47.547  38.524  21.844 0.0000000000
97439  46.296  38.510  20.425 0.0000000000
97435  45.603  38.772  20.908 0.0000000000
97440  45.120  38.880  20.312 0.0000000000
97986  44.668  39.179  19.760 0.0000000000
97994  44.859  39.653  19.230 0.0000000000
97993  45.806  39.592  18.915 0.0000000000
123462  48.055  40.325  18.307 0.0000000000
98521  48.520  41.278  18.177 0.0000000000
98520  49.136  41.471  17.560 0.0000000000
98527  49.330  41.429  17.043 0.0000000000
124573  49.264  40.618  17.131 0.0000000000
96915  49.231  37.635  14.509 0.0000000000
96902  49.397  38.306  15.000 0.0000000000
96916  48.724  37.642  14.474 0.0000000000
96332  48.810  36.965  13.981 0.0000000000
95208  49.340  34.592  14.244 0.0000000000
95785  49.508  35.462  14.188 0.0000000000
95216  49.346  34.742  13.491 0.0000000000
94116  47.190  32.959  12.249 0.0000000000
134018  48.310  33.871  12.395 0.0000000000
95228  47.533  33.771  12.543 0.0000000000
95220  46.910  34.426  13.206 0.0000000000
94117  46.139  32.993  12.994 0.0000000000
94118  45.653  32.273  13.207 0.0000000000
120601  44.771  28.979  12.336 0.0000000000
93132  45.101  30.233  12.995 0.0000000000
92143  43.563  28.665  14.015 0.0000000000
91235  41.452  25.541  12.311 0.0000000000
90732  40.588  25.212  12.238 0.0000000000
89615  40.148  23.355  12.508 0.0000000000
89627  39.692  23.539  12.336 0.0000000000
89602  39.942  23.479  13.468 0.0000000000
89603  39.175  23.544  13.666 0.0000000000
89589  39.690  23.626  14.331 0.0000000000
128401  42.772  24.072  15.457 0.0000000000
90192  42.720  23.897  14.608 0.0000000000
90172  42.250  24.370  16.150 0.0000000000
90163  40.470  24.482  17.690 0.0000000000
111547  41.023  24.655  16.960 0.0000000000
90175  39.220  24.051  16.130 0.0000000000
90164  39.449  24.214  17.451 0.0000000000
90153  38.596  23.822  17.822 0.0000000000
90141  38.813  23.797  19.228 0.0000000000
89520  38.047  23.172  21.284 0.0000000000
125136  37.689  23.428  20.531 0.0000000000
89013  37.586  22.543  21.664 0.0000000000
89014  36.792  22.360  21.323 0.0000000000
120788  37.191  21.753  21.818 0.0000000000
88511  46.638  20.477  20.035 0.0000000000
88499  45.786  20.763  20.891 0.0000000000
87953  43.791  20.791  22.862 0.0000000000
88486  43.365  21.515  22.508 0.0000000000
119347  43.059  22.504  21.619 0.0000000000
88487  42.438  21.678  22.733 0.0000000000
86301  40.769  17.220  24.441 0.0000000000
86867  42.072  18.446  24.539 0.0000000000
86868  41.004  18.138  24.434 0.0000000000
91690  39.907  26.932  15.650 0.0000000000
91219  39.269  26.084  14.237 0.0000000000
90725  39.106  25.435  13.439 0.0000000000
92635  43.851  29.849  14.575 0.0000000000
93118  43.578  30.678  15.047 0.0000000000
92626  42.627  29.409  15.654 0.0000000000
92627  42.034  29.011  16.016 0.0000000000
92134  40.693  28.362  16.493 0.0000000000
91680  40.907  27.773  15.899 0.0000000000
91689  40.581  27.132  15.497 0.0000000000
86839  48.319  18.456  27.909 0.0000000000
86255  48.235  17.821  28.732 0.0000000000
85699  48.356  16.295  28.854 0.0000000000
93600  47.646  31.119  14.295 0.0000000000
93123  46.993  30.399  14.738 0.0000000000
119875  46.354  29.605  15.275 0.0000000000
93516  47.483  31.559  26.125 0.0000000000
93036  47.796  31.071  25.247 0.0000000000
93515  48.076  31.615  25.906 0.0000000000
125932  48.336  30.580  26.267 0.0000000000
95729  45.922  35.685  19.751 0.0000000000
95719  46.638  36.228  20.338 0.0000000000
95744  46.391  35.497  18.977 0.0000000000
95185  47.404  34.866  17.536 0.0000000000
134608  47.880  34.837  17.230 0.0000000000
94623  48.136  33.991  16.073 0.0000000000
94091  48.118  32.690  14.992 0.0000000000
115264  47.143  21.210  16.376 0.0000000000
126044  46.453  21.799  16.079 0.0000000000
89555  45.774  21.931  17.772 0.0000000000
89034  45.514  22.083  18.651 0.0000000000
89607  36.073  23.508  14.731 0.0000000000
89068  35.920  22.402  15.252 0.0000000000
89560  35.665  22.417  17.686 0.0000000000
89569  36.250  22.672  16.883 0.0000000000
114087  36.738  23.295  18.814 0.0000000000
96903  48.105  37.956  15.002 0.0000000000
98008  47.705  39.247  15.769 0.0000000000
96904  46.928  37.649  15.038 0.0000000000
96905  45.930  37.481  15.059 0.0000000000
96918  45.300  36.949  14.805 0.0000000000
91664  37.766  27.677  18.111 0.0000000000
91665  36.971  27.230  18.059 0.0000000000
91190  35.642  26.526  17.922 0.0000000000
91198  34.885  26.010  17.534 0.0000000000
95145  43.670  34.246  20.693 0.0000000000
116727  43.616  33.471  20.384 0.0000000000
118476  43.029  32.931  20.874 0.0000000000
96834  41.299  38.103  24.554 0.0000000000
97403  41.992  38.560  26.096 0.0000000000
134612  41.876  38.213  24.741 0.0000000000
97424  42.950  38.149  23.994 0.0000000000
96845  43.324  37.559  23.160 0.0000000000
96855  44.079  37.082  22.587 0.0000000000
96254  43.625  36.506  22.075 0.0000000000
95715  43.666  35.396  21.376 0.0000000000
88485  48.269  21.224  22.311 0.0000000000
125367  48.573  20.076  21.467 0.0000000000
123646  48.616  20.077  22.940 0.0000000000
87396  48.041  19.118  23.165 0.0000000000
130284  47.793  18.809  23.769 0.0000000000
85719  47.510  16.032  27.260 0.0000000000
85734  46.992  16.607  26.612 0.0000000000
85720  46.583  15.830  27.198 0.0000000000
85129  45.595  15.673  27.121 0.0000000000
85130  44.687  15.514  26.839 0.0000000000
92156  44.549  28.310  12.010 0.0000000000
92163  44.976  28.169  11.121 0.0000000000
91720  44.804  27.563  10.885 0.0000000000
91727  45.130  27.112  10.596 0.0000000000
91701  46.990  27.187  13.379 0.0000000000
129890  46.820  26.089  12.447 0.0000000000
90731  47.041  25.351  12.965 0.0000000000
90202  47.456  23.578  13.244 0.0000000000
89609  47.177  22.779  13.403 0.0000000000
90201  47.725  24.063  13.908 0.0000000000
90191  47.889  23.966  14.704 0.0000000000
93089  44.211  30.049  18.994 0.0000000000
92604  44.742  29.531  18.349 0.0000000000
92595  45.447  28.718  18.767 0.0000000000
92107  46.438  28.431  19.157 0.0000000000
91633  48.403  28.396  21.545 0.0000000000
92091  48.336  28.550  20.775 0.0000000000
91175  48.495  27.036  20.086 0.0000000000
91182  48.188  26.373  19.621 0.0000000000
134535  47.651  25.957  19.936 0.0000000000
90692  46.897  25.326  20.001 0.0000000000
90125  46.539  24.464  20.328 0.0000000000
89513  46.683  23.695  20.852 0.0000000000
90118  46.125  24.456  21.110 0.0000000000
120614  45.742  24.409  21.857 0.0000000000
89504  46.105  23.623  23.275 0.0000000000
90662  46.533  25.707  26.689 0.0000000000
117088  46.086  24.997  26.019 0.0000000000
90094  46.728  24.754  26.927 0.0000000000
98993  41.448  41.573  19.232 0.0000000000
99496  42.111  42.191  18.791 0.0000000000
99512  42.833  42.908  18.532 0.0000000000
100011  43.735  43.521  18.586 0.0000000000
99511  43.551  43.002  18.679 0.0000000000
99494  43.867  42.655  18.758 0.0000000000
99003  44.956  41.556  18.818 0.0000000000
98948  44.406  41.230  26.988 0.0000000000
111124  43.874  41.000  25.270 0.0000000000
98442  44.914  40.929  25.305 0.0000000000
98461  45.386  40.626  24.742 0.0000000000
96861  48.151  37.217  20.520 0.0000000000
125671  47.314  38.249  21.115 0.0000000000
97443  47.857  37.922  19.674 0.0000000000
97448  47.301  38.655  18.952 0.0000000000
97449  46.375  38.942  19.085 0.0000000000
115129  48.110  39.292  18.259 0.0000000000
134413  48.817  39.659  17.467 0.0000000000
97997  49.282  39.536  16.867 0.0000000000
96914  49.566  37.167  14.565 0.0000000000
122952  48.727  32.733  12.301 0.0000000000
94662  48.764  33.514  12.482 0.0000000000
94129  48.476  32.427  11.866 0.0000000000
94130  47.378  32.204  11.503 0.0000000000
93616  46.721  31.725  11.443 0.0000000000
93609  45.857  31.533  12.361 0.0000000000
125717  46.361  31.093  11.384 0.0000000000
92649  45.374  29.692  12.063 0.0000000000
90748  41.520  24.152  11.208 0.0000000000
90740  40.582  24.329  11.593 0.0000000000
89635  41.001  23.506  11.734 0.0000000000
89614  40.764  23.377  12.526 0.0000000000
89601  40.620  23.478  13.332 0.0000000000
111330  43.012  24.300  17.976 0.0000000000
111810  41.826  24.619  17.074 0.0000000000
90150  41.637  24.500  18.557 0.0000000000
90151  40.836  24.453  18.520 0.0000000000
90139  40.421  24.163  19.236 0.0000000000
90140  39.609  23.940  19.225 0.0000000000
90129  40.014  23.777  19.935 0.0000000000
89534  39.540  23.507  20.664 0.0000000000
89012  38.508  22.663  21.930 0.0000000000
87951  45.584  20.017  22.479 0.0000000000
87965  45.499  20.473  21.748 0.0000000000
127500  44.790  20.488  22.661 0.0000000000
87942  44.195  20.180  23.300 0.0000000000
87943  43.250  20.410  23.457 0.0000000000
91202  37.147  26.310  16.234 0.0000000000
127234  37.033  24.729  14.300 0.0000000000
89605  37.170  23.688  14.085 0.0000000000
120543  37.474  23.446  14.350 0.0000000000
94646  45.308  33.923  14.052 0.0000000000
95210  45.070  34.856  14.060 0.0000000000
94635  44.288  33.532  15.142 0.0000000000
93593  43.249  31.382  15.362 0.0000000000
92126  39.406  28.277  17.418 0.0000000000
91195  37.659  26.651  16.817 0.0000000000
97404  40.260  38.397  25.966 0.0000000000
96835  40.327  37.884  24.248 0.0000000000
96848  40.404  37.269  23.351 0.0000000000
87385  48.486  19.190  25.263 0.0000000000
86849  48.462  17.927  25.979 0.0000000000
86277  48.208  16.887  26.544 0.0000000000
86826  48.508  17.532  27.568 0.0000000000
86265  48.447  16.778  27.330 0.0000000000
85733  47.882  16.562  26.784 0.0000000000
84529  47.054  14.392  27.740 0.0000000000
118848  47.536  29.931  10.577 0.0000000000
92658  46.822  28.891  10.466 0.0000000000
121754  48.073  29.695  10.931 0.0000000000
92647  47.974  29.459  11.521 0.0000000000
92153  47.614  28.669  11.757 0.0000000000
92632  47.546  29.728  13.103 0.0000000000
92154  47.288  27.991  12.462 0.0000000000
91207  47.243  26.580  15.223 0.0000000000
92077  45.297  28.916  21.977 0.0000000000
128631  46.190  28.843  21.369 0.0000000000
92076  46.355  29.138  22.160 0.0000000000
92564  47.306  29.454  22.460 0.0000000000
92563  48.018  29.489  22.539 0.0000000000
93049  48.007  30.567  24.417 0.0000000000
93057  48.080  30.089  23.675 0.0000000000
92562  48.222  29.241  22.852 0.0000000000
91625  48.390  28.598  22.521 0.0000000000
91626  48.093  28.064  23.216 0.0000000000
91635  47.538  27.435  22.709 0.0000000000
91163  46.495  26.996  23.085 0.0000000000
91627  47.153  27.509  23.627 0.0000000000
91621  46.832  27.416  24.604 0.0000000000
126017  46.707  27.152  25.718 0.0000000000
122051  47.212  27.929  26.028 0.0000000000
91146  46.638  26.533  26.491 0.0000000000
91144  46.851  26.393  27.246 0.0000000000
90653  47.117  25.548  28.802 0.0000000000
97982  41.868  39.650  20.674 0.0000000000
97411  46.629  38.839  24.968 0.0000000000
97947  46.968  39.427  24.665 0.0000000000
97420  47.233  38.418  23.840 0.0000000000
96851  47.983  37.556  22.740 0.0000000000
96259  48.072  37.016  21.568 0.0000000000
130459  47.327  36.565  20.830 0.0000000000
111448  47.895  36.785  20.669 0.0000000000
117412  48.275  36.828  19.929 0.0000000000
96280  49.090  36.293  18.475 0.0000000000
116528  49.362  36.029  17.836 0.0000000000
96295  49.419  36.412  17.153 0.0000000000
96311  49.406  35.713  16.948 0.0000000000
95777  49.451  34.987  15.096 0.0000000000
94631  49.190  33.996  14.236 0.0000000000
94622  48.775  34.178  15.488 0.0000000000
94645  49.059  33.308  13.669 0.0000000000
94128  48.645  31.991  11.940 0.0000000000
93614  48.589  31.330  11.630 0.0000000000
89611  44.305  23.376  12.725 0.0000000000
114520  43.632  23.661  13.313 0.0000000000
89598  44.610  23.338  13.816 0.0000000000
90182  43.617  23.830  15.183 0.0000000000
90171  43.485  24.088  16.197 0.0000000000
89576  45.481  22.807  16.134 0.0000000000
90170  44.494  23.624  16.491 0.0000000000
90160  43.916  24.064  17.277 0.0000000000
90136  43.282  24.047  18.732 0.0000000000
90137  42.693  24.005  19.486 0.0000000000
89531  42.470  23.624  20.465 0.0000000000
86293  42.930  17.229  25.287 0.0000000000
86299  42.500  17.757  24.834 0.0000000000
86294  42.149  17.078  25.050 0.0000000000
90177  35.316  24.504  15.699 0.0000000000
90188  34.946  23.664  15.486 0.0000000000
89593  35.432  23.100  14.946 0.0000000000
89070  34.940  22.807  15.284 0.0000000000
88532  34.310  20.876  17.456 0.0000000000
89043  35.411  22.141  18.398 0.0000000000
125685  46.728  39.588  16.115 0.0000000000
95788  44.972  35.585  14.168 0.0000000000
95778  44.473  35.888  14.851 0.0000000000
94077  45.555  32.255  16.935 0.0000000000
133589  45.185  32.651  17.511 0.0000000000
93581  44.933  31.747  17.591 0.0000000000
93572  44.323  31.374  18.237 0.0000000000
94064  43.685  32.332  19.554 0.0000000000
127739  43.832  30.976  18.896 0.0000000000
92585  44.073  29.228  20.249 0.0000000000
92078  44.297  28.967  21.786 0.0000000000
92554  44.902  29.333  23.509 0.0000000000
92544  45.424  29.709  24.247 0.0000000000
98949  43.734  41.456  27.310 0.0000000000
98920  43.745  41.379  29.360 0.0000000000
98919  44.299  41.355  28.928 0.0000000000
98932  44.385  41.384  28.033 0.0000000000
98931  44.729  40.899  27.577 0.0000000000
98403  45.195  40.402  26.966 0.0000000000
97933  45.803  39.667  26.230 0.0000000000
97386  42.860  38.710  26.571 0.0000000000
130164  44.617  39.345  27.334 0.0000000000
97384  45.614  39.237  26.068 0.0000000000
97399  46.253  39.266  25.571 0.0000000000
97421  45.985  38.371  24.331 0.0000000000
125862  45.980  37.242  22.772 0.0000000000
96261  46.041  36.626  21.851 0.0000000000
96253  44.611  36.528  22.220 0.0000000000
95713  45.349  36.098  21.288 0.0000000000
95720  45.631  35.909  20.561 0.0000000000
95157  45.384  35.012  19.193 0.0000000000
94605  45.466  33.972  17.990 0.0000000000
113435  48.343  20.362  19.109 0.0000000000
88521  47.861  20.202  18.578 0.0000000000
87973  47.648  19.896  20.279 0.0000000000
87963  47.503  19.666  21.092 0.0000000000
87418  48.040  19.452  21.690 0.0000000000
87419  47.543  19.398  21.883 0.0000000000
87420  46.523  19.683  21.890 0.0000000000
87408  45.984  19.571  22.897 0.0000000000
87389  45.165  19.106  24.054 0.0000000000
86865  44.685  18.622  24.550 0.0000000000
119334  48.273  18.622  24.780 0.0000000000
123284  47.848  18.504  24.492 0.0000000000
86297  46.982  18.298  24.667 0.0000000000
86279  46.794  17.255  25.955 0.0000000000
86855  46.278  18.250  24.866 0.0000000000
86856  45.254  18.221  25.012 0.0000000000
86857  44.234  18.087  24.982 0.0000000000
91696  42.529  27.247  14.044 0.0000000000
91216  41.889  26.552  13.586 0.0000000000
91703  42.679  26.846  13.185 0.0000000000
91226  42.024  26.172  12.739 0.0000000000
91234  42.161  25.572  11.914 0.0000000000
91711  43.585  26.766  11.916 0.0000000000
128971  42.947  25.967  11.782 0.0000000000
90738  41.980  24.828  11.287 0.0000000000
113163  42.424  24.422  10.971 0.0000000000
118744  42.680  23.596  11.307 0.0000000000
89633  43.662  23.483  11.225 0.0000000000
92169  46.182  28.338  10.401 0.0000000000
91249  45.812  26.916  10.558 0.0000000000
91250  45.314  26.302  10.534 0.0000000000
90745  46.366  25.807  11.306 0.0000000000
90751  45.867  25.805  10.754 0.0000000000
127018  45.546  24.638  10.704 0.0000000000
132332  45.204  23.826  10.695 0.0000000000
89632  44.688  23.128  11.316 0.0000000000
89622  44.228  23.320  11.863 0.0000000000
89075  46.470  22.477  14.112 0.0000000000
89067  46.803  22.101  15.103 0.0000000000
89596  47.258  22.511  14.280 0.0000000000
89074  47.076  22.142  14.691 0.0000000000
89060  47.135  21.551  15.802 0.0000000000
89059  47.722  21.180  16.050 0.0000000000
88528  47.786  20.772  17.820 0.0000000000
93110  45.650  30.463  16.417 0.0000000000
129328  45.872  29.754  15.976 0.0000000000
92617  45.889  28.839  15.905 0.0000000000
92138  46.667  27.309  16.093 0.0000000000
91686  46.951  26.976  15.687 0.0000000000
91678  47.478  26.628  16.160 0.0000000000
92106  47.475  28.491  19.463 0.0000000000
92104  48.360  28.342  20.069 0.0000000000
92115  47.881  28.262  18.946 0.0000000000
91663  47.450  27.641  18.311 0.0000000000
114908  47.619  27.153  17.863 0.0000000000
91671  47.587  26.720  17.101 0.0000000000
117087  47.910  26.301  16.460 0.0000000000
129104  48.107  25.760  15.952 0.0000000000
133766  48.082  24.724  16.584 0.0000000000
90169  47.947  24.068  16.874 0.0000000000
90701  47.787  25.254  18.161 0.0000000000
90159  47.727  23.954  17.551 0.0000000000
89553  47.987  22.385  17.638 0.0000000000
89041  48.141  21.224  18.034 0.0000000000
89032  48.425  21.212  18.770 0.0000000000
89020  48.468  21.361  19.775 0.0000000000
89005  48.218  21.505  21.674 0.0000000000
88991  47.813  21.841  22.672 0.0000000000
88474  48.064  21.437  23.877 0.0000000000
88473  48.403  20.831  24.446 0.0000000000
91158  45.789  26.303  23.569 0.0000000000
90111  45.701  24.436  23.733 0.0000000000
89498  46.138  23.709  24.330 0.0000000000
90099  45.948  24.301  25.238 0.0000000000
90105  46.497  23.489  25.177 0.0000000000
89497  46.874  23.023  24.441 0.0000000000
88986  47.400  22.539  24.490 0.0000000000
88467  48.132  21.657  24.899 0.0000000000
88466  48.349  20.970  25.397 0.0000000000
101062  45.012  44.877  18.224 0.0000000000
100508  45.309  44.367  18.535 0.0000000000
101053  45.816  45.019  18.402 0.0000000000
100507  46.214  44.650  18.575 0.0000000000
99508  48.105  42.989  18.478 0.0000000000
134270  42.240  39.499  21.513 0.0000000000
97971  42.750  39.431  20.961 0.0000000000
98475  46.612  39.979  24.491 0.0000000000
120568  46.423  39.887  23.719 0.0000000000
97434  46.547  38.719  21.276 0.0000000000
97980  43.324  39.541  20.296 0.0000000000
97987  43.084  40.035  19.741 0.0000000000
98510  44.292  40.493  18.919 0.0000000000
99002  45.952  41.630  18.822 0.0000000000
98523  46.339  40.623  18.704 0.0000000000
99001  46.842  41.626  18.709 0.0000000000
99000  47.818  41.995  18.516 0.0000000000
99507  48.789  42.749  17.789 0.0000000000
99008  49.151  42.166  17.394 0.0000000000
97455  49.440  39.379  16.165 0.0000000000
97465  49.249  39.041  15.487 0.0000000000
97466  48.530  38.838  15.361 0.0000000000
95786  46.249  35.696  13.818 0.0000000000
96330  49.592  36.428  14.421 0.0000000000
96340  49.438  36.185  13.807 0.0000000000
95226  49.056  34.389  12.742 0.0000000000
95798  48.972  35.035  12.945 0.0000000000
123507  48.924  35.672  13.240 0.0000000000
95218  48.285  35.270  13.095 0.0000000000
95793  47.164  35.119  13.390 0.0000000000
95794  46.301  35.026  13.631 0.0000000000
94655  45.890  33.605  13.544 0.0000000000
93124  44.802  30.802  13.672 0.0000000000
123244  45.362  30.928  12.974 0.0000000000
92634  44.462  30.054  13.783 0.0000000000
134078  43.682  29.230  14.333 0.0000000000
91228  40.364  25.826  13.206 0.0000000000
114187  39.057  24.837  12.940 0.0000000000
90207  39.822  23.783  11.899 0.0000000000
90741  39.442  24.286  12.421 0.0000000000
90203  38.757  24.249  12.957 0.0000000000
89617  38.581  23.709  13.183 0.0000000000
89591  38.206  23.427  14.548 0.0000000000
89577  38.647  23.601  15.203 0.0000000000
89599  42.522  23.677  13.480 0.0000000000
90193  41.927  23.874  14.121 0.0000000000
90184  41.013  24.065  15.015 0.0000000000
90173  41.498  24.519  16.395 0.0000000000
112575  40.789  24.395  15.932 0.0000000000
90185  40.233  23.989  15.047 0.0000000000
111990  39.436  23.838  15.131 0.0000000000
89567  37.811  23.413  16.253 0.0000000000
90166  37.827  23.570  17.268 0.0000000000
120938  37.423  23.515  18.738 0.0000000000
89546  37.363  23.489  19.596 0.0000000000
89535  38.273  23.666  19.868 0.0000000000
89536  36.848  23.204  20.307 0.0000000000
89025  36.452  22.682  20.698 0.0000000000
88522  47.058  20.415  19.037 0.0000000000
89022  46.017  21.119  19.597 0.0000000000
89023  45.144  22.120  19.609 0.0000000000
88500  44.879  21.352  21.377 0.0000000000
131684  44.396  22.001  21.060 0.0000000000
89024  44.332  22.423  20.465 0.0000000000
89530  43.429  23.063  20.538 0.0000000000
89515  42.778  22.983  21.138 0.0000000000
89516  41.895  23.333  21.277 0.0000000000
87391  43.016  19.040  24.344 0.0000000000
87392  42.076  19.264  24.270 0.0000000000
124190  42.502  20.647  23.495 0.0000000000
86869  40.170  18.683  24.084 0.0000000000
87402  41.502  19.842  24.064 0.0000000000
88479  42.062  21.167  23.247 0.0000000000
88488  41.546  21.705  22.857 0.0000000000
89009  41.434  22.847  21.885 0.0000000000
89010  40.493  22.825  21.976 0.0000000000
88997  38.995  21.971  22.571 0.0000000000
85093  48.304  15.555  29.428 0.0000000000
84508  48.421  14.589  29.106 0.0000000000
83897  48.272  13.723  28.703 0.0000000000
85116  47.216  15.249  27.605 0.0000000000
85732  48.221  16.539  27.121 0.0000000000
85737  44.105  16.126  26.316 0.0000000000
85743  43.431  16.587  25.761 0.0000000000
85745  41.873  16.392  25.000 0.0000000000
86288  47.784  17.613  25.441 0.0000000000
86296  47.542  18.137  24.901 0.0000000000
86298  43.325  17.886  24.928 0.0000000000
86838  48.547  18.156  26.882 0.0000000000
86862  47.321  18.641  24.077 0.0000000000
87401  42.538  19.948  23.928 0.0000000000
87406  48.303  19.515  22.576 0.0000000000
87407  47.930  19.259  22.354 0.0000000000
87940  48.614  20.050  23.959 0.0000000000
87944  41.779  20.549  23.666 0.0000000000
87950  48.527  19.816  21.992 0.0000000000
87961  48.276  19.731  21.340 0.0000000000
87962  47.972  19.558  21.275 0.0000000000
88477  47.978  21.535  23.086 0.0000000000
88484  48.544  20.458  22.148 0.0000000000
88529  47.816  20.416  18.181 0.0000000000
88985  47.767  22.064  24.473 0.0000000000
88993  42.831  22.179  22.183 0.0000000000
88994  41.942  22.280  22.346 0.0000000000
89007  43.623  22.516  21.114 0.0000000000
89011  39.506  22.751  22.034 0.0000000000
89042  46.550  21.112  18.038 0.0000000000
89066  47.449  21.649  15.512 0.0000000000
89507  46.145  23.650  22.299 0.0000000000
89519  39.022  23.181  21.364 0.0000000000
89557  44.171  23.618  18.624 0.0000000000
89565  44.916  23.180  17.057 0.0000000000
89604  38.331  23.545  13.875 0.0000000000
89613  41.635  23.433  12.560 0.0000000000
89620  46.104  23.124  11.623 0.0000000000
89621  45.413  22.909  11.697 0.0000000000
89625  40.924  23.408  12.015 0.0000000000
89628  39.188  23.821  12.709 0.0000000000
89636  40.498  23.452  11.822 0.0000000000
90113  45.624  24.385  22.760 0.0000000000
90130  39.138  23.748  19.944 0.0000000000
90154  37.921  23.619  18.239 0.0000000000
90176  38.399  23.642  15.925 0.0000000000
90194  41.194  23.788  14.183 0.0000000000
90215  42.104  23.849  11.176 0.0000000000
90216  41.385  23.706  11.487 0.0000000000
90217  40.845  23.780  11.551 0.0000000000
90222  44.746  24.438  10.534 0.0000000000
90670  45.632  25.402  24.106 0.0000000000
90712  48.125  25.627  16.573 0.0000000000
90747  43.389  24.926  10.783 0.0000000000
90752  45.090  25.413  10.527 0.0000000000
90753  44.292  25.155  10.608 0.0000000000
91206  47.811  26.217  15.648 0.0000000000
91221  37.780  25.868  14.851 0.0000000000
91229  39.689  25.791  13.515 0.0000000000
91637  48.500  27.800  20.620 0.0000000000
91656  48.264  28.082  19.276 0.0000000000
91687  42.254  27.600  14.797 0.0000000000
91717  47.342  28.246  10.939 0.0000000000
91718  46.960  27.482  11.124 0.0000000000
92068  48.331  28.907  23.344 0.0000000000
92084  47.847  29.094  20.996 0.0000000000
92105  48.037  28.602  19.715 0.0000000000
92123  46.696  27.670  17.958 0.0000000000
92132  46.178  27.911  15.953 0.0000000000
92161  47.673  28.895  11.124 0.0000000000
92168  46.909  28.199  10.515 0.0000000000
92542  48.478  29.936  24.419 0.0000000000
92543  46.543  29.916  24.078 0.0000000000
92551  48.053  29.637  23.186 0.0000000000
92565  45.563  29.169  22.776 0.0000000000
92566  44.499  29.069  22.662 0.0000000000
92574  48.265  29.102  22.037 0.0000000000
92597  44.057  29.579  19.626 0.0000000000
92642  44.636  29.473  13.012 0.0000000000
92653  47.455  29.286  10.671 0.0000000000
92654  46.981  29.454  10.492 0.0000000000
93035  48.258  30.496  24.754 0.0000000000
93101  45.182  30.177  17.098 0.0000000000
93129  48.644  30.958  12.006 0.0000000000
93135  48.585  30.786  11.431 0.0000000000
93141  48.165  30.531  10.849 0.0000000000
93501  47.917  32.160  26.664 0.0000000000
93599  48.346  31.742  13.774 0.0000000000
93601  44.525  31.433  14.258 0.0000000000
93608  48.468  31.379  12.739 0.0000000000
93615  48.304  31.302  11.045 0.0000000000
94005  47.603  32.378  27.476 0.0000000000
94092  47.457  32.382  15.321 0.0000000000
94093  44.243  32.709  15.005 0.0000000000
94101  48.751  32.503  13.608 0.0000000000
94140  48.083  31.999  11.269 0.0000000000
94595  44.127  33.615  19.725 0.0000000000
94596  43.781  32.970  19.841 0.0000000000
94632  48.871  33.771  14.678 0.0000000000
94652  49.298  34.156  12.871 0.0000000000
94653  49.147  33.363  12.814 0.0000000000
95139  42.462  34.273  21.542 0.0000000000
95171  47.101  35.298  18.225 0.0000000000
95193  49.210  34.694  15.774 0.0000000000
95209  45.926  34.436  13.684 0.0000000000
95217  49.264  34.781  13.015 0.0000000000
95227  48.627  34.433  12.640 0.0000000000
95721  44.826  35.579  20.757 0.0000000000
95728  46.926  36.023  19.561 0.0000000000
95769  49.491  35.257  15.994 0.0000000000
96260  47.833  37.036  22.261 0.0000000000
96262  45.003  36.211  21.840 0.0000000000
96272  48.620  36.685  19.107 0.0000000000
96274  47.511  36.426  20.088 0.0000000000
96281  48.566  36.263  18.922 0.0000000000
96310  49.491  36.567  16.279 0.0000000000
96322  49.665  36.757  15.244 0.0000000000
96334  45.784  36.329  14.193 0.0000000000
96341  49.113  36.290  13.571 0.0000000000
96342  48.539  36.110  13.538 0.0000000000
96833  46.821  38.427  24.142 0.0000000000
96841  47.613  37.889  23.296 0.0000000000
96842  47.178  37.873  23.500 0.0000000000
96853  46.705  37.481  23.159 0.0000000000
96854  45.093  37.082  22.766 0.0000000000
96901  49.632  37.690  15.017 0.0000000000
97402  42.483  38.499  25.706 0.0000000000
97410  47.108  38.915  24.581 0.0000000000
97415  41.720  38.349  25.309 0.0000000000
97416  40.758  38.269  25.179 0.0000000000
97419  47.458  38.490  23.535 0.0000000000
97422  44.999  38.160  23.885 0.0000000000
97425  42.000  38.066  24.202 0.0000000000
97428  47.760  38.236  23.055 0.0000000000
97429  47.410  38.950  22.699 0.0000000000
97467  47.336  38.422  15.450 0.0000000000
97468  46.037  38.195  15.504 0.0000000000
97918  45.354  39.977  27.082 0.0000000000
97932  46.306  39.739  25.632 0.0000000000
97948  47.356  38.933  23.487 0.0000000000
97949  46.971  39.465  24.012 0.0000000000
97967  46.835  39.181  21.995 0.0000000000
98006  49.261  39.830  16.060 0.0000000000
98377  43.102  41.163  30.862 0.0000000000
98389  44.652  40.568  28.805 0.0000000000
98440  46.093  40.235  25.601 0.0000000000
98460  46.122  40.382  24.940 0.0000000000
98513  41.659  40.816  19.565 0.0000000000
98909  44.121  41.199  29.613 0.0000000000
98933  43.773  41.515  28.362 0.0000000000
98947  44.954  40.900  26.581 0.0000000000
98961  45.135  40.954  25.846 0.0000000000
98962  44.582  41.218  26.024 0.0000000000
99495  42.963  42.368  18.702 0.0000000000
100008  46.718  44.250  18.725 0.0000000000
100509  44.370  44.179  18.466 0.0000000000
101077  44.347  45.581  16.706 0.0000000000
111233  39.948  24.469  11.894 0.0000000000
111513  42.142  24.578  17.891 0.0000000000
112720  44.720  33.456  18.457 0.0000000000
113414  44.776  43.288  18.765 0.0000000000
113574  45.459  19.496  23.537 0.0000000000
113887  47.132  31.152  14.997 0.0000000000
113896  47.725  29.745  23.159 0.0000000000
113967  46.760  38.443  19.647 0.0000000000
115048  46.435  29.401  22.828 0.0000000000
115236  43.658  29.481  20.744 0.0000000000
115620  41.592  36.502  22.251 0.0000000000
115896  42.643  30.149  15.785 0.0000000000
116726  49.505  35.970  15.953 0.0000000000
117887  47.990  32.535  11.678 0.0000000000
120040  42.258  43.185  18.297 0.0000000000
120914  42.932  18.309  24.630 0.0000000000
123296  47.621  23.186  13.962 0.0000000000
123661  47.915  36.454  13.998 0.0000000000
124408  45.834  25.180  21.411 0.0000000000
124667  45.170  22.713  17.589 0.0000000000
124774  42.671  36.490  22.109 0.0000000000
127189  41.506  24.336  15.713 0.0000000000
127383  47.561  24.329  18.166 0.0000000000
127653  48.306  27.152  20.734 0.0000000000
128065  41.252  23.464  11.834 0.0000000000
128201  47.760  14.774  27.938 0.0000000000
128536  45.754  27.675  10.469 0.0000000000
129082  39.191  23.947  18.485 0.0000000000
129595  36.236  22.121  20.887 0.0000000000
129611  41.946  24.313  19.161 0.0000000000
130558  44.848  39.134  26.462 0.0000000000
131176  40.241  23.729  11.642 0.0000000000
131889  39.976  24.205  15.776 0.0000000000
132138  48.093  37.362  22.193 0.0000000000
132445  40.399  23.336  12.050 0.0000000000
132521  41.014  24.220  11.422 0.0000000000
133204  44.944  22.914  11.714 0.0000000000
133411  44.645  29.085  19.831 0.0000000000
133613  38.537  23.754  18.598 0.0000000000
