#!ascii label  , from subject bert vox2ras=TkReg
1021
46561  27.500  -32.519  42.633 0.0000000000
65892  35.850  -10.705  28.806 0.0000000000
56190  29.104  -21.793  35.180 0.0000000000
42979  10.299  -36.724  50.542 0.0000000000
51904  21.982  -26.356  48.162 0.0000000000
59856  30.028  -16.892  34.772 0.0000000000
44690  16.937  -34.940  47.282 0.0000000000
42198  14.361  -37.407  49.801 0.0000000000
45601  19.792  -33.244  46.328 0.0000000000
64123  39.341  -13.017  28.091 0.0000000000
115468  27.988  -28.456  42.649 0.0000000000
51192  29.027  -27.403  38.783 0.0000000000
47620  32.410  -31.345  43.425 0.0000000000
69160  38.916  -6.354  27.905 0.0000000000
66751  41.667  -9.441  25.546 0.0000000000
66722  32.827  -9.694  32.024 0.0000000000
62354  35.901  -14.932  31.263 0.0000000000
118051  32.448  -15.858  32.291 0.0000000000
57120  34.375  -21.297  34.196 0.0000000000
45598  26.251  -34.140  46.986 0.0000000000
38469  9.345  -41.546  53.171 0.0000000000
38471  6.006  -41.942  53.271 0.0000000000
125304  2.876  -40.555  55.988 0.0000000000
49471  24.511  -29.317  43.629 0.0000000000
48524  22.180  -30.764  46.906 0.0000000000
55207  25.965  -21.988  38.985 0.0000000000
54332  32.223  -23.703  40.346 0.0000000000
69173  44.366  -5.735  23.086 0.0000000000
65047  37.194  -11.785  28.254 0.0000000000
64102  36.910  -13.725  30.128 0.0000000000
123554  28.689  -30.516  41.945 0.0000000000
48596  30.355  -30.373  41.018 0.0000000000
46560  30.202  -32.547  43.212 0.0000000000
68329  35.822  -7.055  30.734 0.0000000000
69142  37.974  -6.049  30.098 0.0000000000
67563  36.933  -7.651  28.257 0.0000000000
66744  38.520  -9.527  27.160 0.0000000000
34988  3.341  -45.784  56.416 0.0000000000
63156  31.933  -13.177  31.954 0.0000000000
62334  31.313  -14.107  33.533 0.0000000000
58141  29.227  -19.704  34.319 0.0000000000
58992  31.088  -18.914  32.987 0.0000000000
56204  31.496  -22.129  34.027 0.0000000000
56171  32.265  -22.880  36.964 0.0000000000
42977  12.664  -37.140  49.671 0.0000000000
133699  13.925  -38.090  51.638 0.0000000000
40387  12.442  -38.985  50.879 0.0000000000
39412  11.063  -40.236  53.152 0.0000000000
40389  10.467  -39.762  50.860 0.0000000000
39414  6.839  -40.534  53.256 0.0000000000
38464  4.297  -41.500  53.912 0.0000000000
51129  23.376  -27.451  45.252 0.0000000000
48545  22.959  -30.480  44.404 0.0000000000
49460  21.482  -28.782  45.222 0.0000000000
43011  20.381  -36.094  47.800 0.0000000000
44670  21.028  -34.348  48.134 0.0000000000
51964  32.078  -27.155  41.855 0.0000000000
123691  30.774  -25.124  39.477 0.0000000000
62314  31.643  -14.594  35.081 0.0000000000
122890  29.268  -16.508  36.525 0.0000000000
58130  27.856  -19.050  35.531 0.0000000000
42205  18.301  -37.558  48.176 0.0000000000
113481  16.997  -38.376  50.262 0.0000000000
42999  15.576  -36.863  48.111 0.0000000000
134775  13.242  -35.211  48.650 0.0000000000
44639  11.411  -34.236  50.253 0.0000000000
50310  19.579  -28.763  46.756 0.0000000000
48511  18.482  -30.694  47.979 0.0000000000
44699  18.502  -34.594  46.110 0.0000000000
52752  26.806  -26.163  43.116 0.0000000000
51967  26.583  -26.155  40.936 0.0000000000
51183  28.109  -28.169  40.166 0.0000000000
129284  31.365  -29.127  40.723 0.0000000000
69167  41.137  -6.420  25.536 0.0000000000
67573  39.943  -8.230  26.288 0.0000000000
114963  40.493  -11.096  26.554 0.0000000000
125003  33.834  -9.860  30.699 0.0000000000
130722  35.399  -13.312  30.090 0.0000000000
134158  33.817  -12.699  30.757 0.0000000000
127664  34.521  -15.149  31.479 0.0000000000
59863  35.098  -17.776  32.924 0.0000000000
60678  31.167  -16.583  33.039 0.0000000000
58991  33.008  -18.938  32.664 0.0000000000
45611  27.205  -33.807  44.821 0.0000000000
115657  29.838  -33.576  45.462 0.0000000000
67541  35.143  -7.748  33.136 0.0000000000
42162  9.134  -37.508  52.404 0.0000000000
39421  8.612  -40.486  51.926 0.0000000000
133898  7.752  -42.274  53.375 0.0000000000
37571  7.396  -43.587  55.822 0.0000000000
35910  5.896  -44.226  54.681 0.0000000000
36769  3.600  -44.228  54.726 0.0000000000
36757  2.246  -44.106  55.416 0.0000000000
37575  0.649  -42.499  55.433 0.0000000000
47622  25.967  -31.731  42.577 0.0000000000
46549  24.455  -32.183  43.942 0.0000000000
46522  23.838  -31.814  46.136 0.0000000000
47585  20.762  -30.681  46.177 0.0000000000
122650  27.301  -21.302  36.448 0.0000000000
52801  26.767  -24.712  38.585 0.0000000000
54358  28.231  -24.410  37.595 0.0000000000
55228  30.322  -23.495  37.358 0.0000000000
46529  32.596  -32.764  45.640 0.0000000000
68363  45.421  -7.328  22.403 0.0000000000
67578  42.544  -7.659  24.357 0.0000000000
66759  44.762  -9.341  23.696 0.0000000000
65891  36.449  -10.346  28.287 0.0000000000
64126  36.882  -12.354  28.835 0.0000000000
64116  36.237  -12.595  29.386 0.0000000000
46577  28.153  -32.094  42.408 0.0000000000
47637  29.558  -31.576  42.093 0.0000000000
45641  29.331  -32.650  42.985 0.0000000000
66730  35.263  -8.995  29.407 0.0000000000
67564  36.530  -7.523  29.069 0.0000000000
66737  35.906  -9.448  28.705 0.0000000000
65890  37.131  -9.926  27.697 0.0000000000
34989  2.397  -45.954  56.578 0.0000000000
64069  31.645  -12.644  33.752 0.0000000000
63132  31.558  -13.410  34.186 0.0000000000
57108  28.895  -20.722  34.661 0.0000000000
57123  30.167  -21.081  33.763 0.0000000000
56189  30.692  -22.416  34.750 0.0000000000
56188  31.816  -22.612  34.954 0.0000000000
55256  31.250  -22.792  35.652 0.0000000000
42978  11.031  -36.594  49.857 0.0000000000
42189  12.269  -38.313  50.287 0.0000000000
41291  11.603  -38.856  50.370 0.0000000000
40388  11.608  -39.631  50.916 0.0000000000
40398  10.236  -39.003  50.619 0.0000000000
51924  22.423  -26.630  46.480 0.0000000000
51143  22.188  -27.726  44.869 0.0000000000
113415  21.258  -27.269  45.806 0.0000000000
122354  19.685  -37.601  49.632 0.0000000000
55166  26.274  -22.838  42.880 0.0000000000
52750  32.767  -25.752  42.336 0.0000000000
122398  28.187  -17.789  35.880 0.0000000000
58931  28.020  -17.285  36.948 0.0000000000
124537  17.498  -36.027  46.993 0.0000000000
42207  16.307  -37.137  47.909 0.0000000000
43015  15.983  -36.244  47.627 0.0000000000
44676  14.024  -34.307  48.217 0.0000000000
45553  12.838  -33.416  49.019 0.0000000000
44657  12.114  -34.133  49.359 0.0000000000
49409  18.678  -28.870  48.976 0.0000000000
45568  17.642  -33.798  48.258 0.0000000000
45588  18.103  -33.351  47.751 0.0000000000
44689  17.430  -34.539  46.848 0.0000000000
43023  18.147  -35.485  46.488 0.0000000000
126977  27.391  -27.059  41.867 0.0000000000
115381  28.315  -28.675  40.867 0.0000000000
131612  31.479  -30.905  41.824 0.0000000000
49503  30.898  -29.736  40.750 0.0000000000
48582  32.341  -30.152  42.449 0.0000000000
49481  32.716  -29.470  42.892 0.0000000000
48557  33.078  -29.883  43.728 0.0000000000
69152  38.063  -6.160  29.112 0.0000000000
69164  40.508  -6.384  26.656 0.0000000000
68350  39.674  -7.593  26.612 0.0000000000
132210  39.087  -11.662  27.224 0.0000000000
65905  39.772  -10.574  26.689 0.0000000000
65060  39.725  -11.587  27.063 0.0000000000
65869  33.251  -9.999  31.226 0.0000000000
65026  33.643  -11.514  30.653 0.0000000000
65878  33.054  -10.973  31.103 0.0000000000
62357  32.429  -14.448  31.845 0.0000000000
133763  32.786  -14.091  31.567 0.0000000000
60689  33.077  -15.804  32.085 0.0000000000
60674  34.491  -16.649  32.188 0.0000000000
112858  33.758  -16.998  32.247 0.0000000000
61474  30.747  -15.638  34.802 0.0000000000
61481  30.943  -15.597  33.899 0.0000000000
115914  30.368  -17.066  33.930 0.0000000000
58154  32.610  -19.803  32.802 0.0000000000
58161  32.012  -18.923  32.738 0.0000000000
58153  33.670  -19.730  32.870 0.0000000000
58152  34.631  -19.449  33.144 0.0000000000
45612  26.307  -33.690  45.146 0.0000000000
44694  28.178  -34.124  46.563 0.0000000000
66714  33.426  -9.162  33.470 0.0000000000
67543  33.979  -8.609  32.269 0.0000000000
67549  34.370  -8.417  31.617 0.0000000000
113056  15.316  -37.765  49.844 0.0000000000
42172  14.921  -38.621  51.366 0.0000000000
114146  10.618  -40.687  53.574 0.0000000000
39396  11.068  -40.289  54.949 0.0000000000
39398  9.943  -41.212  55.093 0.0000000000
38454  9.464  -41.917  54.976 0.0000000000
41254  8.756  -37.961  52.847 0.0000000000
41281  9.075  -39.267  51.586 0.0000000000
40365  7.879  -39.372  52.576 0.0000000000
39415  6.445  -41.175  53.324 0.0000000000
38478  7.581  -41.546  53.036 0.0000000000
36775  6.710  -42.534  53.345 0.0000000000
37595  7.747  -43.121  54.472 0.0000000000
36776  6.586  -43.222  53.667 0.0000000000
36755  6.623  -43.976  55.253 0.0000000000
36767  5.861  -43.739  53.856 0.0000000000
38457  3.036  -41.030  55.199 0.0000000000
36768  4.285  -43.859  54.154 0.0000000000
37587  2.539  -42.268  54.898 0.0000000000
36756  2.774  -43.647  55.025 0.0000000000
37572  2.007  -41.915  55.409 0.0000000000
49470  25.310  -30.025  43.895 0.0000000000
48561  25.499  -30.558  43.073 0.0000000000
132965  25.094  -30.643  42.866 0.0000000000
46563  24.792  -31.888  43.095 0.0000000000
47608  24.099  -31.368  43.313 0.0000000000
48546  22.332  -30.153  45.244 0.0000000000
129195  23.552  -31.519  45.249 0.0000000000
128747  23.583  -31.305  46.835 0.0000000000
48537  19.354  -30.532  46.390 0.0000000000
48536  20.223  -30.000  46.099 0.0000000000
129960  20.327  -31.558  46.439 0.0000000000
45565  21.193  -33.311  48.357 0.0000000000
63165  35.080  -13.525  30.425 0.0000000000
63163  36.801  -14.251  30.442 0.0000000000
113480  37.358  -14.607  31.451 0.0000000000
124783  26.058  -20.607  38.245 0.0000000000
57094  26.683  -19.762  36.936 0.0000000000
56160  26.368  -21.496  37.504 0.0000000000
51993  27.386  -26.581  39.385 0.0000000000
51994  26.606  -25.825  39.871 0.0000000000
52788  27.784  -25.927  38.606 0.0000000000
53558  31.105  -24.437  39.472 0.0000000000
53586  29.077  -24.642  38.031 0.0000000000
54357  29.649  -24.272  37.929 0.0000000000
130374  29.585  -23.734  37.153 0.0000000000
55205  31.543  -23.531  38.926 0.0000000000
118549  31.753  -23.190  38.082 0.0000000000
127137  31.245  -33.513  45.954 0.0000000000
68364  44.606  -6.775  22.707 0.0000000000
68353  41.259  -7.640  25.406 0.0000000000
132668  42.046  -7.468  24.723 0.0000000000
67575  41.961  -8.094  24.944 0.0000000000
66755  44.002  -9.948  24.062 0.0000000000
65916  45.009  -10.170  23.939 0.0000000000
44673  17.215  -34.054  48.600 0.0000000000
44675  15.610  -34.449  48.179 0.0000000000
64124  38.417  -12.738  28.204 0.0000000000
63186  39.734  -13.468  28.817 0.0000000000
64114  38.067  -13.210  29.200 0.0000000000
49493  28.311  -29.752  42.270 0.0000000000
49504  29.166  -29.993  40.952 0.0000000000
47652  29.281  -30.930  41.695 0.0000000000
47636  30.396  -31.628  42.071 0.0000000000
47621  31.594  -31.744  43.030 0.0000000000
69121  37.774  -6.127  31.865 0.0000000000
68328  36.543  -6.577  30.560 0.0000000000
68331  37.408  -6.436  29.445 0.0000000000
68338  37.572  -6.828  28.395 0.0000000000
67570  38.544  -8.322  27.178 0.0000000000
66745  37.790  -9.068  27.407 0.0000000000
118687  37.908  -10.012  27.356 0.0000000000
34980  3.981  -45.817  57.002 0.0000000000
65860  32.347  -10.442  33.421 0.0000000000
65010  31.854  -11.748  32.044 0.0000000000
64997  31.643  -11.599  32.730 0.0000000000
63146  31.555  -13.152  32.609 0.0000000000
62358  31.917  -14.541  32.240 0.0000000000
129355  29.930  -17.846  34.292 0.0000000000
58993  30.541  -17.737  33.480 0.0000000000
58157  29.897  -19.652  33.729 0.0000000000
57136  31.074  -20.543  33.068 0.0000000000
57122  32.955  -21.507  33.520 0.0000000000
56187  32.831  -22.487  35.246 0.0000000000
56170  33.101  -22.526  36.366 0.0000000000
45564  25.357  -33.835  48.185 0.0000000000
42976  13.591  -37.186  49.784 0.0000000000
42187  14.078  -37.739  50.593 0.0000000000
42188  13.434  -37.711  50.351 0.0000000000
42175  13.254  -38.191  51.033 0.0000000000
41267  13.151  -38.884  52.728 0.0000000000
39419  10.956  -40.359  52.140 0.0000000000
39420  10.215  -40.741  52.155 0.0000000000
40350  7.394  -39.025  53.515 0.0000000000
39407  6.103  -40.219  53.862 0.0000000000
39408  5.419  -40.395  54.177 0.0000000000
37596  5.082  -42.371  53.466 0.0000000000
119615  4.749  -40.551  54.453 0.0000000000
38456  3.905  -40.717  54.750 0.0000000000
38433  3.395  -39.930  56.407 0.0000000000
50336  23.615  -28.278  43.991 0.0000000000
127415  23.594  -29.384  43.440 0.0000000000
50350  22.780  -28.372  43.963 0.0000000000
49459  22.017  -29.315  44.914 0.0000000000
48547  21.609  -29.637  45.478 0.0000000000
44697  19.938  -34.730  46.278 0.0000000000
45587  20.194  -33.604  46.465 0.0000000000
43790  20.847  -35.272  47.868 0.0000000000
113501  36.236  -15.930  32.506 0.0000000000
55192  25.920  -21.934  39.922 0.0000000000
51181  31.288  -27.375  40.203 0.0000000000
52786  30.251  -25.932  38.939 0.0000000000
126962  32.018  -26.000  40.858 0.0000000000
52761  32.308  -25.380  41.081 0.0000000000
133689  44.003  -4.863  24.465 0.0000000000
35901  1.447  -45.091  55.126 0.0000000000
61465  31.634  -15.297  35.845 0.0000000000
60640  30.231  -15.804  35.906 0.0000000000
59843  29.750  -16.439  35.541 0.0000000000
58958  28.965  -17.546  35.551 0.0000000000
58959  28.621  -18.458  35.190 0.0000000000
57109  28.130  -20.297  35.285 0.0000000000
113796  18.733  -37.883  49.622 0.0000000000
42184  18.093  -38.131  50.418 0.0000000000
130233  17.090  -37.964  49.347 0.0000000000
42208  15.791  -37.467  48.674 0.0000000000
42987  14.846  -36.998  48.734 0.0000000000
115078  14.657  -35.145  48.076 0.0000000000
43000  14.259  -36.066  48.371 0.0000000000
121921  13.909  -36.710  49.043 0.0000000000
43794  12.838  -35.676  49.013 0.0000000000
42990  11.580  -35.936  49.609 0.0000000000
43773  10.644  -35.987  50.345 0.0000000000
116200  20.186  -27.304  46.769 0.0000000000
51109  19.350  -27.723  47.900 0.0000000000
49436  19.007  -29.319  47.073 0.0000000000
46524  18.759  -31.804  46.633 0.0000000000
47566  18.386  -31.736  48.009 0.0000000000
46512  18.316  -32.361  47.150 0.0000000000
124753  19.020  -34.007  45.873 0.0000000000
43806  19.562  -35.439  46.486 0.0000000000
42204  19.042  -37.042  47.851 0.0000000000
52744  26.501  -25.210  43.386 0.0000000000
53541  26.253  -24.518  42.697 0.0000000000
51953  26.787  -26.408  41.965 0.0000000000
51184  27.541  -27.231  40.247 0.0000000000
50389  28.974  -28.350  39.338 0.0000000000
49515  29.275  -29.645  40.320 0.0000000000
50379  29.576  -29.135  39.814 0.0000000000
50378  30.751  -28.160  39.926 0.0000000000
51170  32.029  -27.970  41.917 0.0000000000
50346  32.760  -28.512  43.193 0.0000000000
69163  41.218  -5.870  26.536 0.0000000000
68348  40.704  -6.927  25.885 0.0000000000
68354  40.699  -8.199  25.839 0.0000000000
124260  39.670  -8.868  26.497 0.0000000000
66747  40.267  -9.058  26.149 0.0000000000
66731  34.684  -9.643  29.780 0.0000000000
65037  35.539  -11.987  29.393 0.0000000000
65025  34.365  -11.644  30.185 0.0000000000
64105  34.021  -12.321  30.512 0.0000000000
63153  34.678  -13.888  30.854 0.0000000000
64088  32.933  -12.998  31.274 0.0000000000
119296  34.005  -13.624  31.023 0.0000000000
113290  35.283  -15.324  31.661 0.0000000000
61500  35.496  -15.871  32.175 0.0000000000
59868  35.759  -17.165  32.965 0.0000000000
62322  31.383  -14.280  34.371 0.0000000000
61490  31.296  -15.022  33.266 0.0000000000
61501  31.911  -15.935  32.552 0.0000000000
122895  30.875  -18.183  33.078 0.0000000000
59872  31.855  -17.308  32.635 0.0000000000
59871  32.499  -17.208  32.450 0.0000000000
58998  34.279  -18.124  32.617 0.0000000000
45625  27.441  -33.403  43.857 0.0000000000
122029  29.038  -33.333  44.330 0.0000000000
45610  28.122  -33.611  44.580 0.0000000000
45595  29.474  -33.836  46.164 0.0000000000
68326  35.746  -7.062  31.661 0.0000000000
67558  34.798  -8.683  30.156 0.0000000000
42968  9.966  -36.420  51.501 0.0000000000
42961  9.920  -36.351  52.533 0.0000000000
42176  9.726  -37.293  51.008 0.0000000000
41280  9.399  -38.671  51.286 0.0000000000
40391  9.181  -40.090  51.502 0.0000000000
38476  9.128  -41.262  52.419 0.0000000000
40366  7.307  -39.963  52.937 0.0000000000
38477  8.327  -41.215  52.454 0.0000000000
118734  8.902  -42.073  53.832 0.0000000000
38455  8.896  -42.334  54.686 0.0000000000
37570  8.113  -42.985  55.851 0.0000000000
35899  5.305  -44.977  56.131 0.0000000000
36777  5.067  -43.431  53.691 0.0000000000
35923  4.420  -44.571  54.775 0.0000000000
35912  4.457  -45.154  55.642 0.0000000000
34998  3.577  -45.394  55.680 0.0000000000
34999  2.781  -45.520  55.826 0.0000000000
35915  1.793  -44.527  55.440 0.0000000000
37573  1.561  -42.032  55.529 0.0000000000
36746  1.687  -43.382  55.468 0.0000000000
36747  1.180  -43.692  55.165 0.0000000000
47639  27.378  -31.850  42.343 0.0000000000
48575  26.340  -31.013  42.830 0.0000000000
46578  26.709  -32.209  42.483 0.0000000000
45645  25.919  -32.879  43.376 0.0000000000
45627  25.752  -33.131  44.320 0.0000000000
45599  25.691  -33.552  45.877 0.0000000000
47609  23.793  -31.630  44.254 0.0000000000
46534  24.264  -32.286  45.151 0.0000000000
46520  25.107  -33.334  46.678 0.0000000000
50309  20.097  -28.154  46.348 0.0000000000
48535  21.162  -30.025  45.930 0.0000000000
133960  21.539  -30.548  46.371 0.0000000000
46499  20.946  -32.708  47.619 0.0000000000
46510  21.111  -31.912  47.300 0.0000000000
48510  21.966  -30.881  47.783 0.0000000000
122630  36.058  -13.538  29.943 0.0000000000
117114  26.993  -18.787  36.853 0.0000000000
57093  27.129  -20.432  36.253 0.0000000000
56172  28.563  -21.999  35.956 0.0000000000
53548  25.972  -24.148  41.399 0.0000000000
130741  26.281  -24.128  39.711 0.0000000000
54346  26.337  -23.599  39.152 0.0000000000
53574  28.511  -25.232  38.202 0.0000000000
53588  27.206  -24.544  38.026 0.0000000000
54369  26.607  -23.136  37.975 0.0000000000
55230  27.799  -22.832  36.840 0.0000000000
55244  28.964  -22.789  36.386 0.0000000000
55258  29.529  -22.611  35.968 0.0000000000
55227  31.760  -23.112  37.435 0.0000000000
46548  29.629  -32.882  43.802 0.0000000000
46546  31.375  -32.612  44.404 0.0000000000
46545  32.316  -32.472  44.720 0.0000000000
47582  33.420  -32.332  46.032 0.0000000000
47605  33.505  -31.177  44.730 0.0000000000
68377  46.379  -6.805  21.643 0.0000000000
69171  42.331  -5.578  24.666 0.0000000000
68360  43.292  -6.538  23.607 0.0000000000
66756  43.373  -9.268  24.325 0.0000000000
67583  43.401  -8.295  23.919 0.0000000000
123894  43.864  -7.412  23.257 0.0000000000
67589  44.861  -7.869  22.859 0.0000000000
66768  45.979  -9.046  22.812 0.0000000000
65048  36.451  -11.508  28.623 0.0000000000
134212  35.856  -11.609  29.053 0.0000000000
46576  29.012  -32.179  42.474 0.0000000000
45642  28.387  -32.739  42.865 0.0000000000
35900  2.016  -45.501  55.738 0.0000000000
111234  29.759  -21.601  34.352 0.0000000000
114526  29.843  -22.313  35.144 0.0000000000
115900  10.796  -37.488  50.120 0.0000000000
131217  11.380  -38.109  50.114 0.0000000000
41292  10.633  -38.364  50.350 0.0000000000
42190  10.215  -37.623  50.534 0.0000000000
51916  22.624  -26.480  47.411 0.0000000000
51925  21.729  -26.790  46.140 0.0000000000
51917  21.619  -26.433  47.126 0.0000000000
42182  20.103  -37.597  50.423 0.0000000000
54310  26.327  -23.573  43.249 0.0000000000
43802  16.806  -35.760  47.237 0.0000000000
43791  16.212  -35.283  47.679 0.0000000000
45569  17.203  -34.268  47.562 0.0000000000
43801  17.424  -35.294  46.823 0.0000000000
51172  28.057  -28.086  41.806 0.0000000000
47634  31.940  -30.931  42.557 0.0000000000
48583  31.857  -30.309  41.837 0.0000000000
48572  32.706  -30.469  43.110 0.0000000000
117389  33.069  -30.815  43.940 0.0000000000
68337  38.283  -6.416  28.322 0.0000000000
69151  38.784  -5.938  28.812 0.0000000000
69150  39.627  -5.704  28.523 0.0000000000
69159  39.648  -6.222  27.562 0.0000000000
68345  39.115  -7.214  27.084 0.0000000000
64140  39.117  -12.284  27.491 0.0000000000
64139  39.924  -12.503  27.424 0.0000000000
35890  5.419  -45.152  57.231 0.0000000000
65870  32.535  -10.530  31.680 0.0000000000
61516  32.149  -15.206  32.224 0.0000000000
61515  32.749  -15.192  31.938 0.0000000000
60688  33.762  -16.183  32.100 0.0000000000
60675  32.939  -16.570  32.259 0.0000000000
60659  30.497  -16.336  34.352 0.0000000000
57134  33.285  -20.647  33.046 0.0000000000
58140  34.380  -20.457  33.444 0.0000000000
119098  26.336  -33.913  46.163 0.0000000000
44696  26.920  -34.136  46.622 0.0000000000
44687  26.819  -34.317  47.320 0.0000000000
66718  32.772  -9.601  32.957 0.0000000000
66716  33.925  -8.612  33.078 0.0000000000
66717  33.388  -9.060  32.431 0.0000000000
66721  33.396  -9.356  31.683 0.0000000000
128527  15.288  -38.354  50.778 0.0000000000
42186  14.683  -37.975  50.714 0.0000000000
38461  10.032  -41.100  53.437 0.0000000000
39406  10.421  -40.862  54.372 0.0000000000
38462  9.671  -41.621  54.153 0.0000000000
41269  8.569  -38.849  52.321 0.0000000000
37622  6.872  -41.822  53.189 0.0000000000
36765  7.143  -43.332  54.157 0.0000000000
36766  6.574  -43.749  54.345 0.0000000000
37608  5.893  -42.997  53.321 0.0000000000
38448  2.398  -41.294  55.513 0.0000000000
50334  24.892  -29.119  44.480 0.0000000000
49483  24.753  -30.124  43.043 0.0000000000
47624  24.770  -30.995  42.923 0.0000000000
49484  24.160  -29.535  43.209 0.0000000000
47584  22.567  -30.720  46.173 0.0000000000
48523  22.961  -30.945  47.013 0.0000000000
47572  23.525  -31.317  47.625 0.0000000000
47573  22.597  -30.985  47.801 0.0000000000
47586  19.322  -31.467  46.331 0.0000000000
46523  19.612  -32.417  46.407 0.0000000000
63152  35.534  -14.297  30.692 0.0000000000
63151  36.588  -14.609  30.856 0.0000000000
61512  36.714  -14.860  31.743 0.0000000000
56134  26.063  -21.200  39.445 0.0000000000
57074  26.082  -20.435  38.983 0.0000000000
56152  26.022  -21.238  38.591 0.0000000000
128653  26.045  -21.168  37.954 0.0000000000
56151  26.080  -21.883  38.151 0.0000000000
51992  28.328  -26.699  38.738 0.0000000000
54333  31.678  -23.919  39.812 0.0000000000
54344  31.247  -23.895  39.178 0.0000000000
54356  30.695  -23.866  38.461 0.0000000000
55190  31.903  -23.534  39.683 0.0000000000
70020  44.422  -4.913  23.814 0.0000000000
70026  45.026  -5.068  23.129 0.0000000000
67576  41.466  -8.660  25.442 0.0000000000
66750  42.138  -9.107  25.150 0.0000000000
129713  17.625  -34.077  49.873 0.0000000000
44655  16.661  -33.922  48.815 0.0000000000
44672  17.790  -34.007  49.318 0.0000000000
65046  37.853  -12.006  28.016 0.0000000000
64125  37.583  -12.607  28.643 0.0000000000
64115  37.207  -13.055  29.451 0.0000000000
48598  29.074  -30.377  41.396 0.0000000000
46575  29.880  -32.175  42.553 0.0000000000
46574  30.749  -32.048  42.730 0.0000000000
68339  37.029  -6.981  28.985 0.0000000000
67571  37.600  -7.865  27.636 0.0000000000
66735  36.987  -8.693  27.786 0.0000000000
116483  36.963  -10.932  28.071 0.0000000000
65062  37.688  -10.990  27.675 0.0000000000
65061  38.489  -11.659  27.468 0.0000000000
64986  31.861  -11.158  33.298 0.0000000000
63140  31.450  -13.243  33.341 0.0000000000
64074  31.477  -12.464  33.047 0.0000000000
130074  31.447  -13.755  32.881 0.0000000000
113838  31.737  -13.847  32.339 0.0000000000
62345  31.514  -14.443  32.742 0.0000000000
118059  29.578  -18.838  34.213 0.0000000000
56218  30.658  -21.057  33.384 0.0000000000
56217  31.328  -21.418  33.289 0.0000000000
57135  32.142  -20.808  32.959 0.0000000000
56216  32.112  -21.724  33.464 0.0000000000
56202  33.542  -21.921  34.413 0.0000000000
56203  32.492  -22.181  34.229 0.0000000000
55241  32.084  -22.765  35.991 0.0000000000
119733  32.940  -22.579  37.305 0.0000000000
65859  33.095  -9.861  33.921 0.0000000000
117695  12.710  -37.801  50.150 0.0000000000
41279  12.917  -38.776  51.755 0.0000000000
40375  12.397  -39.389  52.252 0.0000000000
132769  12.270  -39.395  51.471 0.0000000000
39429  11.053  -40.152  51.331 0.0000000000
39430  10.250  -40.423  51.498 0.0000000000
119115  5.652  -39.835  54.674 0.0000000000
128388  5.837  -40.988  53.615 0.0000000000
38463  5.180  -41.256  53.640 0.0000000000
39400  5.224  -40.002  55.089 0.0000000000
38447  3.827  -40.148  55.782 0.0000000000
51117  23.637  -27.287  46.145 0.0000000000
51128  24.032  -27.922  45.568 0.0000000000
51140  23.814  -28.077  44.710 0.0000000000
51151  23.142  -28.072  44.008 0.0000000000
51141  23.201  -27.758  44.481 0.0000000000
50322  21.400  -27.884  45.344 0.0000000000
50338  21.960  -28.336  44.820 0.0000000000
43799  20.355  -35.234  46.962 0.0000000000
56115  26.112  -21.811  40.865 0.0000000000
55191  25.991  -22.671  40.390 0.0000000000
51965  31.869  -26.780  40.982 0.0000000000
52751  32.641  -25.350  41.714 0.0000000000
35902  0.951  -44.336  54.729 0.0000000000
60650  30.849  -15.569  35.569 0.0000000000
59830  29.304  -16.777  35.907 0.0000000000
59844  29.534  -17.286  35.178 0.0000000000
58142  28.564  -19.512  34.885 0.0000000000
42196  17.816  -37.992  49.558 0.0000000000
42206  17.603  -37.866  48.659 0.0000000000
115833  14.701  -34.199  48.292 0.0000000000
44677  13.351  -34.474  48.481 0.0000000000
43793  13.819  -35.175  48.319 0.0000000000
43001  13.522  -35.891  48.729 0.0000000000
42988  13.113  -36.513  49.218 0.0000000000
44658  11.392  -35.080  49.700 0.0000000000
43782  12.126  -35.325  49.275 0.0000000000
43772  10.995  -35.738  49.929 0.0000000000
43767  10.910  -35.138  50.555 0.0000000000
51098  20.314  -26.542  48.340 0.0000000000
51086  19.529  -27.278  48.735 0.0000000000
49410  18.530  -29.743  48.530 0.0000000000
49424  18.756  -29.056  47.971 0.0000000000
49437  18.597  -29.892  47.456 0.0000000000
48526  18.530  -30.558  47.033 0.0000000000
116759  18.270  -33.189  46.851 0.0000000000
45602  18.478  -33.689  46.296 0.0000000000
113886  18.752  -32.758  46.556 0.0000000000
44698  19.269  -34.660  45.960 0.0000000000
43013  18.182  -36.292  46.932 0.0000000000
42215  18.914  -36.506  47.173 0.0000000000
42216  18.229  -36.951  47.491 0.0000000000
42194  19.183  -37.538  48.733 0.0000000000
52753  26.452  -25.514  42.435 0.0000000000
51173  27.676  -27.586  41.203 0.0000000000
51966  27.093  -26.893  41.101 0.0000000000
49505  28.684  -29.415  40.839 0.0000000000
48607  29.714  -30.102  40.683 0.0000000000
49492  31.681  -29.687  41.214 0.0000000000
49513  30.567  -28.982  40.164 0.0000000000
50388  29.994  -28.436  39.459 0.0000000000
50377  31.360  -28.363  40.520 0.0000000000
50368  31.899  -28.735  41.349 0.0000000000
128050  32.985  -29.130  43.634 0.0000000000
69132  38.666  -5.713  30.744 0.0000000000
69997  41.634  -5.467  27.395 0.0000000000
69157  41.030  -5.758  27.349 0.0000000000
68349  40.184  -7.347  26.268 0.0000000000
67574  39.334  -8.255  26.748 0.0000000000
66743  39.156  -9.131  26.885 0.0000000000
66748  39.718  -9.632  26.494 0.0000000000
65904  40.522  -10.072  26.169 0.0000000000
65876  34.191  -10.172  30.243 0.0000000000
65884  34.658  -10.742  29.772 0.0000000000
63166  34.297  -13.084  30.675 0.0000000000
64090  32.113  -12.337  31.771 0.0000000000
64089  32.677  -12.303  31.351 0.0000000000
128455  32.379  -12.885  31.573 0.0000000000
128943  33.134  -14.550  31.555 0.0000000000
63154  33.274  -13.771  31.289 0.0000000000
62356  34.046  -14.432  31.240 0.0000000000
60687  34.623  -15.834  31.945 0.0000000000
112713  35.135  -17.027  32.467 0.0000000000
60666  30.805  -16.430  33.567 0.0000000000
61503  31.208  -15.849  33.141 0.0000000000
116764  31.513  -16.071  32.822 0.0000000000
117086  30.305  -18.711  33.518 0.0000000000
59001  31.514  -18.115  32.772 0.0000000000
59000  32.456  -18.032  32.539 0.0000000000
58999  33.426  -18.208  32.498 0.0000000000
59870  33.128  -17.462  32.363 0.0000000000
45596  28.707  -33.900  46.132 0.0000000000
67548  35.105  -7.685  32.106 0.0000000000
66728  33.882  -9.213  31.136 0.0000000000
67554  34.460  -8.666  30.806 0.0000000000
66727  34.313  -9.367  30.435 0.0000000000
42170  17.257  -38.913  51.113 0.0000000000
42174  13.962  -37.965  51.215 0.0000000000
40349  11.709  -39.773  54.587 0.0000000000
43768  10.434  -35.781  51.087 0.0000000000
42149  9.580  -36.907  53.005 0.0000000000
42161  9.484  -36.994  51.956 0.0000000000
42177  9.377  -37.866  51.495 0.0000000000
40377  8.485  -39.807  51.854 0.0000000000
38488  9.057  -40.827  51.833 0.0000000000
40351  6.772  -39.616  53.734 0.0000000000
37620  7.981  -41.900  53.077 0.0000000000
38470  8.633  -41.718  53.060 0.0000000000
37606  8.181  -42.271  53.500 0.0000000000
37594  8.294  -42.650  54.143 0.0000000000
37585  7.791  -43.251  55.192 0.0000000000
36744  6.643  -44.025  56.265 0.0000000000
35898  5.961  -44.474  55.654 0.0000000000
36745  6.058  -44.582  56.741 0.0000000000
35911  5.200  -44.684  55.115 0.0000000000
37597  4.200  -42.760  53.888 0.0000000000
37598  3.410  -43.180  54.436 0.0000000000
35924  3.800  -44.888  55.138 0.0000000000
34987  4.042  -45.628  56.265 0.0000000000
37588  2.080  -42.971  55.392 0.0000000000
35913  2.996  -44.789  55.250 0.0000000000
35914  2.342  -45.005  55.503 0.0000000000
38449  2.048  -40.952  55.985 0.0000000000
37561  1.575  -40.922  56.175 0.0000000000
131970  1.140  -42.661  55.463 0.0000000000
123016  27.998  -31.483  42.313 0.0000000000
118570  25.445  -31.067  42.783 0.0000000000
47640  26.735  -31.561  42.451 0.0000000000
128553  26.111  -32.481  42.767 0.0000000000
46532  25.170  -32.611  43.608 0.0000000000
46533  25.018  -32.806  44.603 0.0000000000
114367  25.562  -33.297  45.101 0.0000000000
48562  23.224  -29.990  43.700 0.0000000000
128380  23.501  -30.868  43.768 0.0000000000
133996  23.321  -31.120  44.538 0.0000000000
46521  24.456  -32.529  46.363 0.0000000000
46507  25.022  -33.419  47.581 0.0000000000
46508  24.568  -32.616  47.453 0.0000000000
50300  19.618  -27.876  47.128 0.0000000000
119000  19.929  -30.839  46.177 0.0000000000
47574  21.397  -31.102  46.901 0.0000000000
45566  20.711  -33.659  47.195 0.0000000000
45548  21.695  -33.025  49.286 0.0000000000
46498  21.504  -32.234  48.494 0.0000000000
47565  21.713  -31.360  48.070 0.0000000000
64103  35.467  -12.656  29.782 0.0000000000
58932  27.305  -17.999  37.316 0.0000000000
58104  26.756  -18.898  37.741 0.0000000000
56174  26.722  -20.917  36.876 0.0000000000
56192  27.811  -21.091  35.877 0.0000000000
56173  27.835  -21.986  36.423 0.0000000000
114202  26.134  -24.908  41.834 0.0000000000
134590  26.138  -24.293  42.051 0.0000000000
52775  26.147  -25.169  40.813 0.0000000000
52790  26.653  -25.172  39.078 0.0000000000
116923  26.297  -24.857  39.821 0.0000000000
53575  26.513  -24.444  39.155 0.0000000000
52787  29.438  -25.508  38.534 0.0000000000
54359  27.044  -23.865  37.794 0.0000000000
54368  27.073  -23.037  37.375 0.0000000000
54367  27.920  -23.718  37.197 0.0000000000
55229  28.742  -23.402  36.787 0.0000000000
122394  29.593  -23.237  36.727 0.0000000000
55243  30.413  -23.115  36.683 0.0000000000
118347  31.087  -23.264  37.443 0.0000000000
56150  32.311  -22.947  38.718 0.0000000000
45609  30.011  -33.248  44.677 0.0000000000
46530  31.579  -33.012  45.317 0.0000000000
47592  33.832  -31.507  45.584 0.0000000000
48541  33.900  -30.539  45.315 0.0000000000
69177  45.501  -6.143  22.185 0.0000000000
69188  45.927  -6.024  21.774 0.0000000000
68378  45.779  -6.768  22.049 0.0000000000
116585  46.171  -7.523  22.026 0.0000000000
69162  41.765  -5.516  26.107 0.0000000000
68357  42.036  -6.758  24.598 0.0000000000
68356  42.627  -6.643  24.098 0.0000000000
69170  42.926  -5.837  24.049 0.0000000000
123850  43.120  -7.340  23.799 0.0000000000
66760  43.994  -9.068  23.896 0.0000000000
67582  44.351  -8.485  23.448 0.0000000000
67581  45.271  -8.778  23.166 0.0000000000
47638  28.742  -31.401  42.213 0.0000000000
67557  35.476  -7.967  30.015 0.0000000000
67556  36.157  -7.263  29.880 0.0000000000
67565  35.916  -8.238  29.178 0.0000000000
66736  36.423  -8.469  28.445 0.0000000000
124978  36.553  -9.387  28.133 0.0000000000
64987  31.707  -11.858  33.495 0.0000000000
64974  32.143  -12.116  34.248 0.0000000000
57124  29.659  -20.550  33.992 0.0000000000
56205  30.628  -21.706  33.837 0.0000000000
112469  11.760  -37.492  49.827 0.0000000000
40397  10.884  -39.161  50.519 0.0000000000
39387  5.181  -39.699  55.871 0.0000000000
51931  22.951  -26.934  45.855 0.0000000000
51130  22.679  -27.317  45.093 0.0000000000
127314  22.347  -26.929  45.776 0.0000000000
51131  21.877  -27.224  45.408 0.0000000000
42998  19.871  -36.876  48.234 0.0000000000
42997  20.577  -36.599  48.735 0.0000000000
42986  20.054  -37.195  48.975 0.0000000000
130088  26.000  -23.294  41.581 0.0000000000
123768  32.751  -27.020  43.135 0.0000000000
51949  32.501  -26.657  42.471 0.0000000000
58943  28.775  -17.002  36.328 0.0000000000
59816  28.928  -16.607  37.295 0.0000000000
58116  27.468  -18.248  36.353 0.0000000000
130616  17.588  -36.662  47.264 0.0000000000
42217  17.337  -37.341  47.815 0.0000000000
43014  16.872  -36.569  47.404 0.0000000000
45571  14.297  -33.614  48.453 0.0000000000
45551  14.311  -32.903  49.052 0.0000000000
45572  13.539  -33.522  48.577 0.0000000000
45573  12.850  -33.988  48.755 0.0000000000
44678  12.717  -34.798  48.868 0.0000000000
45567  18.111  -33.647  49.168 0.0000000000
46500  18.357  -32.776  48.419 0.0000000000
45589  17.697  -33.795  46.982 0.0000000000
45603  17.931  -34.268  46.438 0.0000000000
44700  17.854  -34.852  46.453 0.0000000000
51952  27.187  -26.933  42.769 0.0000000000
51158  27.642  -27.420  42.287 0.0000000000
133554  28.086  -28.090  40.998 0.0000000000
47650  30.814  -31.033  41.595 0.0000000000
48595  31.257  -30.415  41.255 0.0000000000
49491  32.142  -29.480  42.033 0.0000000000
49480  33.266  -29.314  44.185 0.0000000000
69140  39.323  -5.591  29.372 0.0000000000
69158  40.353  -6.038  27.398 0.0000000000
68344  39.886  -6.798  26.876 0.0000000000
65900  38.450  -10.533  27.214 0.0000000000
65899  39.121  -10.054  26.929 0.0000000000
128507  39.090  -11.011  27.037 0.0000000000
65073  40.545  -11.994  26.921 0.0000000000
64153  41.173  -12.344  26.855 0.0000000000
65877  33.662  -10.572  30.674 0.0000000000
65027  33.009  -11.737  31.095 0.0000000000
121480  32.077  -13.932  31.968 0.0000000000
63155  32.486  -13.613  31.614 0.0000000000
61514  33.674  -15.325  31.716 0.0000000000
59869  34.448  -17.409  32.397 0.0000000000
61480  31.174  -15.053  34.554 0.0000000000
59864  30.788  -17.050  33.334 0.0000000000
58155  31.565  -19.774  32.901 0.0000000000
58990  33.981  -18.869  32.759 0.0000000000
44703  27.024  -33.996  45.768 0.0000000000
44695  27.519  -34.073  46.353 0.0000000000
66713  34.067  -8.931  34.064 0.0000000000
67542  34.486  -8.165  32.625 0.0000000000
67550  33.785  -8.921  31.790 0.0000000000
42185  16.003  -38.425  50.495 0.0000000000
126560  16.427  -38.923  50.919 0.0000000000
42171  15.625  -38.972  51.153 0.0000000000
39405  11.105  -40.260  54.061 0.0000000000
127801  10.521  -40.723  55.296 0.0000000000
38445  9.000  -42.324  55.809 0.0000000000
128999  9.077  -37.221  53.168 0.0000000000
41268  9.038  -38.394  51.976 0.0000000000
39423  7.062  -41.250  53.078 0.0000000000
37621  7.390  -42.156  53.259 0.0000000000
37607  7.486  -42.748  53.687 0.0000000000
36754  7.251  -43.572  54.857 0.0000000000
37586  3.426  -41.861  54.389 0.0000000000
46562  25.452  -32.288  42.897 0.0000000000
47594  23.006  -30.820  45.319 0.0000000000
47583  23.270  -31.137  46.166 0.0000000000
46509  24.113  -31.799  47.055 0.0000000000
49449  19.500  -29.660  46.501 0.0000000000
44653  21.459  -34.148  49.260 0.0000000000
63164  35.873  -14.035  30.254 0.0000000000
58085  26.331  -19.526  39.473 0.0000000000
58095  26.249  -19.721  38.340 0.0000000000
132628  26.438  -19.696  37.597 0.0000000000
57081  26.261  -20.474  37.583 0.0000000000
55231  27.055  -22.019  36.997 0.0000000000
51980  26.988  -26.565  40.335 0.0000000000
52789  27.011  -25.801  38.973 0.0000000000
53557  31.483  -24.904  40.001 0.0000000000
53572  30.265  -24.969  38.891 0.0000000000
54345  30.306  -24.369  38.594 0.0000000000
54366  29.062  -24.092  37.292 0.0000000000
55221  30.099  -23.870  37.755 0.0000000000
55220  31.044  -23.480  38.156 0.0000000000
55219  31.805  -23.274  38.667 0.0000000000
45594  30.446  -33.790  46.241 0.0000000000
45608  30.678  -33.399  45.402 0.0000000000
46519  31.978  -33.245  46.219 0.0000000000
69178  45.015  -5.941  22.556 0.0000000000
125050  45.274  -6.620  22.370 0.0000000000
68352  41.584  -7.118  24.990 0.0000000000
67579  42.705  -8.691  24.595 0.0000000000
66758  45.661  -9.707  23.296 0.0000000000
65915  45.662  -10.518  23.655 0.0000000000
44674  16.587  -34.491  47.953 0.0000000000
46489  18.470  -33.000  49.555 0.0000000000
63187  38.824  -13.417  28.881 0.0000000000
63177  38.499  -13.540  29.676 0.0000000000
50369  28.280  -29.060  41.793 0.0000000000
125380  28.690  -29.874  41.481 0.0000000000
48597  29.617  -30.496  41.167 0.0000000000
47651  30.014  -31.057  41.541 0.0000000000
47635  31.247  -31.507  42.197 0.0000000000
69134  37.116  -6.221  31.225 0.0000000000
69143  37.256  -6.274  30.366 0.0000000000
68332  36.769  -6.730  29.715 0.0000000000
68346  38.263  -7.091  27.598 0.0000000000
35891  4.624  -45.542  57.647 0.0000000000
65865  32.271  -10.257  32.468 0.0000000000
65871  31.929  -11.015  32.141 0.0000000000
65866  31.887  -10.834  32.811 0.0000000000
64080  31.697  -12.404  32.320 0.0000000000
58156  30.643  -19.680  33.207 0.0000000000
57137  30.306  -20.426  33.470 0.0000000000
57121  33.763  -21.232  33.654 0.0000000000
56186  33.750  -22.176  35.463 0.0000000000
56169  34.103  -22.093  36.313 0.0000000000
45586  25.538  -33.955  47.321 0.0000000000
45585  26.199  -34.344  47.913 0.0000000000
40376  11.722  -39.843  52.685 0.0000000000
120313  11.701  -39.855  51.773 0.0000000000
39413  10.436  -40.736  52.826 0.0000000000
38468  9.776  -41.062  52.607 0.0000000000
38446  4.694  -40.143  55.444 0.0000000000
50321  24.471  -28.504  45.037 0.0000000000
50335  24.247  -28.613  44.112 0.0000000000
50348  23.950  -28.859  43.503 0.0000000000
50349  23.322  -28.628  43.638 0.0000000000
49472  22.897  -29.144  43.734 0.0000000000
50337  22.389  -28.158  44.414 0.0000000000
49473  22.318  -28.822  44.346 0.0000000000
48563  22.566  -29.684  44.304 0.0000000000
111935  21.939  -30.257  46.075 0.0000000000
117108  19.700  -33.964  46.060 0.0000000000
44688  20.363  -34.309  46.563 0.0000000000
44671  20.746  -34.593  47.251 0.0000000000
129733  20.920  -35.906  48.494 0.0000000000
43780  21.224  -35.159  48.803 0.0000000000
61513  36.050  -15.280  32.066 0.0000000000
51182  30.429  -27.612  39.421 0.0000000000
51990  29.897  -27.074  38.808 0.0000000000
51979  30.778  -26.655  39.517 0.0000000000
51978  31.479  -26.294  40.309 0.0000000000
52774  31.070  -25.676  39.796 0.0000000000
51950  32.330  -26.145  41.616 0.0000000000
52773  31.745  -25.452  40.453 0.0000000000
53547  32.159  -24.748  40.635 0.0000000000
128644  31.870  -24.229  40.232 0.0000000000
69174  43.649  -5.564  23.730 0.0000000000
116151  42.218  -10.047  25.472 0.0000000000
61473  31.336  -15.193  35.290 0.0000000000
60651  30.266  -16.076  35.165 0.0000000000
58975  29.286  -18.156  34.877 0.0000000000
58976  29.060  -18.943  34.712 0.0000000000
42183  19.153  -37.930  50.412 0.0000000000
113578  16.704  -37.692  48.590 0.0000000000
42197  16.324  -37.914  49.557 0.0000000000
43792  15.467  -35.493  47.900 0.0000000000
116991  15.102  -36.174  48.071 0.0000000000
42989  12.315  -36.248  49.340 0.0000000000
124625  11.810  -36.696  49.572 0.0000000000
51906  20.580  -26.604  47.361 0.0000000000
51108  19.769  -27.066  47.683 0.0000000000
50301  19.191  -28.482  47.523 0.0000000000
50288  19.059  -28.230  48.431 0.0000000000
48525  18.858  -30.152  46.750 0.0000000000
47587  18.766  -30.935  46.630 0.0000000000
130621  19.118  -32.308  46.384 0.0000000000
47575  18.439  -31.288  47.077 0.0000000000
114769  19.208  -33.235  46.201 0.0000000000
43800  19.905  -35.873  47.120 0.0000000000
43022  18.842  -35.899  46.607 0.0000000000
43021  19.393  -36.057  46.958 0.0000000000
43012  19.632  -36.463  47.480 0.0000000000
52762  26.392  -25.665  41.586 0.0000000000
51193  28.166  -27.498  39.288 0.0000000000
51191  29.645  -27.847  39.005 0.0000000000
50380  28.745  -28.985  40.121 0.0000000000
49514  30.081  -29.722  40.344 0.0000000000
51171  31.809  -27.734  41.108 0.0000000000
50356  32.345  -28.632  42.343 0.0000000000
51156  32.428  -27.661  42.665 0.0000000000
69996  42.109  -5.333  27.078 0.0000000000
66752  41.032  -9.267  25.819 0.0000000000
65883  35.174  -10.086  29.147 0.0000000000
116207  35.340  -11.151  29.294 0.0000000000
65024  35.018  -11.805  29.754 0.0000000000
119008  34.094  -10.926  30.290 0.0000000000
64104  34.792  -12.616  30.189 0.0000000000
65009  32.400  -11.510  31.563 0.0000000000
64106  33.384  -12.369  30.953 0.0000000000
63167  33.622  -13.069  31.014 0.0000000000
62355  35.007  -14.653  31.159 0.0000000000
60672  36.392  -16.599  32.973 0.0000000000
120356  35.108  -16.399  32.219 0.0000000000
60673  35.701  -16.522  32.531 0.0000000000
62323  31.183  -14.799  33.900 0.0000000000
61502  31.653  -15.308  32.654 0.0000000000
59002  31.148  -17.374  32.939 0.0000000000
60677  31.613  -16.639  32.758 0.0000000000
60676  32.173  -16.574  32.498 0.0000000000
113813  33.800  -17.663  32.381 0.0000000000
58989  34.825  -18.627  33.038 0.0000000000
58988  35.504  -18.380  33.466 0.0000000000
45643  27.676  -33.032  43.135 0.0000000000
45624  28.249  -33.252  43.640 0.0000000000
123530  28.942  -33.672  45.323 0.0000000000
45597  27.945  -33.885  45.648 0.0000000000
67553  35.003  -7.793  30.950 0.0000000000
114705  16.203  -39.264  51.565 0.0000000000
42173  14.382  -38.258  51.358 0.0000000000
41293  9.841  -38.320  50.808 0.0000000000
40390  9.703  -39.353  51.038 0.0000000000
118398  9.796  -40.043  51.186 0.0000000000
130786  9.569  -40.470  51.551 0.0000000000
39431  9.640  -40.821  51.958 0.0000000000
40378  7.951  -40.344  52.277 0.0000000000
39422  7.484  -40.872  52.746 0.0000000000
133992  9.243  -42.006  54.411 0.0000000000
37584  8.336  -42.813  55.012 0.0000000000
114128  8.405  -42.750  56.709 0.0000000000
35922  5.131  -44.217  54.270 0.0000000000
34979  4.700  -45.521  56.623 0.0000000000
38434  2.643  -40.187  56.722 0.0000000000
52743  26.937  -25.759  44.083 0.0000000000
45644  26.827  -32.907  43.114 0.0000000000
45626  26.573  -33.350  44.096 0.0000000000
47625  23.994  -30.320  43.224 0.0000000000
45600  25.042  -32.969  45.629 0.0000000000
131002  25.760  -33.840  46.593 0.0000000000
51118  20.931  -26.880  46.452 0.0000000000
51119  20.713  -27.643  46.028 0.0000000000
50323  20.753  -28.458  45.749 0.0000000000
49448  20.175  -29.063  46.157 0.0000000000
49447  20.929  -29.301  45.759 0.0000000000
46511  20.334  -32.709  46.741 0.0000000000
62344  37.503  -14.770  32.191 0.0000000000
120719  27.699  -17.422  37.892 0.0000000000
58117  27.181  -19.354  36.190 0.0000000000
57110  27.526  -20.063  35.727 0.0000000000
56191  28.438  -21.233  35.329 0.0000000000
54319  26.160  -23.624  42.275 0.0000000000
54327  25.941  -23.412  40.836 0.0000000000
53559  26.089  -24.214  40.416 0.0000000000
54334  26.127  -23.471  40.000 0.0000000000
55206  26.078  -22.748  39.491 0.0000000000
55222  26.247  -22.762  38.539 0.0000000000
51991  29.267  -26.464  38.557 0.0000000000
117071  28.630  -25.949  38.473 0.0000000000
52800  27.269  -25.223  38.339 0.0000000000
53573  29.570  -24.866  38.386 0.0000000000
53587  27.987  -24.835  37.871 0.0000000000
53589  26.705  -24.115  38.548 0.0000000000
54360  26.539  -23.520  38.428 0.0000000000
55232  26.466  -22.427  37.707 0.0000000000
55257  30.487  -22.760  35.836 0.0000000000
55242  31.309  -22.998  36.614 0.0000000000
56159  32.447  -22.816  37.918 0.0000000000
45623  28.901  -32.986  43.477 0.0000000000
46531  30.824  -32.982  44.803 0.0000000000
46547  30.478  -32.692  44.114 0.0000000000
46559  31.050  -32.281  43.576 0.0000000000
47607  31.935  -32.038  43.903 0.0000000000
47606  32.874  -31.780  44.208 0.0000000000
46518  32.809  -32.915  46.561 0.0000000000
47593  33.167  -32.081  45.122 0.0000000000
48556  33.503  -30.063  44.553 0.0000000000
69166  41.535  -5.919  25.068 0.0000000000
70015  43.207  -4.822  25.584 0.0000000000
70021  43.298  -5.128  24.620 0.0000000000
66757  42.797  -9.585  24.883 0.0000000000
68359  43.880  -6.403  23.167 0.0000000000
67588  45.835  -8.255  22.522 0.0000000000
42195  18.345  -37.896  48.892 0.0000000000
43807  18.838  -35.260  46.167 0.0000000000
47623  25.259  -31.613  42.783 0.0000000000
51142  22.754  -27.806  44.388 0.0000000000
55245  28.378  -22.620  36.475 0.0000000000
131926  29.458  -33.469  44.944 0.0000000000
132204  21.959  -28.805  44.840 0.0000000000
