#!ascii label  , from subject bert vox2ras=TkReg
757
66373  23.310  -10.167  -20.885 0.2500000000
66357  23.619  -10.901  -20.814 0.7500000000
118504  23.358  -7.388  -21.393 0.2500000000
68004  23.206  -8.166  -21.188 0.1250000000
68015  23.498  -7.694  -21.894 0.3750000000
125796  23.098  -8.910  -21.023 0.2500000000
67205  22.895  -9.577  -20.489 0.2500000000
66372  24.051  -10.393  -21.604 0.7500000000
65525  24.347  -11.359  -21.426 0.8750000000
65524  25.099  -11.801  -21.961 0.8750000000
68003  23.566  -8.673  -21.808 0.3750000000
67215  24.084  -9.540  -22.129 0.8750000000
67216  23.431  -9.538  -21.296 0.7500000000
66388  25.660  -10.735  -23.095 1.0000000000
66389  24.768  -10.212  -22.581 1.0000000000
64641  25.913  -12.093  -22.368 1.0000000000
133412  23.528  -7.007  -21.910 0.2500000000
68014  24.153  -8.015  -22.611 0.8750000000
120464  24.228  -8.878  -22.519 0.8750000000
120438  25.371  -9.948  -23.214 1.0000000000
67229  24.789  -9.429  -22.846 1.0000000000
66387  26.663  -10.799  -23.482 1.0000000000
114650  26.310  -11.503  -22.985 1.0000000000
65539  25.559  -11.445  -22.574 1.0000000000
68769  23.406  -7.082  -21.340 0.1250000000
68028  24.957  -7.867  -23.360 1.0000000000
68013  24.872  -8.635  -23.091 1.0000000000
67227  27.104  -9.932  -23.749 1.0000000000
113393  26.214  -9.913  -23.680 1.0000000000
67228  25.538  -9.233  -23.440 1.0000000000
65536  28.200  -11.160  -22.561 1.0000000000
65538  27.057  -11.643  -23.170 1.0000000000
72005  23.006  -3.685  -22.389 0.2500000000
68779  23.489  -6.786  -21.646 0.2500000000
69600  23.598  -6.255  -22.310 0.3750000000
69608  24.430  -6.832  -23.539 1.0000000000
69609  23.998  -6.301  -23.272 0.6250000000
68787  24.424  -7.405  -23.160 1.0000000000
68798  25.628  -7.504  -23.988 1.0000000000
134033  26.731  -9.487  -23.875 1.0000000000
68026  26.213  -8.131  -23.968 1.0000000000
67226  27.523  -9.263  -23.392 1.0000000000
66386  27.490  -10.808  -23.202 1.0000000000
67225  28.219  -9.379  -22.630 1.0000000000
66385  28.356  -10.266  -22.656 1.0000000000
72013  23.451  -3.744  -23.486 0.5000000000
71278  23.401  -4.548  -22.845 0.3750000000
70457  23.501  -5.366  -22.591 0.5000000000
70466  23.684  -5.239  -23.475 0.5000000000
70465  23.976  -5.745  -23.878 0.8750000000
69619  24.431  -6.235  -24.158 1.0000000000
70475  24.389  -5.547  -24.595 1.0000000000
112438  25.071  -6.763  -24.224 1.0000000000
120888  27.046  -7.705  -23.615 1.0000000000
68797  26.370  -7.385  -24.068 1.0000000000
68011  27.797  -8.560  -22.771 1.0000000000
72743  23.130  -2.827  -23.011 0.5000000000
71285  23.702  -4.581  -23.999 0.5000000000
72025  23.895  -3.817  -24.474 0.6250000000
71295  24.271  -4.710  -24.872 1.0000000000
70476  23.949  -5.208  -24.261 0.7500000000
70473  25.441  -5.338  -25.034 1.0000000000
70456  27.453  -5.777  -23.158 1.0000000000
70463  26.736  -5.733  -23.955 1.0000000000
69617  26.247  -6.402  -24.455 1.0000000000
68786  27.461  -7.168  -22.856 1.0000000000
69606  28.077  -6.675  -22.220 0.8750000000
68002  28.514  -8.539  -21.977 0.8750000000
112117  23.563  -2.877  -24.035 0.5000000000
72035  24.076  -2.929  -24.659 0.8750000000
72022  25.422  -3.824  -24.906 1.0000000000
71294  25.024  -4.485  -25.285 1.0000000000
71284  26.461  -4.846  -24.113 1.0000000000
69625  25.737  -6.003  -24.766 1.0000000000
131032  26.734  -4.045  -23.135 1.0000000000
69607  27.639  -6.398  -22.869 1.0000000000
71283  27.065  -5.009  -23.252 1.0000000000
70455  28.031  -5.847  -22.353 1.0000000000
72756  23.184  -1.841  -23.489 0.5000000000
72770  23.717  -1.981  -24.499 0.8750000000
73553  25.514  -1.424  -24.665 1.0000000000
72023  25.034  -2.969  -24.751 1.0000000000
72034  24.521  -2.950  -24.791 1.0000000000
72742  26.650  -2.430  -23.006 1.0000000000
72003  27.256  -3.444  -22.474 1.0000000000
72004  26.840  -3.128  -22.856 1.0000000000
71271  28.080  -4.311  -21.728 1.0000000000
70454  28.388  -5.174  -21.703 0.8750000000
76734  23.810  2.782  -24.495 1.0000000000
75952  22.912  2.335  -23.926 0.3750000000
75957  24.003  2.064  -24.821 0.8750000000
124422  25.454  0.000  -24.348 1.0000000000
73540  26.870  -1.726  -22.551 1.0000000000
125301  26.147  -1.060  -23.537 1.0000000000
77442  23.579  3.987  -23.227 0.8750000000
76729  24.219  3.070  -24.123 1.0000000000
75956  24.688  1.897  -24.611 1.0000000000
76728  25.008  2.633  -23.920 1.0000000000
75077  25.774  0.734  -23.667 1.0000000000
123895  26.492  -0.968  -22.872 1.0000000000
75070  26.375  0.602  -22.979 1.0000000000
74290  26.970  -0.928  -22.165 1.0000000000
78178  23.475  4.692  -22.923 0.7500000000
77447  24.740  3.423  -23.423 1.0000000000
76723  25.876  2.477  -23.217 1.0000000000
124533  26.520  1.322  -22.629 1.0000000000
75945  26.268  1.892  -23.014 1.0000000000
78182  25.291  3.844  -22.891 1.0000000000
77446  25.570  3.159  -23.150 1.0000000000
76717  26.473  2.446  -22.610 1.0000000000
113513  24.501  10.162  -19.852 0.1250000000
82338  24.880  10.897  -19.603 0.1250000000
111183  25.727  9.853  -20.871 0.2500000000
82337  25.236  10.408  -20.312 0.1250000000
81719  26.680  9.950  -20.935 0.3750000000
82336  26.090  10.636  -20.544 0.2500000000
114351  28.183  10.468  -20.665 0.3750000000
114027  26.473  11.290  -20.043 0.2500000000
82335  27.170  10.673  -20.468 0.2500000000
82953  27.200  11.503  -20.114 0.2500000000
113792  28.781  11.148  -20.547 0.2500000000
82952  27.895  11.329  -20.445 0.2500000000
82951  29.703  10.990  -20.563 0.3750000000
127764  29.362  11.821  -20.622 0.2500000000
128245  22.786  -9.984  -19.703 0.1250000000
67990  22.888  -8.727  -20.623 0.1250000000
64639  27.559  -12.393  -22.611 1.0000000000
72024  24.459  -3.809  -24.989 0.8750000000
122781  26.375  -3.120  -23.531 1.0000000000
66351  23.019  -10.739  -19.561 0.1250000000
65508  23.918  -11.772  -20.666 0.6250000000
64629  24.639  -12.210  -21.242 0.7500000000
68768  23.172  -7.813  -21.000 0.1250000000
63698  24.999  -13.070  -21.060 1.0000000000
67196  22.681  -9.444  -19.936 0.1250000000
64640  26.767  -12.277  -22.661 1.0000000000
69601  23.520  -6.367  -21.730 0.3750000000
121133  23.252  -4.765  -22.088 0.2500000000
131676  28.688  -9.762  -22.370 0.8750000000
68778  28.944  -7.671  -21.487 0.8750000000
67214  28.945  -9.320  -21.949 0.8750000000
69599  28.602  -6.970  -21.672 0.8750000000
75946  22.788  1.899  -23.249 0.1250000000
75071  22.767  0.729  -22.527 0.1250000000
73575  23.784  -1.337  -25.010 0.6250000000
71272  27.461  -4.128  -22.340 1.0000000000
70448  28.691  -6.100  -21.528 0.8750000000
77450  22.925  2.971  -23.996 0.5000000000
77455  23.679  3.232  -24.109 0.8750000000
75951  22.957  1.417  -23.512 0.3750000000
75087  23.922  1.041  -24.580 0.8750000000
74273  27.554  -0.846  -21.583 1.0000000000
74274  27.008  -0.141  -21.800 1.0000000000
78183  24.513  4.127  -23.140 1.0000000000
75061  26.682  0.619  -22.147 1.0000000000
116340  24.261  4.869  -23.148 0.8750000000
78176  25.238  4.686  -22.959 1.0000000000
78175  26.099  3.661  -22.659 1.0000000000
132636  26.664  1.917  -22.436 1.0000000000
82328  24.344  10.659  -19.157 0.1250000000
81721  23.949  9.356  -20.017 0.1250000000
112320  25.472  8.472  -21.728 0.6250000000
127722  26.284  9.374  -21.268 0.6250000000
81044  27.961  9.088  -21.217 0.5000000000
81717  28.504  9.660  -20.831 0.5000000000
82954  26.188  11.663  -19.517 0.2500000000
82334  29.100  10.290  -20.601 0.5000000000
118451  27.566  12.258  -20.322 0.1250000000
118661  28.452  12.086  -20.550 0.2500000000
83570  29.992  12.389  -20.823 0.2500000000
82958  30.741  11.985  -20.900 0.2500000000
66358  23.070  -10.432  -20.245 0.1250000000
65509  23.328  -11.272  -20.099 0.5000000000
65540  24.882  -11.017  -22.251 1.0000000000
68788  23.877  -7.054  -22.645 0.8750000000
68027  25.637  -8.401  -23.663 1.0000000000
65537  27.626  -11.650  -22.853 1.0000000000
69620  23.744  -5.790  -23.108 0.5000000000
68799  24.915  -7.285  -23.683 1.0000000000
126407  27.749  -9.940  -23.200 1.0000000000
67239  27.017  -9.098  -23.875 1.0000000000
67240  26.348  -8.959  -23.890 1.0000000000
68025  26.773  -8.321  -23.932 1.0000000000
68012  27.276  -8.504  -23.545 1.0000000000
69626  25.092  -5.991  -24.733 1.0000000000
70474  24.822  -5.238  -25.058 1.0000000000
69618  25.729  -6.680  -24.483 1.0000000000
130854  27.486  -7.926  -22.996 1.0000000000
68785  28.061  -7.643  -22.212 0.8750000000
69616  26.958  -6.664  -23.604 1.0000000000
70464  26.114  -5.550  -24.726 1.0000000000
72768  25.664  -2.928  -24.242 1.0000000000
133132  24.879  -3.668  -25.102 1.0000000000
72012  26.150  -3.918  -24.300 1.0000000000
71293  25.836  -4.670  -24.943 1.0000000000
71277  27.649  -4.987  -22.413 1.0000000000
72780  24.145  -1.910  -24.913 0.7500000000
72779  24.686  -2.092  -24.810 1.0000000000
72769  25.248  -2.152  -24.647 1.0000000000
73563  25.041  -1.367  -25.156 1.0000000000
72755  25.671  -2.052  -24.227 1.0000000000
74317  25.289  -0.742  -25.032 1.0000000000
74305  25.783  -0.836  -24.256 1.0000000000
73552  25.939  -1.559  -23.934 1.0000000000
72741  27.313  -2.591  -22.304 1.0000000000
73541  26.382  -1.680  -23.249 1.0000000000
72754  26.132  -2.298  -23.700 1.0000000000
75959  23.402  2.600  -24.406 0.7500000000
75958  23.419  1.806  -24.307 0.7500000000
74329  24.663  -0.786  -25.361 1.0000000000
75086  24.773  0.015  -24.922 1.0000000000
75078  25.086  0.954  -24.412 1.0000000000
74304  26.111  -0.238  -23.452 1.0000000000
78177  23.918  4.317  -23.263 0.8750000000
75949  26.156  1.267  -23.233 1.0000000000
74291  26.569  -0.175  -22.513 1.0000000000
75950  25.566  1.719  -23.764 1.0000000000
77441  26.183  2.963  -22.810 1.0000000000
128781  25.718  4.196  -22.737 1.0000000000
81720  24.744  9.486  -20.655 0.1250000000
111756  25.609  11.177  -20.029 0.2500000000
81728  25.489  9.120  -21.307 0.5000000000
81718  27.625  9.843  -20.946 0.5000000000
81727  27.080  9.262  -21.363 0.7500000000
134195  30.124  11.635  -20.684 0.2500000000
127973  22.893  -10.304  -19.302 0.1250000000
64628  25.444  -12.581  -21.727 1.0000000000
75079  22.780  0.619  -23.133 0.5000000000
73564  23.427  -1.108  -24.330 0.6250000000
73574  23.973  -1.190  -25.320 0.8750000000
74318  23.557  -0.442  -24.407 0.7500000000
75096  24.196  -0.367  -25.208 0.8750000000
75088  23.393  0.737  -23.879 0.7500000000
124411  23.444  0.024  -23.937 0.8750000000
75097  23.840  0.056  -24.631 1.0000000000
120496  24.451  1.074  -24.681 1.0000000000
112841  26.161  4.538  -22.494 1.0000000000
77435  26.671  3.065  -22.283 1.0000000000
81045  23.925  8.899  -20.798 0.3750000000
81056  26.386  8.630  -21.587 0.7500000000
82950  30.718  11.016  -20.824 0.3750000000
61151  24.763  -16.526  -19.907 0.7500000000
60343  26.881  -17.235  -20.622 0.7500000000
61152  24.080  -16.144  -19.472 0.7500000000
62011  24.608  -15.644  -19.919 0.7500000000
61160  26.446  -16.876  -20.789 0.7500000000
61162  25.356  -16.059  -20.366 0.7500000000
62026  25.169  -15.183  -20.427 0.7500000000
61159  27.173  -16.678  -20.934 0.7500000000
62024  26.659  -15.980  -21.148 0.7500000000
62025  25.877  -15.576  -20.860 0.7500000000
63685  24.480  -13.662  -20.437 0.7500000000
64614  24.221  -12.660  -20.537 0.6250000000
62792  25.671  -14.746  -20.971 0.7500000000
63684  25.372  -13.934  -21.001 0.8750000000
62023  27.584  -15.933  -21.281 0.7500000000
62035  26.374  -15.068  -21.398 0.7500000000
62804  26.153  -14.243  -21.467 0.8750000000
63697  25.843  -13.418  -21.533 0.8750000000
62791  27.925  -15.199  -21.665 0.7500000000
62803  26.845  -14.514  -21.879 0.7500000000
63696  26.638  -13.714  -21.952 0.8750000000
64627  26.319  -12.870  -22.053 0.8750000000
63694  28.297  -13.590  -22.166 0.7500000000
63695  27.451  -13.928  -22.192 0.8750000000
63706  27.119  -13.065  -22.266 0.8750000000
64624  29.128  -13.072  -22.054 0.8750000000
64625  28.327  -12.780  -22.355 0.8750000000
122760  28.276  -11.985  -22.534 0.8750000000
65507  30.794  -11.937  -21.358 0.3750000000
65521  30.304  -11.502  -21.796 0.6250000000
65523  28.935  -11.476  -22.302 0.7500000000
65520  31.024  -11.143  -21.314 0.5000000000
122005  29.941  -10.186  -21.708 0.7500000000
119340  29.197  -10.089  -22.124 0.7500000000
66356  32.175  -10.059  -21.259 0.1250000000
66368  31.290  -10.357  -21.278 0.3750000000
67212  30.612  -9.758  -21.345 0.6250000000
67213  29.731  -9.481  -21.548 0.6250000000
67204  32.960  -9.648  -21.268 0.1250000000
67999  31.081  -8.977  -21.259 0.1250000000
122349  31.686  -8.356  -21.408 0.1250000000
68001  29.511  -8.542  -21.363 0.6250000000
68777  29.845  -7.515  -21.035 0.6250000000
67998  32.583  -8.637  -21.552 0.1250000000
119625  32.460  -7.772  -21.647 0.1250000000
68767  30.752  -7.240  -20.951 0.1250000000
69588  30.127  -6.626  -20.723 0.5000000000
69598  29.282  -6.799  -21.138 0.6250000000
67989  33.418  -8.879  -21.522 0.1250000000
70438  30.438  -5.800  -20.560 0.5000000000
70439  29.534  -5.932  -20.842 0.6250000000
120732  29.082  -5.319  -21.193 0.7500000000
79625  23.190  6.126  -22.478 0.5000000000
78892  23.766  5.508  -22.880 0.7500000000
71270  28.981  -4.414  -21.248 0.6250000000
128020  28.511  -3.717  -21.429 0.6250000000
71999  27.856  -3.372  -21.816 0.8750000000
71260  29.742  -3.977  -20.738 0.5000000000
71997  29.145  -3.510  -21.110 0.6250000000
71998  28.557  -2.988  -21.321 0.6250000000
79624  24.165  6.296  -22.737 0.7500000000
72732  27.948  -2.398  -21.553 0.8750000000
75060  27.239  0.602  -21.535 0.8750000000
75940  26.894  1.393  -21.932 0.8750000000
123703  27.608  -0.133  -21.374 0.8750000000
75939  27.590  1.349  -21.377 0.8750000000
71987  30.416  -3.464  -20.580 0.3750000000
71988  29.712  -3.260  -20.764 0.5000000000
72730  29.259  -2.757  -20.938 0.5000000000
73523  28.076  -1.521  -21.286 0.6250000000
72716  30.092  -2.616  -20.586 0.3750000000
72717  29.400  -1.981  -20.704 0.5000000000
79615  24.579  7.119  -22.473 0.6250000000
79614  25.632  7.068  -22.315 0.7500000000
78891  24.761  5.538  -22.962 0.8750000000
79623  25.208  6.272  -22.659 0.7500000000
78890  25.685  5.423  -22.660 0.8750000000
77434  27.384  3.185  -21.808 0.7500000000
114923  27.894  2.705  -21.509 0.8750000000
74272  28.153  -0.644  -21.049 0.6250000000
75059  28.039  0.374  -20.959 0.7500000000
73506  29.608  -1.180  -20.484 0.5000000000
75938  28.285  1.235  -20.815 0.7500000000
80361  23.920  7.800  -21.896 0.6250000000
79622  26.091  6.155  -22.298 0.8750000000
78887  26.476  5.327  -22.154 0.8750000000
120070  26.999  4.587  -21.904 0.8750000000
124509  26.801  5.994  -21.861 0.7500000000
125088  27.595  3.914  -21.652 0.8750000000
76708  28.549  2.573  -20.879 0.7500000000
75050  28.727  0.560  -20.468 0.5000000000
74258  30.602  -0.148  -20.186 0.2500000000
75049  29.613  0.385  -20.186 0.5000000000
74260  28.930  -0.349  -20.504 0.5000000000
121647  30.863  -2.078  -20.414 0.2500000000
80360  25.016  7.927  -22.137 0.5000000000
80359  26.015  7.819  -21.909 0.6250000000
79613  26.623  6.887  -21.763 0.7500000000
123439  27.425  7.169  -21.452 0.7500000000
79612  27.597  6.324  -21.432 0.7500000000
78885  28.154  5.495  -21.229 0.7500000000
78886  27.297  5.382  -21.664 0.7500000000
80350  28.440  7.244  -21.166 0.7500000000
78168  27.848  4.685  -21.443 0.7500000000
78167  28.410  4.040  -21.172 0.7500000000
124519  28.685  4.815  -20.982 0.7500000000
76700  29.371  2.703  -20.243 0.5000000000
77422  29.847  3.483  -20.123 0.3750000000
77429  28.900  3.397  -20.690 0.6250000000
75048  30.564  0.726  -20.158 0.2500000000
112373  29.798  1.290  -20.074 0.3750000000
75918  29.941  2.058  -19.989 0.3750000000
81055  27.403  8.493  -21.480 0.6250000000
80358  26.918  7.784  -21.611 0.7500000000
79605  28.539  6.235  -21.074 0.7500000000
79604  29.499  6.510  -20.751 0.7500000000
78878  29.830  5.604  -20.620 0.6250000000
77428  30.731  3.856  -20.117 0.3750000000
78158  30.067  4.372  -20.337 0.3750000000
115543  31.448  1.065  -20.415 0.1250000000
75916  31.378  2.539  -20.243 0.1250000000
75917  30.689  2.286  -19.985 0.2500000000
81054  28.242  8.280  -21.250 0.7500000000
123412  30.187  5.014  -20.503 0.3750000000
122661  30.215  6.042  -20.576 0.3750000000
78879  29.032  5.602  -20.871 0.7500000000
117021  31.457  4.075  -20.339 0.2500000000
123887  29.515  4.933  -20.668 0.6250000000
76714  32.485  2.256  -21.290 0.1250000000
76707  32.006  2.835  -20.777 0.1250000000
81043  28.779  8.890  -20.947 0.6250000000
120779  29.892  8.072  -20.686 0.3750000000
118410  29.056  8.122  -20.953 0.3750000000
80348  30.283  7.275  -20.610 0.3750000000
79611  32.545  6.224  -20.888 0.2500000000
120329  30.885  6.062  -20.531 0.3750000000
79603  30.368  6.538  -20.581 0.3750000000
119902  33.090  3.959  -21.257 0.1250000000
78156  31.912  4.671  -20.450 0.3750000000
78157  30.919  4.701  -20.324 0.3750000000
75935  32.825  1.729  -21.846 0.1250000000
77426  32.235  3.818  -20.707 0.1250000000
82333  30.093  10.084  -20.660 0.3750000000
81042  29.589  8.763  -20.768 0.3750000000
81041  30.488  8.751  -20.714 0.3750000000
80346  32.053  7.659  -20.803 0.3750000000
81040  31.443  8.367  -20.764 0.3750000000
124795  30.654  8.007  -20.623 0.3750000000
124909  32.690  7.046  -21.131 0.3750000000
115672  31.727  6.137  -20.544 0.3750000000
80347  31.232  7.506  -20.629 0.3750000000
78174  34.005  4.891  -22.931 0.1250000000
78884  33.048  5.469  -21.101 0.1250000000
77431  33.373  3.293  -21.880 0.1250000000
81726  31.899  9.762  -21.189 0.2500000000
81725  32.601  9.369  -21.496 0.2500000000
81715  31.284  9.246  -20.866 0.3750000000
125608  30.595  9.485  -20.768 0.3750000000
81064  33.636  8.373  -22.243 0.1250000000
81039  32.234  8.304  -21.012 0.3750000000
80355  33.333  7.325  -21.635 0.1250000000
80356  32.749  7.848  -21.272 0.2500000000
78897  33.874  5.936  -23.081 0.1250000000
79610  33.350  6.368  -21.528 0.1250000000
82332  31.063  10.052  -20.937 0.3750000000
82341  32.393  10.154  -21.650 0.2500000000
81734  33.456  9.188  -22.570 0.1250000000
120443  33.298  9.691  -23.260 0.1250000000
81075  33.712  8.448  -22.995 0.1250000000
81743  33.503  9.049  -23.345 0.1250000000
78901  33.367  6.014  -24.075 0.1250000000
80377  33.350  7.537  -24.259 0.1250000000
82370  32.954  10.094  -23.932 0.1250000000
81096  33.146  8.130  -24.759 0.1250000000
81751  32.887  9.733  -24.742 0.1250000000
80386  32.585  6.796  -25.529 0.1250000000
132051  33.059  6.048  -24.648 0.1250000000
120706  29.075  -12.271  -22.275 0.6250000000
116380  29.801  -4.979  -20.619 0.6250000000
127694  30.115  -1.797  -20.482 0.3750000000
77433  28.149  3.307  -21.372 0.7500000000
75929  28.975  1.203  -20.335 0.5000000000
75928  29.160  1.940  -20.332 0.5000000000
75937  28.580  1.809  -20.739 0.7500000000
78889  33.928  5.459  -22.389 0.1250000000
81724  33.226  8.919  -21.830 0.2500000000
81086  33.414  8.440  -23.933 0.1250000000
79641  33.151  6.676  -24.667 0.1250000000
68000  30.282  -8.979  -21.290 0.5000000000
79620  33.901  7.008  -22.669 0.1250000000
72715  31.099  -2.904  -20.507 0.1250000000
59528  25.576  -17.780  -19.538 0.7500000000
60335  24.781  -17.213  -19.614 0.7500000000
62012  23.811  -15.259  -19.476 0.7500000000
59527  26.565  -18.121  -19.516 0.7500000000
61161  25.609  -16.959  -20.263 0.7500000000
61149  27.520  -17.064  -20.245 0.7500000000
63686  23.836  -13.092  -20.039 0.6250000000
62779  24.336  -14.642  -20.010 0.7500000000
61158  27.990  -16.401  -20.729 0.6250000000
62022  28.413  -15.726  -21.144 0.7500000000
62790  28.733  -14.910  -21.397 0.6250000000
62800  29.088  -13.990  -21.637 0.6250000000
64612  30.634  -12.767  -21.210 0.3750000000
64623  29.992  -12.393  -21.902 0.5000000000
65506  31.466  -11.509  -20.876 0.1250000000
115141  31.829  -10.778  -21.014 0.1250000000
129373  32.732  -10.427  -20.884 0.1250000000
66355  33.418  -10.206  -20.506 0.1250000000
67997  33.260  -7.924  -21.860 0.1250000000
69597  32.321  -7.059  -21.647 0.1250000000
130999  31.581  -6.955  -21.113 0.1250000000
70437  31.520  -5.637  -20.641 0.1250000000
123804  30.838  -5.097  -20.472 0.2500000000
71259  30.646  -4.304  -20.500 0.2500000000
74257  31.565  -0.605  -20.487 0.1250000000
114325  31.272  0.260  -20.313 0.1250000000
75058  32.196  0.928  -20.796 0.1250000000
126438  24.499  8.633  -21.434 0.3750000000
75936  32.498  1.257  -21.260 0.1250000000
76722  33.161  2.355  -22.247 0.1250000000
78181  33.716  4.231  -23.541 0.1250000000
122383  33.336  3.760  -24.104 0.1250000000
114368  31.805  11.310  -21.722 0.2500000000
129154  32.556  10.890  -22.985 0.1250000000
82976  32.329  11.457  -23.389 0.1250000000
81757  33.058  8.880  -24.778 0.1250000000
80385  32.956  7.490  -25.126 0.1250000000
78907  32.416  5.372  -25.621 0.1250000000
133980  32.447  7.498  -25.766 0.1250000000
123478  23.187  4.167  -23.059 0.3750000000
76716  27.163  2.294  -21.870 0.8750000000
66371  28.848  -10.779  -22.299 0.7500000000
73524  27.438  -1.680  -21.866 0.8750000000
78169  26.797  3.813  -22.105 0.8750000000
81716  29.343  9.483  -20.702 0.3750000000
82957  31.308  11.587  -21.265 0.1250000000
129988  24.223  -16.832  -19.506 0.7500000000
61150  26.373  -17.436  -20.216 0.7500000000
60334  27.003  -17.626  -20.125 0.7500000000
129604  26.004  -16.365  -20.752 0.7500000000
130273  25.010  -14.432  -20.567 0.7500000000
62034  27.135  -15.259  -21.639 0.7500000000
62801  28.147  -14.417  -21.936 0.7500000000
64626  27.745  -13.174  -22.322 0.8750000000
65522  29.655  -11.749  -22.145 0.6250000000
66370  29.643  -10.926  -22.015 0.7500000000
66369  30.484  -10.665  -21.584 0.5000000000
67211  31.571  -9.603  -21.341 0.2500000000
67210  32.367  -9.360  -21.408 0.1250000000
67203  33.658  -9.579  -21.005 0.1250000000
134274  31.859  -8.991  -21.400 0.1250000000
120046  30.630  -8.182  -21.182 0.5000000000
68776  31.551  -7.626  -21.327 0.1250000000
124590  31.097  -6.440  -20.725 0.1250000000
72731  28.651  -2.171  -21.071 0.6250000000
76715  28.027  2.017  -21.243 0.7500000000
73507  28.782  -1.319  -20.795 0.5000000000
74259  29.875  -0.489  -20.283 0.3750000000
73505  30.618  -1.131  -20.328 0.2500000000
80357  27.705  7.799  -21.439 0.7500000000
78159  29.236  4.177  -20.642 0.6250000000
76699  30.098  2.725  -19.914 0.3750000000
75927  30.632  1.531  -20.102 0.1250000000
80349  29.420  7.456  -20.816 0.3750000000
77427  31.435  3.362  -20.295 0.3750000000
121667  31.264  1.853  -20.243 0.1250000000
75926  31.946  1.833  -20.698 0.1250000000
78876  31.415  5.415  -20.444 0.3750000000
79602  31.061  6.745  -20.579 0.3750000000
78155  32.746  4.678  -20.820 0.2500000000
77432  32.702  3.143  -21.287 0.1250000000
76713  32.948  2.583  -21.712 0.1250000000
78875  32.308  5.430  -20.605 0.2500000000
124610  33.623  4.099  -21.812 0.1250000000
78166  33.389  4.738  -21.407 0.1250000000
122445  30.024  9.304  -20.707 0.3750000000
81053  32.740  8.605  -21.374 0.3750000000
79601  31.927  6.908  -20.623 0.3750000000
77440  33.811  3.906  -22.578 0.1250000000
122330  33.641  5.165  -23.803 0.1250000000
78883  33.625  5.500  -21.740 0.1250000000
79621  33.896  6.206  -22.176 0.1250000000
121783  33.427  2.992  -22.614 0.1250000000
82956  32.199  10.810  -21.825 0.2500000000
82342  31.667  10.684  -21.329 0.2500000000
82340  32.960  9.674  -22.052 0.2500000000
81063  33.811  7.832  -22.640 0.1250000000
79633  33.599  6.815  -23.664 0.1250000000
82351  32.653  10.459  -22.347 0.1250000000
82359  32.956  10.343  -23.134 0.1250000000
78906  33.110  5.408  -24.742 0.1250000000
80369  33.699  7.687  -23.344 0.1250000000
82986  32.359  11.423  -24.287 0.1250000000
60327  24.680  -17.817  -19.020 0.7500000000
119368  23.624  -16.679  -19.126 0.7500000000
61137  24.049  -17.280  -19.167 0.7500000000
62793  23.726  -13.818  -19.840 0.5000000000
63683  29.933  -13.994  -21.225 0.5000000000
69587  32.224  -6.239  -21.257 0.1250000000
69596  32.900  -6.425  -22.224 0.1250000000
78185  33.318  4.501  -24.396 0.1250000000
61138  23.422  -17.140  -18.666 0.7500000000
62768  23.001  -14.818  -18.961 0.5000000000
114683  25.903  -19.199  -18.640 0.6250000000
59513  26.489  -18.739  -18.910 0.6250000000
59525  28.027  -18.308  -19.248 0.3750000000
59526  27.391  -17.976  -19.520 0.6250000000
60325  29.597  -17.803  -19.100 0.2500000000
60333  28.103  -17.541  -19.562 0.3750000000
64613  29.906  -13.309  -21.540 0.3750000000
79616  23.461  6.978  -22.270 0.3750000000
81057  23.381  8.311  -21.224 0.2500000000
59514  25.939  -18.430  -19.078 0.6250000000
61148  28.452  -16.771  -19.894 0.5000000000
62021  29.213  -15.395  -20.776 0.3750000000
59511  28.251  -18.912  -18.823 0.5000000000
59512  27.321  -18.699  -18.982 0.6250000000
58655  25.419  -19.974  -18.198 0.6250000000
61998  22.631  -15.541  -18.451 0.3750000000
61139  22.970  -16.404  -18.587 0.3750000000
58656  25.164  -19.140  -18.445 0.6250000000
121985  25.287  -18.460  -18.835 0.6250000000
59515  23.984  -17.770  -18.563 0.6250000000
58640  28.650  -20.059  -17.790 0.3750000000
58653  27.715  -19.566  -18.583 0.5000000000
121983  22.479  -14.770  -18.319 0.2500000000
58651  29.085  -19.397  -18.131 0.3750000000
61136  29.972  -17.156  -19.326 0.2500000000
59510  29.491  -18.403  -18.578 0.2500000000
130107  23.527  -12.243  -19.879 0.3750000000
61147  29.424  -16.589  -19.746 0.2500000000
62009  29.647  -15.778  -20.001 0.3750000000
62778  30.007  -15.066  -20.389 0.2500000000
62788  30.361  -14.330  -20.719 0.2500000000
63682  30.576  -13.601  -20.987 0.2500000000
72744  22.658  -2.002  -22.518 0.2500000000
63681  31.203  -13.075  -20.567 0.2500000000
123055  22.862  0.094  -23.270 0.3750000000
73554  22.995  -0.989  -23.328 0.2500000000
77449  23.263  3.455  -23.703 0.2500000000
133293  23.112  -4.317  -22.151 0.1250000000
70449  23.434  -5.485  -22.004 0.2500000000
74306  23.178  -0.475  -23.632 0.3750000000
61997  23.329  -15.816  -19.011 0.5000000000
62780  23.583  -14.474  -19.490 0.3750000000
125162  23.166  -13.867  -19.156 0.3750000000
62789  29.589  -14.646  -21.071 0.2500000000
58654  26.831  -19.438  -18.654 0.6250000000
60326  28.847  -18.232  -19.131 0.2500000000
120246  28.924  -18.936  -18.578 0.2500000000
60332  29.142  -17.376  -19.488 0.3750000000
62010  28.848  -16.104  -20.361 0.3750000000
58652  28.482  -19.579  -18.390 0.5000000000
59496  24.523  -18.586  -18.406 0.6250000000
58641  27.991  -20.256  -18.214 0.3750000000
57753  27.242  -20.225  -18.382 0.5000000000
61146  30.239  -16.316  -19.489 0.2500000000
70443  23.590  -5.622  -20.812 0.1250000000
58643  24.020  -19.211  -17.747 0.5000000000
57743  27.528  -20.715  -18.068 0.2500000000
56720  26.449  -21.265  -17.550 0.3750000000
57744  25.997  -20.727  -17.943 0.5000000000
58633  23.469  -19.392  -16.936 0.3750000000
59498  23.287  -18.334  -17.257 0.5000000000
59497  23.871  -18.284  -17.988 0.5000000000
60315  23.401  -17.595  -17.949 0.3750000000
58620  21.860  -19.586  -15.119 0.1250000000
58634  22.949  -19.732  -16.257 0.3750000000
61124  22.350  -16.687  -17.422 0.2500000000
55736  22.786  -22.005  -15.123 0.1250000000
116100  22.473  -20.024  -15.590 0.2500000000
56716  23.747  -21.120  -16.457 0.3750000000
56719  27.273  -21.112  -17.619 0.2500000000
56714  25.100  -21.795  -17.080 0.3750000000
56722  24.807  -21.104  -17.416 0.5000000000
56708  22.032  -20.890  -14.759 0.1250000000
57729  23.129  -20.556  -15.980 0.3750000000
57738  24.149  -20.761  -17.149 0.3750000000
114767  21.484  -18.099  -15.509 0.1250000000
60307  21.940  -17.059  -16.706 0.1250000000
61123  22.836  -16.886  -18.024 0.3750000000
122863  26.374  -20.126  -18.376 0.3750000000
58642  24.743  -19.436  -18.117 0.5000000000
113711  22.385  -16.164  -17.939 0.2500000000
116678  27.962  -20.695  -17.689 0.2500000000
57747  23.951  -19.999  -17.312 0.5000000000
57746  24.597  -20.197  -17.698 0.5000000000
57754  26.840  -20.783  -18.079 0.3750000000
57745  25.281  -20.683  -17.772 0.3750000000
56721  25.601  -21.277  -17.490 0.3750000000
57739  23.616  -20.260  -16.660 0.3750000000
121006  22.688  -18.854  -16.526 0.2500000000
59488  22.355  -17.932  -16.647 0.1250000000
60316  22.726  -17.366  -17.304 0.1250000000
57731  22.037  -20.302  -15.074 0.1250000000
58619  22.265  -19.220  -15.789 0.2500000000
59475  21.649  -18.747  -15.312 0.1250000000
58601  21.489  -19.115  -14.700 0.1250000000
56686  22.147  -21.602  -14.568 0.1250000000
56707  22.480  -21.374  -15.161 0.1250000000
115931  26.008  -21.876  -16.961 0.2500000000
59474  22.012  -18.398  -15.958 0.1250000000
59489  21.737  -17.642  -16.051 0.1250000000
55741  23.926  -21.991  -16.252 0.2500000000
55740  24.662  -22.269  -16.565 0.2500000000
63671  23.356  -13.067  -19.428 0.2500000000
56713  26.935  -21.644  -17.022 0.2500000000
56706  23.185  -21.461  -15.693 0.1250000000
56715  24.386  -21.551  -16.879 0.2500000000
64591  22.841  -13.182  -18.836 0.1250000000
78179  22.977  4.741  -22.511 0.1250000000
78893  22.965  5.358  -22.528 0.1250000000
78894  22.643  5.214  -22.040 0.1250000000
79618  22.598  5.977  -21.588 0.1250000000
80362  22.931  7.515  -21.581 0.1250000000
79626  22.745  5.835  -22.105 0.1250000000
78871  22.596  6.053  -21.262 0.1250000000
79606  22.581  6.914  -21.163 0.1250000000
130779  22.724  7.884  -20.874 0.1250000000
78171  22.967  4.357  -22.356 0.1250000000
80339  23.249  7.738  -18.810 0.1250000000
116446  22.811  3.155  -23.383 0.1250000000
77438  22.838  3.226  -22.786 0.1250000000
73555  22.587  -1.198  -22.616 0.1250000000
61989  22.164  -15.289  -17.749 0.1250000000
63660  22.640  -13.573  -18.496 0.1250000000
75080  22.520  0.107  -22.366 0.1250000000
76720  22.879  2.112  -22.789 0.1250000000
78170  23.133  3.804  -22.382 0.1250000000
78162  22.758  4.823  -21.856 0.1250000000
78870  23.017  5.660  -19.888 0.1250000000
79588  23.225  6.859  -18.616 0.1250000000
80331  23.113  7.677  -17.609 0.1250000000
81033  23.525  8.818  -19.958 0.1250000000
76730  22.761  2.653  -23.585 0.1250000000
65496  23.127  -11.582  -19.409 0.1250000000
79617  22.777  6.601  -21.893 0.1250000000
63659  22.679  -14.033  -18.560 0.1250000000
111951  22.296  -14.431  -18.053 0.1250000000
74307  22.574  -0.488  -22.634 0.1250000000
64598  23.028  -12.398  -19.146 0.1250000000
64592  22.849  -12.771  -18.876 0.1250000000
134336  22.450  -12.418  -17.467 0.1250000000
78880  22.588  5.469  -21.584 0.1250000000
79597  22.602  6.805  -20.916 0.1250000000
80351  22.945  8.122  -20.428 0.1250000000
115279  22.681  7.454  -20.759 0.1250000000
81030  22.810  8.390  -17.813 0.1250000000
58632  29.068  -20.028  -17.074 0.1250000000
59487  29.966  -19.131  -17.065 0.1250000000
59495  29.593  -18.874  -17.864 0.1250000000
59509  29.931  -18.188  -17.998 0.1250000000
60324  30.128  -17.588  -18.587 0.1250000000
61995  31.489  -15.383  -18.610 0.1250000000
62007  31.199  -15.073  -19.340 0.1250000000
62008  30.460  -15.458  -19.688 0.1250000000
62767  31.768  -14.600  -18.843 0.1250000000
63658  32.027  -13.819  -19.069 0.1250000000
62776  31.437  -14.235  -19.574 0.1250000000
129914  26.709  -22.196  -16.515 0.1250000000
56705  27.394  -21.957  -16.304 0.1250000000
56712  27.758  -21.165  -16.823 0.1250000000
57737  28.490  -20.509  -16.965 0.1250000000
58630  30.356  -19.382  -16.277 0.1250000000
58631  29.662  -19.732  -16.686 0.1250000000
59494  30.240  -18.436  -17.348 0.1250000000
60306  30.868  -17.968  -16.916 0.1250000000
61122  30.696  -16.891  -17.984 0.1250000000
61134  31.111  -16.132  -18.305 0.1250000000
61133  31.718  -15.658  -17.782 0.1250000000
62766  32.376  -14.183  -18.362 0.1250000000
64597  31.775  -12.468  -20.176 0.1250000000
64596  32.235  -12.563  -19.556 0.1250000000
63668  32.257  -13.175  -19.205 0.1250000000
64611  31.275  -12.262  -20.761 0.1250000000
58639  29.332  -19.562  -17.487 0.1250000000
63670  31.082  -13.915  -20.356 0.1250000000
60314  30.457  -17.688  -17.633 0.1250000000
62777  30.711  -14.628  -19.982 0.1250000000
56711  28.550  -20.994  -16.169 0.1250000000
57736  29.264  -20.385  -16.267 0.1250000000
61135  30.562  -16.716  -18.913 0.1250000000
61996  30.915  -15.896  -19.120 0.1250000000
61994  32.089  -14.933  -18.077 0.1250000000
63669  31.724  -13.320  -19.788 0.1250000000
55731  27.043  -22.664  -15.813 0.1250000000
56704  28.049  -21.577  -16.013 0.1250000000
59486  30.628  -18.702  -16.602 0.1250000000
64590  32.595  -12.698  -18.879 0.1250000000
55739  25.342  -22.305  -16.655 0.2500000000
57730  22.516  -20.788  -15.408 0.1250000000
62802  27.474  -14.682  -21.956 0.7500000000
73573  24.399  -1.297  -25.274 0.8750000000
74330  24.132  -0.881  -25.440 0.8750000000
74331  23.791  -0.780  -25.097 0.8750000000
76698  30.700  3.055  -19.908 0.3750000000
77448  23.946  3.710  -23.635 1.0000000000
77456  23.369  3.064  -24.232 1.0000000000
78165  33.808  4.762  -22.116 0.1250000000
78877  30.572  5.473  -20.494 0.3750000000
79642  32.735  6.073  -25.182 0.1250000000
80366  33.716  7.606  -22.100 0.1250000000
81052  33.328  8.136  -21.703 0.1250000000
81714  32.095  8.976  -21.016 0.2500000000
81750  33.248  9.338  -24.010 0.1250000000
82350  33.145  9.902  -22.643 0.1250000000
82360  32.610  10.795  -23.733 0.1250000000
122931  33.768  6.911  -21.964 0.1250000000
129108  24.226  0.344  -24.854 1.0000000000
132319  32.871  -9.149  -21.484 0.1250000000
132498  27.233  -4.556  -22.744 1.0000000000
133019  33.225  -9.977  -20.938 0.1250000000
133202  29.270  -18.916  -18.307 0.3750000000
133519  24.288  2.501  -24.554 1.0000000000
134209  27.477  -17.495  -19.812 0.7500000000
