#!ascii label  , from subject bert vox2ras=TkReg
881
10965  38.005  -76.632  -11.812 0.3000000119
117115  33.930  -68.264  -11.801 0.6000000238
20581  32.527  -63.123  -10.293 0.6999999881
20566  32.211  -63.871  -9.744 0.6999999881
10964  38.896  -76.500  -12.378 0.4000000060
13649  36.172  -72.759  -14.735 0.4000000060
11646  38.394  -74.947  -12.602 0.5000000000
133654  37.590  -75.248  -12.011 0.5000000000
17372  34.328  -67.519  -12.438 0.6999999881
134797  33.550  -66.726  -11.181 0.6999999881
18127  34.110  -66.684  -11.932 0.5000000000
19745  33.568  -64.549  -11.219 0.6000000238
19746  33.082  -63.904  -10.564 0.6000000238
21465  32.629  -62.435  -10.886 0.6999999881
21454  32.128  -62.408  -10.165 0.6999999881
11651  39.114  -75.078  -13.490 0.5000000000
12987  36.969  -73.335  -14.868 0.4000000060
11634  38.976  -75.606  -12.893 0.6000000238
14378  35.227  -72.111  -14.397 0.4000000060
14367  34.805  -71.259  -13.943 0.5000000000
12352  38.966  -74.663  -13.363 0.6000000238
15162  34.511  -70.585  -13.443 0.6000000238
16668  34.632  -68.976  -13.338 0.6000000238
12353  38.427  -73.985  -12.966 0.6000000238
17386  34.725  -68.001  -13.287 0.6000000238
18927  33.873  -65.249  -11.701 0.6000000238
115117  33.139  -63.820  -11.845 0.6000000238
22396  31.726  -62.012  -13.261 0.6999999881
20580  32.782  -63.140  -11.335 0.6999999881
22382  32.441  -61.713  -12.072 0.6999999881
112437  32.596  -61.877  -11.303 0.6999999881
22375  32.129  -60.937  -10.612 0.6999999881
112544  32.186  -61.199  -12.850 0.6999999881
23349  32.518  -60.345  -12.253 0.6999999881
24252  32.602  -59.458  -11.779 0.6999999881
120546  32.352  -59.758  -13.216 0.6999999881
10991  38.971  -75.799  -13.969 0.5000000000
12360  38.120  -74.551  -14.510 0.5000000000
128173  37.088  -74.597  -14.515 0.5000000000
14375  35.859  -71.221  -14.646 0.4000000060
12355  39.207  -74.410  -13.819 0.5000000000
15161  35.217  -70.463  -14.229 0.5000000000
15959  34.820  -69.760  -13.734 0.6000000238
112829  38.370  -73.193  -13.045 0.6000000238
12976  39.054  -73.007  -13.838 0.5000000000
14374  39.209  -71.781  -14.292 0.5000000000
18141  34.230  -66.663  -12.826 0.6999999881
18926  34.137  -65.966  -12.189 0.6000000238
20602  32.514  -64.002  -13.157 0.6000000238
19756  33.495  -64.567  -12.242 0.6000000238
21485  31.566  -62.831  -13.476 0.6000000238
20593  32.168  -63.285  -12.701 0.6000000238
121406  31.753  -61.431  -13.953 0.6000000238
23339  32.533  -60.047  -10.938 0.6999999881
111839  32.170  -59.985  -14.192 0.6000000238
24251  32.416  -58.881  -12.790 0.6999999881
25098  32.620  -58.630  -11.459 0.6999999881
24261  31.996  -59.117  -14.059 0.6999999881
111092  36.704  -71.972  -14.823 0.4000000060
12359  39.064  -74.306  -14.267 0.5000000000
12986  38.288  -73.187  -14.869 0.4000000060
15165  36.402  -70.395  -14.729 0.5000000000
119171  34.947  -69.108  -14.060 0.6000000238
129795  38.557  -73.859  -14.635 0.4000000060
12979  39.148  -73.219  -14.210 0.4000000060
13647  38.507  -72.498  -14.849 0.4000000060
14373  38.931  -71.993  -14.567 0.4000000060
118625  38.554  -71.244  -14.710 0.4000000060
116162  34.498  -67.235  -13.301 0.6999999881
18941  33.944  -65.904  -13.229 0.6000000238
128758  33.122  -64.725  -13.182 0.6000000238
116604  31.730  -62.256  -14.103 0.6000000238
20603  31.805  -63.366  -13.655 0.6000000238
23377  31.898  -60.891  -14.201 0.6000000238
24238  32.472  -59.058  -10.863 0.6999999881
25107  32.337  -58.226  -12.977 0.6999999881
25108  31.926  -58.456  -13.954 0.6000000238
13648  37.538  -72.609  -14.964 0.4000000060
117257  37.270  -71.243  -14.795 0.4000000060
16676  34.942  -68.437  -13.973 0.6999999881
15164  37.785  -70.667  -14.731 0.4000000060
17395  34.775  -67.470  -14.031 0.8000000119
118834  39.122  -71.026  -14.419 0.5000000000
18942  33.437  -65.111  -13.593 0.6000000238
20612  31.837  -63.099  -14.259 0.5000000000
19769  32.132  -63.720  -14.022 0.6000000238
25086  32.466  -58.251  -10.834 0.6999999881
24278  32.352  -58.910  -14.872 0.6000000238
25916  32.730  -57.632  -12.299 0.8000000119
134032  33.013  -56.910  -11.987 0.8000000119
24274  31.982  -59.080  -14.616 0.6000000238
25120  31.827  -58.546  -14.557 0.6000000238
15962  36.407  -69.488  -14.675 0.5000000000
16675  35.433  -68.911  -14.337 0.6000000238
124377  37.497  -70.051  -14.788 0.5000000000
16679  38.763  -68.558  -15.150 0.6999999881
15163  38.749  -70.289  -14.796 0.4000000060
18949  33.897  -65.584  -13.998 0.6999999881
18950  33.316  -64.746  -14.244 0.6999999881
21500  32.184  -62.416  -14.513 0.6000000238
19777  32.693  -64.015  -14.374 0.6000000238
22414  32.390  -61.493  -14.515 0.6000000238
26735  32.937  -56.412  -11.394 0.6000000238
23376  32.216  -60.737  -14.368 0.6000000238
130745  32.722  -56.996  -13.056 0.6999999881
25126  31.838  -58.294  -15.010 0.6999999881
25942  31.770  -57.424  -15.145 0.6999999881
25934  31.909  -57.025  -14.502 0.6999999881
16680  37.352  -68.242  -14.990 0.5000000000
112933  36.244  -67.895  -14.660 0.6000000238
17394  35.455  -68.093  -14.314 0.6000000238
119253  38.204  -67.579  -15.233 0.6999999881
17399  34.801  -66.678  -14.357 0.6999999881
17401  39.032  -66.857  -15.422 0.6999999881
16678  39.633  -68.619  -14.958 0.6999999881
18153  34.495  -65.941  -14.411 0.6999999881
18954  34.044  -65.140  -14.572 0.6999999881
21508  32.438  -63.305  -14.506 0.5000000000
18955  33.496  -64.342  -14.598 0.6000000238
26737  31.944  -56.136  -10.518 0.5000000000
23375  32.920  -60.666  -14.472 0.6000000238
27552  33.139  -55.637  -11.529 0.6000000238
27540  32.850  -54.986  -11.021 0.5000000000
24277  33.165  -59.061  -14.773 0.6000000238
26756  32.715  -56.142  -13.600 0.6000000238
27561  33.407  -55.482  -12.551 0.5000000000
28396  33.712  -54.606  -12.659 0.5000000000
25119  33.915  -58.453  -14.787 0.6999999881
25125  32.781  -58.361  -15.146 0.6999999881
26771  33.350  -56.737  -15.850 0.6999999881
26767  32.029  -56.748  -15.241 0.6999999881
28410  33.715  -54.669  -15.100 0.5000000000
27582  33.351  -55.627  -16.068 0.6000000238
17398  35.606  -67.151  -14.570 0.6000000238
17397  36.849  -67.325  -15.004 0.6999999881
18151  36.383  -66.426  -15.020 0.6000000238
18155  38.609  -65.937  -15.492 0.6999999881
18152  35.286  -66.206  -14.741 0.6999999881
20618  33.338  -63.786  -14.643 0.6999999881
126860  34.357  -64.870  -14.843 0.6999999881
21507  33.181  -63.010  -14.530 0.6000000238
27541  32.199  -55.170  -10.631 0.4000000060
21499  32.977  -62.192  -14.420 0.5000000000
118968  33.616  -54.169  -11.869 0.4000000060
121328  34.054  -59.056  -14.392 0.6000000238
27572  33.201  -55.200  -14.067 0.5000000000
28395  33.850  -54.207  -13.830 0.5000000000
27577  33.051  -55.476  -15.448 0.5000000000
25940  33.675  -57.686  -15.324 0.6000000238
26776  34.441  -56.143  -16.013 0.6999999881
26777  33.657  -55.899  -16.195 0.6000000238
27580  34.461  -55.465  -16.029 0.5000000000
18156  37.253  -65.724  -15.350 0.6000000238
18952  35.911  -65.583  -15.106 0.6999999881
18957  38.117  -65.054  -15.469 0.6999999881
20623  37.159  -63.854  -15.402 0.6999999881
116358  35.284  -64.914  -15.094 0.6000000238
123119  34.421  -64.362  -14.809 0.6000000238
23360  34.156  -60.767  -13.663 0.6000000238
133597  34.074  -62.045  -13.903 0.5000000000
22413  33.433  -61.441  -14.170 0.6000000238
25118  34.779  -58.494  -13.862 0.6000000238
24272  33.737  -59.807  -14.252 0.6000000238
29247  34.107  -53.414  -13.819 0.5000000000
30169  34.084  -52.833  -13.161 0.4000000060
25933  34.657  -57.769  -14.698 0.6000000238
29263  34.729  -52.772  -14.729 0.4000000060
26770  35.136  -56.189  -15.459 0.6000000238
27576  35.142  -55.442  -15.774 0.5000000000
18958  36.749  -64.803  -15.369 0.6999999881
19779  35.784  -64.194  -15.033 0.6000000238
130588  34.649  -63.620  -14.579 0.6000000238
20622  38.281  -63.596  -15.587 0.6999999881
24260  35.016  -59.944  -13.105 0.6000000238
22395  34.667  -61.464  -13.387 0.6000000238
24271  34.589  -59.279  -13.701 0.6000000238
25932  35.227  -57.541  -13.710 0.6000000238
25939  34.638  -56.955  -15.339 0.6000000238
21505  36.966  -62.778  -14.856 0.6999999881
21498  36.368  -62.439  -13.874 0.6999999881
130989  35.227  -62.194  -13.559 0.6000000238
23359  35.238  -60.823  -12.731 0.5000000000
24250  35.692  -59.434  -12.233 0.6000000238
25922  35.475  -58.155  -12.800 0.6000000238
26755  35.580  -56.998  -13.157 0.6000000238
27571  35.607  -55.506  -15.033 0.5000000000
15153  37.743  -70.211  -12.616 0.5000000000
15957  39.536  -69.293  -13.957 0.5000000000
16666  38.605  -68.889  -13.185 0.5000000000
15949  38.756  -69.841  -13.358 0.5000000000
17391  40.003  -68.220  -14.575 0.6999999881
18146  39.997  -67.009  -14.468 0.6999999881
17392  40.062  -67.903  -14.149 0.5000000000
17393  39.321  -67.421  -13.687 0.5000000000
17400  39.792  -67.200  -15.174 0.6999999881
18149  40.016  -67.240  -14.845 0.6999999881
18154  39.414  -66.284  -15.350 0.6999999881
11636  37.239  -76.002  -11.678 0.3000000119
18916  33.498  -65.388  -10.809 0.6000000238
22374  32.389  -61.746  -10.696 0.6999999881
24239  31.961  -59.345  -10.381 0.6999999881
15960  39.276  -69.347  -14.869 0.6000000238
22415  31.966  -61.528  -14.364 0.6000000238
25935  31.703  -57.964  -14.661 0.6999999881
26746  33.143  -56.282  -12.289 0.6000000238
26766  32.369  -56.106  -14.896 0.6999999881
120120  32.315  -56.895  -15.456 0.6999999881
28383  33.408  -54.837  -11.692 0.5000000000
28369  33.065  -54.122  -11.283 0.5000000000
28416  33.802  -55.132  -15.902 0.5000000000
116059  34.181  -62.727  -14.219 0.5000000000
20617  36.390  -63.429  -14.962 0.6999999881
26765  35.418  -56.589  -14.299 0.6000000238
21506  35.613  -62.976  -14.328 0.6000000238
25106  35.319  -59.009  -12.917 0.6000000238
21484  36.206  -62.033  -13.110 0.5000000000
18948  38.886  -65.310  -13.966 0.6000000238
21482  40.536  -61.965  -13.186 0.6000000238
22391  40.933  -61.370  -13.782 0.4000000060
19766  38.851  -64.195  -13.475 0.5000000000
18947  39.596  -66.001  -14.742 0.6000000238
15952  33.490  -70.525  -12.361 0.5000000000
134409  41.404  -61.854  -12.929 0.4000000060
15951  34.226  -69.985  -12.752 0.5000000000
16653  33.083  -69.031  -11.489 0.5000000000
20601  38.805  -63.800  -12.724 0.5000000000
23369  42.163  -60.658  -14.668 0.4000000060
15941  34.119  -69.137  -12.191 0.5000000000
129753  33.055  -67.232  -10.825 0.5000000000
21483  39.915  -62.429  -13.012 0.6000000238
17361  33.119  -68.035  -11.187 0.5000000000
18951  39.397  -65.734  -15.093 0.6000000238
23386  42.695  -59.903  -15.777 0.4000000060
111762  43.844  -60.380  -15.979 0.4000000060
124811  40.218  -61.535  -14.388 0.4000000060
17363  31.310  -67.629  -10.574 0.5000000000
127889  39.388  -63.015  -13.050 0.5000000000
18116  32.291  -66.996  -10.432 0.5000000000
18106  31.311  -66.092  -10.037 0.5000000000
19776  39.321  -64.150  -14.777 0.6000000238
19778  39.145  -64.444  -15.139 0.6000000238
117724  33.228  -64.775  -10.436 0.5000000000
18905  30.991  -65.368  -9.704 0.5000000000
18918  30.372  -66.058  -10.179 0.4000000060
20610  39.535  -62.798  -15.024 0.5000000000
133544  39.524  -62.844  -14.083 0.5000000000
20615  39.344  -63.453  -15.224 0.6000000238
130203  39.178  -62.906  -15.597 0.6000000238
21509  38.647  -63.074  -15.725 0.6000000238
19780  38.690  -64.333  -15.441 0.6000000238
22407  41.422  -60.887  -14.233 0.4000000060
120868  31.313  -63.836  -9.399 0.5000000000
19732  30.704  -64.568  -9.511 0.5000000000
115285  29.196  -65.046  -10.191 0.4000000060
18906  30.084  -65.250  -9.852 0.4000000060
121554  39.647  -62.408  -14.104 0.6000000238
21502  39.262  -62.486  -15.427 0.6000000238
21503  38.943  -62.375  -15.543 0.6000000238
21496  38.404  -62.077  -15.222 0.6000000238
123090  43.095  -59.094  -16.500 0.4000000060
119588  30.926  -63.073  -9.383 0.5000000000
20569  29.669  -63.671  -9.702 0.4000000060
19747  28.363  -64.869  -10.654 0.4000000060
22408  40.300  -60.973  -14.893 0.6000000238
23370  40.756  -60.353  -15.195 0.4000000060
22409  39.419  -61.428  -14.938 0.6000000238
21494  39.883  -61.910  -14.258 0.6000000238
21495  39.404  -62.207  -15.094 0.5000000000
22410  38.799  -61.581  -15.023 0.6000000238
116955  39.250  -60.948  -14.844 0.5000000000
125656  37.848  -62.492  -15.274 0.6000000238
24284  44.201  -59.236  -16.805 0.4000000060
23387  41.389  -59.579  -15.788 0.4000000060
21457  29.718  -62.338  -9.763 0.5000000000
130582  28.484  -63.394  -10.438 0.5000000000
125705  27.904  -63.252  -10.933 0.5000000000
23381  40.063  -59.965  -15.597 0.4000000060
125464  40.716  -59.899  -15.597 0.4000000060
24269  39.932  -59.396  -15.546 0.5000000000
23372  39.507  -60.199  -14.837 0.5000000000
124773  39.440  -59.819  -13.832 0.5000000000
23373  38.592  -61.193  -13.965 0.6000000238
123293  38.113  -61.717  -14.286 0.6000000238
21497  37.464  -62.236  -14.405 0.6000000238
24285  42.195  -58.612  -16.439 0.4000000060
24281  42.288  -59.302  -16.141 0.4000000060
25133  42.312  -57.977  -16.743 0.4000000060
25132  43.387  -58.436  -16.859 0.4000000060
23340  31.642  -60.156  -10.272 0.6000000238
25134  41.472  -58.090  -16.382 0.4000000060
24282  41.111  -58.882  -16.078 0.4000000060
23331  30.219  -61.056  -9.975 0.6000000238
131932  28.603  -62.020  -10.564 0.5000000000
25129  40.345  -58.855  -15.859 0.4000000060
23382  39.759  -59.936  -15.392 0.5000000000
23356  39.043  -60.455  -13.548 0.5000000000
23374  37.847  -61.448  -13.123 0.6000000238
22412  36.866  -62.082  -13.403 0.6000000238
25948  42.001  -57.328  -16.754 0.4000000060
23341  30.661  -60.209  -10.065 0.6000000238
119951  29.389  -60.963  -10.248 0.5000000000
22384  27.466  -61.676  -11.575 0.5000000000
25128  40.777  -58.331  -16.059 0.4000000060
25124  40.175  -58.707  -15.503 0.4000000060
25117  39.823  -59.033  -13.409 0.5000000000
23357  38.290  -60.805  -12.696 0.5000000000
25947  43.026  -57.564  -17.102 0.4000000060
24240  31.082  -59.437  -10.068 0.6000000238
23342  29.728  -60.280  -10.234 0.5000000000
24253  28.339  -59.567  -10.932 0.5000000000
24270  39.651  -59.562  -14.769 0.5000000000
24258  39.323  -59.620  -12.692 0.4000000060
24259  38.716  -60.061  -12.187 0.4000000060
22392  37.304  -60.927  -12.284 0.4000000060
22394  35.712  -61.532  -12.803 0.4000000060
25952  42.901  -56.748  -17.189 0.4000000060
128588  41.635  -56.909  -16.468 0.4000000060
25087  32.033  -58.608  -10.448 0.6000000238
25945  41.107  -57.586  -16.197 0.4000000060
25906  31.875  -57.797  -10.443 0.5000000000
25088  30.608  -58.613  -10.157 0.5000000000
24242  29.224  -59.583  -10.511 0.5000000000
23350  27.877  -60.269  -11.297 0.4000000060
25089  29.597  -58.781  -10.434 0.4000000060
115830  40.425  -58.178  -13.613 0.5000000000
25105  39.595  -58.809  -12.154 0.6000000238
24247  38.208  -59.523  -11.379 0.4000000060
23346  37.843  -60.281  -11.814 0.4000000060
23347  36.703  -60.236  -11.748 0.4000000060
24246  39.038  -59.268  -11.702 0.5000000000
123042  32.083  -57.060  -10.558 0.5000000000
25907  30.879  -57.736  -10.209 0.6000000238
117069  31.332  -56.963  -10.345 0.4000000060
24248  37.157  -59.549  -11.314 0.5000000000
23348  35.836  -60.122  -12.180 0.5000000000
25094  39.249  -58.384  -11.376 0.5000000000
134205  39.697  -58.263  -11.822 0.5000000000
25095  38.512  -58.740  -11.065 0.5000000000
25096  37.590  -58.822  -10.968 0.5000000000
26775  41.937  -56.266  -16.249 0.4000000060
25097  35.780  -58.624  -11.845 0.4000000060
24249  36.172  -59.457  -11.581 0.5000000000
25082  37.987  -58.127  -10.752 0.5000000000
25081  38.679  -58.085  -10.895 0.5000000000
26745  35.750  -56.960  -12.260 0.4000000060
25914  36.309  -57.016  -11.494 0.4000000060
25915  35.751  -57.678  -11.956 0.5000000000
25083  37.139  -58.062  -10.919 0.5000000000
25084  36.320  -57.912  -11.334 0.5000000000
25902  37.616  -57.413  -10.691 0.5000000000
25903  36.902  -57.315  -10.971 0.4000000060
19730  32.569  -64.693  -9.859 0.5000000000
20567  31.785  -63.106  -9.657 0.6000000238
128274  33.112  -66.320  -10.547 0.6000000238
22365  31.725  -61.676  -10.163 0.6000000238
15154  33.908  -70.890  -12.768 0.5000000000
26736  32.540  -56.676  -10.826 0.5000000000
23358  36.207  -60.903  -12.241 0.4000000060
18117  31.590  -66.748  -10.265 0.5000000000
18917  32.816  -65.494  -10.124 0.5000000000
18904  31.932  -65.459  -9.734 0.5000000000
19733  29.827  -64.413  -9.734 0.4000000060
115984  28.930  -64.066  -10.117 0.4000000060
23371  39.851  -60.486  -15.214 0.6000000238
122024  30.046  -63.043  -9.519 0.6000000238
20582  29.125  -63.035  -9.917 0.4000000060
23330  31.211  -60.938  -10.117 0.6000000238
22367  30.182  -61.807  -9.777 0.6000000238
21466  29.012  -62.166  -10.184 0.5000000000
20584  27.405  -63.938  -11.258 0.5000000000
21468  27.735  -62.484  -11.192 0.5000000000
22378  28.184  -61.885  -10.948 0.5000000000
23343  28.735  -60.454  -10.644 0.5000000000
22383  28.087  -61.100  -11.122 0.5000000000
25116  39.998  -58.847  -14.724 0.5000000000
130277  31.317  -58.316  -10.214 0.6000000238
134360  36.743  -56.801  -11.002 0.4000000060
6406  38.161  -83.847  -1.784 0.3000000119
125992  36.903  -82.660  -1.467 0.3000000119
6428  38.391  -83.365  -2.432 0.3000000119
7689  36.364  -81.279  -2.615 0.3000000119
7058  36.872  -82.126  -2.116 0.3000000119
7688  37.411  -81.723  -2.800 0.3000000119
8289  34.824  -80.693  -3.078 0.3000000119
8288  35.712  -80.655  -2.987 0.3000000119
121494  39.130  -80.450  -3.347 0.3000000119
7705  37.879  -81.215  -3.158 0.3000000119
126901  36.805  -80.087  -3.026 0.3000000119
8310  36.089  -80.031  -3.223 0.3000000119
8923  38.533  -79.775  -3.035 0.3000000119
9563  38.608  -78.325  -2.462 0.3000000119
8905  38.099  -78.971  -2.760 0.3000000119
8906  37.211  -78.797  -2.788 0.4000000060
8925  36.584  -79.418  -3.020 0.4000000060
9572  35.613  -78.085  -3.281 0.4000000060
9573  34.932  -77.969  -3.837 0.3000000119
11511  38.674  -76.129  -2.550 0.3000000119
10228  37.537  -77.259  -2.342 0.4000000060
10229  36.621  -77.230  -2.532 0.4000000060
9571  36.358  -78.540  -2.969 0.4000000060
10235  35.269  -77.248  -3.370 0.4000000060
12208  39.410  -74.235  -4.543 0.4000000060
11529  38.913  -75.340  -3.103 0.4000000060
10236  34.770  -77.164  -3.895 0.4000000060
10895  34.569  -76.427  -4.027 0.3000000119
11530  37.841  -75.435  -2.788 0.4000000060
11512  37.144  -75.896  -2.487 0.3000000119
11513  36.450  -75.943  -2.533 0.4000000060
121368  38.674  -74.304  -4.044 0.4000000060
118452  35.185  -75.068  -3.280 0.5000000000
11514  35.847  -76.058  -2.674 0.4000000060
12977  37.451  -73.496  -12.351 0.5000000000
12905  39.153  -73.635  -5.185 0.4000000060
10894  34.966  -76.509  -3.473 0.4000000060
11627  35.750  -75.643  -10.805 0.3000000119
12327  35.289  -74.093  -10.799 0.4000000060
11592  34.596  -75.161  -6.589 0.3000000119
131046  34.216  -71.282  -13.236 0.4000000060
14368  33.541  -71.649  -12.926 0.4000000060
117980  39.261  -71.135  -14.204 0.4000000060
15152  38.838  -70.737  -13.510 0.4000000060
13641  39.203  -72.267  -13.981 0.4000000060
12209  37.850  -74.187  -4.039 0.4000000060
12184  37.274  -74.674  -3.387 0.3000000119
12169  35.891  -75.427  -2.803 0.5000000000
13634  38.493  -72.456  -13.293 0.4000000060
13635  37.458  -72.756  -12.526 0.4000000060
12886  38.534  -73.770  -4.525 0.4000000060
12343  36.026  -74.367  -11.511 0.4000000060
11533  34.712  -75.743  -3.660 0.4000000060
12972  35.681  -73.707  -11.394 0.5000000000
11556  34.427  -75.698  -4.394 0.5000000000
12328  34.647  -73.691  -10.114 0.4000000060
11620  35.309  -75.491  -9.949 0.4000000060
119906  34.398  -75.076  -5.685 0.3000000119
126557  34.712  -75.045  -9.309 0.4000000060
15147  32.605  -70.637  -12.203 0.4000000060
15956  39.480  -69.279  -14.502 0.4000000060
123135  37.579  -73.460  -4.508 0.4000000060
12210  36.765  -73.890  -3.972 0.4000000060
116548  37.532  -71.946  -12.717 0.4000000060
122859  36.695  -73.070  -12.035 0.5000000000
12887  36.751  -73.157  -4.475 0.4000000060
12185  36.088  -74.585  -3.276 0.4000000060
13632  36.342  -72.333  -11.980 0.5000000000
13569  37.894  -72.612  -5.723 0.4000000060
132449  37.249  -72.342  -5.572 0.4000000060
12888  36.017  -73.233  -4.245 0.4000000060
12875  35.288  -73.626  -4.355 0.5000000000
12908  34.564  -73.748  -5.115 0.5000000000
14361  36.554  -71.424  -12.076 0.4000000060
13625  35.233  -72.362  -11.021 0.5000000000
13586  37.341  -71.977  -6.107 0.4000000060
126644  34.572  -73.828  -5.734 0.5000000000
12964  35.158  -73.280  -10.854 0.4000000060
12259  34.489  -74.395  -6.203 0.4000000060
126080  34.354  -74.054  -8.130 0.4000000060
11615  34.515  -75.029  -8.368 0.4000000060
12954  34.369  -73.106  -9.291 0.4000000060
16667  37.458  -68.338  -12.450 0.3000000119
13550  36.218  -72.601  -4.754 0.4000000060
13572  35.028  -72.606  -5.335 0.4000000060
120374  35.687  -70.906  -11.431 0.4000000060
19748  27.608  -64.782  -11.157 0.4000000060
14327  37.551  -70.696  -7.336 0.4000000060
13570  36.535  -72.095  -5.459 0.4000000060
113884  34.682  -73.189  -5.579 0.5000000000
12925  34.486  -73.458  -6.481 0.5000000000
15142  35.016  -70.400  -10.651 0.5000000000
14355  34.917  -71.339  -10.674 0.4000000060
14315  36.938  -71.224  -6.641 0.4000000060
12940  34.293  -73.357  -7.491 0.4000000060
12965  34.571  -72.784  -10.191 0.4000000060
12947  34.258  -73.282  -8.388 0.4000000060
13617  34.287  -72.145  -9.304 0.4000000060
17384  38.414  -67.911  -13.011 0.4000000060
15939  36.595  -69.653  -11.967 0.3000000119
14305  35.824  -71.742  -5.949 0.4000000060
14306  35.199  -72.093  -6.005 0.4000000060
15940  35.637  -69.098  -11.272 0.3000000119
14316  36.055  -71.167  -6.526 0.4000000060
15093  35.631  -70.762  -6.996 0.4000000060
14318  34.663  -71.891  -6.729 0.4000000060
13599  34.393  -72.547  -6.992 0.5000000000
15892  36.970  -69.779  -7.538 0.4000000060
14328  34.327  -71.789  -7.502 0.4000000060
129806  34.175  -71.856  -8.302 0.4000000060
14347  34.344  -71.331  -9.679 0.4000000060
18147  38.987  -66.328  -13.853 0.4000000060
15094  34.664  -71.195  -7.324 0.4000000060
7767  34.774  -81.929  -6.853 0.3000000119
8903  40.129  -79.504  -2.840 0.3000000119
10882  39.344  -76.846  -2.313 0.3000000119
11528  39.778  -75.170  -3.497 0.4000000060
12924  38.937  -73.086  -5.965 0.4000000060
12906  38.245  -73.167  -5.125 0.4000000060
13584  39.334  -72.761  -6.856 0.4000000060
14326  38.523  -71.286  -7.501 0.4000000060
16651  36.483  -68.684  -11.863 0.3000000119
129893  37.375  -67.504  -12.373 0.4000000060
16652  35.694  -68.131  -10.810 0.4000000060
128262  35.200  -68.766  -10.420 0.4000000060
129955  37.407  -69.222  -7.837 0.4000000060
15104  35.435  -70.104  -7.442 0.4000000060
15895  34.929  -69.668  -8.011 0.4000000060
15117  34.509  -70.091  -8.446 0.4000000060
15931  34.761  -69.004  -9.644 0.3000000119
115150  35.069  -69.525  -10.538 0.4000000060
16604  36.688  -68.920  -7.735 0.4000000060
12971  36.459  -73.682  -11.857 0.4000000060
18139  37.963  -66.788  -12.836 0.4000000060
7040  36.206  -82.304  -1.330 0.3000000119
7057  37.959  -82.510  -2.582 0.3000000119
7690  35.287  -81.172  -2.502 0.3000000119
7113  34.300  -82.736  -6.495 0.3000000119
7751  33.996  -81.555  -6.390 0.3000000119
7706  37.076  -81.101  -3.005 0.3000000119
8904  39.012  -79.133  -2.775 0.3000000119
8309  37.320  -80.559  -3.064 0.4000000060
8926  35.636  -79.176  -3.361 0.4000000060
9564  37.783  -78.154  -2.521 0.3000000119
10883  38.431  -76.979  -2.247 0.3000000119
9565  36.966  -77.956  -2.654 0.4000000060
10230  35.886  -77.256  -2.847 0.4000000060
11510  39.734  -75.954  -2.749 0.3000000119
12234  39.920  -74.179  -5.424 0.4000000060
12186  35.282  -74.348  -3.807 0.4000000060
113791  34.314  -75.025  -4.898 0.5000000000
12278  34.420  -74.426  -7.262 0.3000000119
12212  34.844  -74.199  -4.315 0.5000000000
13585  38.387  -72.330  -6.427 0.4000000060
13608  34.196  -72.521  -7.819 0.4000000060
15130  34.266  -70.509  -9.063 0.4000000060
19742  37.932  -64.342  -11.039 0.4000000060
19754  37.594  -64.541  -11.712 0.4000000060
20590  40.229  -63.041  -11.471 0.4000000060
21472  40.332  -62.587  -12.167 0.3000000119
116032  38.819  -63.475  -11.940 0.5000000000
128583  37.503  -64.791  -12.173 0.4000000060
19767  38.115  -64.824  -12.999 0.4000000060
118627  46.774  -65.429  -12.755 0.3000000119
19763  46.300  -65.140  -13.338 0.3000000119
21492  45.361  -63.204  -14.560 0.3000000119
21493  44.353  -62.591  -14.040 0.3000000119
131759  44.205  -61.284  -15.158 0.3000000119
122989  42.444  -61.107  -13.896 0.3000000119
19775  45.728  -64.665  -13.815 0.3000000119
20608  46.292  -63.874  -14.267 0.3000000119
126701  46.765  -62.531  -15.275 0.3000000119
19750  47.183  -65.161  -12.190 0.3000000119
20598  47.150  -63.503  -12.737 0.3000000119
22418  45.304  -61.874  -15.652 0.3000000119
23385  44.797  -60.397  -16.342 0.3000000119
20607  46.856  -63.677  -14.050 0.3000000119
115778  46.703  -61.690  -15.433 0.3000000119
22421  46.331  -61.463  -16.005 0.3000000119
22388  46.327  -61.819  -13.116 0.3000000119
22403  46.800  -61.864  -14.422 0.3000000119
23378  46.694  -60.746  -15.712 0.3000000119
23367  46.675  -61.094  -14.871 0.3000000119
24267  46.386  -60.346  -14.938 0.3000000119
22387  46.565  -62.357  -12.593 0.3000000119
23383  46.636  -60.772  -16.056 0.3000000119
128946  45.460  -59.282  -16.964 0.3000000119
25131  44.846  -58.687  -17.286 0.3000000119
23354  46.117  -61.209  -13.650 0.3000000119
24279  46.459  -59.885  -16.039 0.3000000119
127802  45.913  -58.579  -17.220 0.3000000119
24276  45.735  -59.588  -14.715 0.3000000119
24275  46.468  -59.790  -15.656 0.3000000119
25121  46.380  -58.974  -16.277 0.3000000119
125068  46.367  -58.313  -16.651 0.3000000119
25951  44.006  -57.056  -17.329 0.3000000119
25135  45.348  -58.137  -17.467 0.3000000119
25950  45.116  -57.455  -17.622 0.3000000119
26782  43.772  -56.314  -17.478 0.3000000119
26779  42.278  -56.479  -16.835 0.3000000119
27586  43.055  -55.832  -17.292 0.3000000119
115173  42.898  -55.111  -17.172 0.3000000119
27583  42.469  -55.662  -16.697 0.3000000119
21471  41.270  -62.407  -12.283 0.3000000119
21473  39.606  -63.043  -11.889 0.4000000060
22406  43.274  -61.176  -14.421 0.3000000119
23390  44.813  -59.824  -16.638 0.3000000119
125524  38.673  -64.239  -10.669 0.5000000000
22417  46.313  -62.239  -15.579 0.3000000119
22404  45.314  -62.535  -15.063 0.3000000119
22389  43.234  -61.820  -13.544 0.3000000119
22416  46.996  -62.520  -14.815 0.3000000119
133343  47.102  -63.488  -13.573 0.3000000119
23384  45.816  -60.803  -16.249 0.3000000119
25122  45.984  -58.964  -15.447 0.3000000119
25127  46.110  -58.285  -16.049 0.3000000119
24283  46.317  -59.034  -16.681 0.3000000119
24268  45.453  -60.063  -13.821 0.3000000119
25130  46.353  -58.351  -16.915 0.3000000119
16638  35.212  -68.241  -9.887 0.3000000119
129693  35.071  -68.429  -9.279 0.4000000060
17343  37.843  -67.135  -8.762 0.4000000060
18092  37.102  -66.651  -8.954 0.4000000060
17371  35.815  -67.134  -10.588 0.3000000119
18102  37.971  -66.437  -9.161 0.4000000060
18101  38.911  -66.364  -9.442 0.3000000119
18104  35.817  -66.877  -9.670 0.4000000060
18103  37.317  -65.957  -9.479 0.4000000060
18913  39.646  -65.177  -10.061 0.3000000119
18115  36.134  -66.406  -10.567 0.3000000119
18903  36.771  -65.671  -10.076 0.4000000060
19727  38.902  -64.795  -10.082 0.4000000060
18915  36.596  -65.695  -10.832 0.3000000119
19729  37.557  -64.769  -10.581 0.4000000060
19741  39.552  -64.307  -10.505 0.4000000060
18126  36.211  -66.754  -11.179 0.3000000119
18925  36.824  -65.578  -11.609 0.3000000119
18140  37.048  -65.963  -12.180 0.3000000119
17385  36.808  -66.769  -11.915 0.3000000119
18902  37.557  -65.224  -9.989 0.4000000060
120954  36.502  -66.304  -9.483 0.4000000060
11554  40.598  -75.043  -4.094 0.3000000119
15909  35.197  -68.877  -8.292 0.3000000119
11525  42.963  -75.994  -3.444 0.3000000119
11526  42.042  -75.738  -3.493 0.3000000119
11527  41.128  -75.650  -3.483 0.3000000119
12207  40.291  -74.556  -4.849 0.3000000119
17346  35.699  -67.504  -8.833 0.3000000119
16605  35.901  -68.725  -7.797 0.3000000119
12230  43.301  -75.044  -6.429 0.3000000119
12232  41.517  -74.778  -6.055 0.3000000119
12231  42.412  -74.944  -6.280 0.3000000119
12233  40.708  -74.542  -5.752 0.3000000119
12923  39.860  -73.486  -6.559 0.3000000119
17345  36.129  -67.536  -8.405 0.3000000119
12921  44.187  -74.314  -7.526 0.3000000119
12255  42.858  -75.018  -7.148 0.3000000119
12254  43.760  -74.847  -7.117 0.3000000119
12257  41.090  -74.544  -6.628 0.3000000119
12256  41.966  -74.788  -6.928 0.3000000119
12922  40.696  -73.959  -7.050 0.3000000119
12275  43.333  -74.601  -7.746 0.3000000119
12276  42.461  -74.626  -7.712 0.3000000119
12277  41.563  -74.358  -7.460 0.3000000119
13597  39.784  -72.415  -7.596 0.3000000119
14325  39.353  -71.697  -7.800 0.3000000119
15102  38.480  -70.619  -7.875 0.3000000119
13594  43.742  -73.286  -7.974 0.3000000119
13596  40.657  -72.869  -8.178 0.3000000119
12946  41.407  -73.217  -8.669 0.3000000119
13607  40.203  -72.094  -8.317 0.3000000119
115911  37.857  -67.815  -8.443 0.3000000119
126614  43.033  -73.489  -9.003 0.3000000119
13595  43.268  -73.097  -8.645 0.3000000119
12945  42.652  -73.637  -8.828 0.3000000119
134784  41.915  -73.589  -8.640 0.3000000119
15116  39.240  -70.717  -8.308 0.3000000119
114432  38.796  -69.108  -8.441 0.3000000119
131274  38.717  -67.719  -8.816 0.3000000119
17354  38.544  -66.977  -9.126 0.3000000119
16626  34.752  -68.881  -8.911 0.3000000119
13615  42.654  -72.952  -9.923 0.3000000119
13606  41.203  -72.584  -9.015 0.3000000119
15115  40.027  -70.962  -8.812 0.3000000119
115065  39.472  -69.490  -8.684 0.3000000119
12206  41.103  -74.833  -5.098 0.3000000119
11552  42.655  -75.408  -4.361 0.3000000119
11553  41.555  -75.251  -4.324 0.3000000119
7039  37.641  -82.887  -1.871 0.3000000119
8308  38.210  -80.516  -3.191 0.3000000119
8924  37.527  -79.737  -2.950 0.4000000060
9566  36.265  -77.815  -2.808 0.4000000060
10226  39.011  -77.649  -2.275 0.3000000119
10227  38.278  -77.654  -2.340 0.3000000119
10248  34.656  -77.009  -4.425 0.3000000119
10884  36.949  -76.530  -2.396 0.4000000060
10885  36.201  -76.590  -2.585 0.4000000060
10886  35.529  -76.594  -2.935 0.4000000060
10935  35.199  -75.956  -6.887 0.3000000119
10966  36.986  -76.847  -11.261 0.3000000119
11531  36.756  -75.310  -2.791 0.3000000119
11532  35.290  -75.886  -3.065 0.5000000000
11555  39.867  -74.702  -4.151 0.4000000060
11571  42.942  -75.106  -5.482 0.3000000119
11572  42.010  -74.973  -5.277 0.3000000119
11605  34.722  -75.401  -7.465 0.3000000119
11621  34.875  -74.584  -10.051 0.4000000060
11626  36.269  -76.211  -11.082 0.3000000119
11635  38.321  -75.771  -12.220 0.4000000060
11637  36.464  -75.262  -11.481 0.4000000060
11658  39.086  -75.068  -13.835 0.5000000000
12182  39.163  -74.721  -3.794 0.4000000060
12183  38.289  -74.766  -3.525 0.4000000060
12187  34.568  -74.895  -4.090 0.5000000000
12211  35.874  -73.856  -3.838 0.4000000060
12213  34.502  -74.350  -4.753 0.5000000000
12235  34.433  -74.409  -5.381 0.5000000000
12258  40.337  -74.095  -6.214 0.3000000119
12342  37.288  -74.404  -12.071 0.5000000000
12889  34.752  -73.806  -4.686 0.5000000000
12907  37.217  -72.704  -5.013 0.4000000060
12935  43.742  -74.049  -8.153 0.3000000119
12936  42.965  -74.267  -8.384 0.3000000119
12937  42.125  -74.132  -8.269 0.3000000119
12938  41.203  -73.665  -7.988 0.3000000119
12939  40.271  -73.175  -7.352 0.3000000119
12985  39.022  -73.500  -14.480 0.4000000060
12988  35.712  -73.550  -14.530 0.4000000060
13551  35.445  -72.845  -4.752 0.5000000000
13552  34.838  -73.206  -4.893 0.5000000000
13571  35.623  -72.207  -5.247 0.4000000060
13587  36.508  -71.649  -6.131 0.4000000060
13588  34.753  -72.600  -6.158 0.5000000000
13598  38.867  -72.013  -7.167 0.3000000119
13605  42.158  -73.162  -9.264 0.3000000119
13626  34.513  -72.003  -10.242 0.4000000060
13633  35.844  -73.069  -11.590 0.5000000000
13636  32.919  -72.373  -13.291 0.4000000060
13640  39.129  -72.459  -14.276 0.5000000000
13646  38.944  -72.778  -14.569 0.4000000060
14314  37.938  -71.557  -6.822 0.4000000060
14317  35.275  -71.380  -6.679 0.4000000060
14334  39.702  -71.383  -8.377 0.3000000119
14335  39.054  -71.124  -7.955 0.3000000119
14336  34.201  -71.343  -8.855 0.4000000060
14362  35.672  -71.680  -11.487 0.5000000000
14365  38.837  -71.639  -13.586 0.4000000060
14366  37.756  -71.089  -12.680 0.4000000060
14376  34.132  -72.025  -13.510 0.4000000060
14377  38.081  -71.956  -14.887 0.4000000060
15103  36.353  -70.446  -7.119 0.4000000060
15105  34.734  -70.443  -7.745 0.4000000060
15143  34.505  -70.686  -9.955 0.4000000060
15146  36.648  -70.554  -12.022 0.4000000060
15160  39.238  -70.040  -14.516 0.4000000060
15891  37.871  -69.909  -7.813 0.4000000060
15893  36.097  -69.497  -7.490 0.4000000060
15894  35.473  -69.337  -7.756 0.3000000119
15907  38.758  -69.913  -8.293 0.3000000119
15908  38.097  -69.176  -8.150 0.3000000119
15910  34.714  -69.407  -8.571 0.3000000119
15924  34.430  -69.572  -9.018 0.3000000119
15932  34.611  -69.930  -9.767 0.3000000119
15942  33.373  -69.919  -11.985 0.5000000000
15950  37.598  -69.294  -12.560 0.3000000119
15955  39.724  -68.727  -14.679 0.6999999881
15958  35.417  -69.654  -14.363 0.6000000238
15961  37.882  -69.294  -14.969 0.5000000000
16615  37.393  -68.405  -8.080 0.4000000060
16616  36.415  -68.100  -7.996 0.3000000119
16673  39.867  -68.679  -14.288 0.6999999881
16674  39.502  -68.391  -13.731 0.5000000000
16677  39.870  -68.316  -14.842 0.6999999881
16681  36.366  -68.661  -14.656 0.6000000238
16682  39.816  -67.979  -15.026 0.6999999881
16683  39.342  -67.822  -15.203 0.6999999881
17339  35.712  -68.093  -8.288 0.3000000119
17344  36.953  -67.441  -8.401 0.3000000119
17355  35.438  -67.785  -9.360 0.4000000060
17360  35.486  -67.567  -10.013 0.4000000060
17362  32.297  -67.823  -10.742 0.5000000000
17370  36.454  -67.613  -11.623 0.3000000119
17373  33.748  -67.401  -11.549 0.5000000000
17396  39.995  -67.771  -14.875 0.6999999881
18093  36.260  -66.965  -8.884 0.4000000060
18100  39.694  -65.983  -9.794 0.3000000119
18105  32.225  -66.209  -10.067 0.5000000000
18125  36.500  -66.139  -11.351 0.3000000119
18128  33.796  -66.028  -11.332 0.6999999881
18145  40.099  -67.636  -14.586 0.6999999881
18148  34.341  -66.510  -13.762 0.6999999881
18150  39.794  -66.640  -14.995 0.6999999881
18900  38.970  -65.510  -9.723 0.4000000060
18901  38.345  -65.155  -9.850 0.4000000060
18914  37.035  -65.117  -10.674 0.4000000060
18935  46.870  -66.002  -12.270 0.3000000119
18936  46.030  -66.002  -12.878 0.3000000119
18939  37.939  -65.652  -12.974 0.4000000060
18940  37.288  -65.242  -12.225 0.4000000060
18946  45.589  -65.411  -13.328 0.3000000119
18953  34.833  -65.455  -14.882 0.6999999881
18956  39.020  -65.325  -15.400 0.6000000238
19728  38.139  -64.694  -10.292 0.4000000060
19731  31.625  -64.650  -9.546 0.5000000000
19743  37.345  -64.721  -11.120 0.3000000119
19744  37.078  -65.052  -11.501 0.3000000119
19755  33.722  -65.292  -12.683 0.6000000238
19762  46.994  -64.774  -13.041 0.3000000119
19768  32.754  -64.395  -13.864 0.6000000238
19774  46.551  -64.365  -13.700 0.3000000119
19781  37.859  -64.304  -15.496 0.6999999881
20568  30.425  -63.772  -9.462 0.4000000060
20578  39.876  -63.510  -11.034 0.4000000060
20579  39.120  -63.687  -11.182 0.4000000060
20583  28.119  -64.045  -10.764 0.5000000000
20591  38.185  -64.044  -11.869 0.4000000060
20592  38.073  -64.405  -12.445 0.4000000060
20611  39.390  -63.408  -14.106 0.5000000000
20613  46.735  -63.161  -14.770 0.3000000119
20616  37.720  -63.017  -15.541 0.6999999881
20619  32.755  -63.754  -14.514 0.6000000238
20620  32.313  -63.511  -14.383 0.6000000238
20621  38.999  -63.519  -15.540 0.6000000238
21455  31.379  -62.379  -9.692 0.6000000238
21456  30.533  -62.384  -9.577 0.6000000238
21467  28.426  -62.596  -10.581 0.5000000000
21470  46.851  -62.861  -12.107 0.3000000119
21474  32.396  -62.451  -12.087 0.6999999881
21478  47.031  -62.970  -13.196 0.3000000119
21491  47.112  -63.102  -14.179 0.3000000119
21501  46.243  -62.956  -15.191 0.3000000119
21504  38.510  -62.622  -15.595 0.6000000238
22366  30.896  -61.697  -9.803 0.6000000238
22376  29.535  -61.614  -10.019 0.6000000238
22377  28.772  -61.452  -10.505 0.5000000000
22390  41.989  -61.476  -13.353 0.4000000060
22393  36.818  -61.619  -12.764 0.6000000238
22402  46.962  -62.490  -13.826 0.3000000119
22405  44.256  -61.873  -14.617 0.3000000119
22411  37.464  -61.857  -13.511 0.6000000238
22419  43.250  -60.615  -15.294 0.3000000119
22420  39.031  -62.041  -15.361 0.6000000238
23361  31.974  -60.621  -13.685 0.6999999881
23368  45.960  -60.699  -14.099 0.3000000119
23379  44.856  -61.043  -15.942 0.3000000119
23380  41.774  -60.118  -15.397 0.4000000060
23388  40.433  -59.453  -15.738 0.4000000060
23389  45.925  -60.004  -16.410 0.3000000119
24241  30.164  -59.473  -10.179 0.5000000000
24273  32.559  -59.707  -14.511 0.6000000238
24280  43.642  -59.782  -16.331 0.4000000060
25085  32.683  -57.898  -11.365 0.8000000119
25136  44.305  -57.899  -17.297 0.3000000119
25900  39.144  -57.593  -10.965 0.5000000000
25904  32.798  -57.162  -11.353 0.8000000119
25905  32.467  -57.492  -10.813 0.6000000238
25923  32.112  -57.768  -13.716 0.6999999881
25941  32.415  -57.561  -15.404 0.6999999881
26772  32.689  -56.155  -15.801 0.6000000238
27581  33.905  -55.457  -16.125 0.5000000000
28419  34.545  -54.937  -15.965 0.5000000000
29234  33.511  -53.614  -11.763 0.4000000060
29248  33.842  -53.687  -12.638 0.4000000060
112033  47.133  -64.040  -13.342 0.3000000119
113187  36.561  -82.862  -0.983 0.3000000119
113752  35.295  -68.251  -8.804 0.3000000119
114280  31.374  -58.832  -10.167 0.6000000238
114766  35.692  -70.025  -11.379 0.3000000119
115029  39.363  -65.030  -14.854 0.6000000238
115962  43.289  -73.683  -8.622 0.3000000119
116273  36.559  -58.751  -11.159 0.5000000000
116431  37.587  -73.927  -14.719 0.4000000060
117263  39.194  -73.796  -13.775 0.5000000000
117738  34.304  -70.995  -8.136 0.4000000060
119147  32.653  -55.828  -10.871 0.5000000000
119683  35.017  -78.683  -3.695 0.3000000119
120152  39.132  -75.904  -13.442 0.5000000000
120714  36.279  -66.152  -10.111 0.3000000119
120981  32.538  -61.116  -11.381 0.6999999881
121506  35.585  -57.479  -12.714 0.5000000000
121781  47.229  -64.224  -12.446 0.3000000119
121938  35.547  -74.903  -10.821 0.4000000060
122788  38.176  -65.743  -9.537 0.4000000060
123158  39.242  -73.819  -14.120 0.4000000060
123945  37.740  -66.626  -15.307 0.6999999881
124169  34.423  -68.387  -12.575 0.6999999881
125249  40.390  -75.542  -3.243 0.3000000119
125898  37.761  -76.365  -2.391 0.4000000060
126789  39.050  -64.634  -14.087 0.6000000238
127733  36.547  -80.637  -2.997 0.3000000119
127930  34.216  -72.570  -8.595 0.4000000060
128032  35.112  -70.776  -7.252 0.4000000060
129140  39.418  -70.273  -14.229 0.4000000060
129540  32.642  -58.263  -12.071 0.8000000119
130028  38.515  -63.945  -11.318 0.4000000060
130081  39.641  -73.703  -5.860 0.3000000119
130250  40.243  -64.892  -10.350 0.3000000119
131466  38.887  -73.500  -13.504 0.6000000238
131640  46.362  -58.618  -16.635 0.3000000119
131674  39.567  -68.993  -14.767 0.6999999881
131877  46.710  -61.155  -15.864 0.3000000119
132643  35.067  -57.262  -14.600 0.6000000238
132863  39.335  -79.864  -3.086 0.3000000119
134534  34.469  -74.137  -9.119 0.4000000060
