#!ascii label  , from subject bert vox2ras=TkReg
689
16644  24.610  -68.426  -11.148 0.6000000238
15054  22.312  -70.123  -4.057 0.6999999881
15871  22.178  -69.842  -4.969 0.6999999881
16599  24.740  -68.569  -6.201 0.8999999762
16608  25.455  -68.660  -7.282 0.8000000119
112673  24.266  -68.667  -9.263 0.8000000119
16661  23.664  -68.427  -11.100 0.6000000238
16660  24.716  -68.212  -11.544 0.6999999881
17378  24.786  -67.837  -11.914 0.6999999881
15841  22.117  -69.621  -4.126 0.6999999881
15840  22.553  -69.928  -3.560 0.6999999881
16587  22.032  -69.424  -4.697 0.6999999881
16594  22.002  -69.115  -5.509 0.6000000238
16593  22.336  -69.347  -5.696 0.6999999881
15870  22.974  -69.727  -5.337 0.6999999881
16601  22.582  -69.000  -6.568 0.8000000119
125410  22.837  -68.584  -8.385 0.8000000119
118248  23.827  -68.624  -8.289 0.8000000119
134635  23.398  -68.611  -9.094 0.8000000119
111534  23.508  -68.601  -10.624 0.6000000238
116619  23.811  -68.115  -11.467 0.6000000238
132786  24.227  -66.764  -12.161 0.6999999881
18133  25.763  -66.602  -12.119 0.6999999881
16580  22.939  -69.113  -3.558 0.5000000000
16570  23.248  -69.592  -2.967 0.6000000238
16586  22.212  -68.856  -4.294 0.4000000060
17329  21.979  -68.658  -5.003 0.6000000238
129000  21.774  -68.394  -5.784 0.5000000000
16602  21.890  -68.610  -6.815 0.6000000238
127790  22.248  -68.670  -7.350 0.6999999881
114777  22.079  -68.679  -9.747 0.6999999881
16632  22.021  -68.683  -10.513 0.6999999881
17379  22.855  -68.031  -11.360 0.5000000000
18933  23.445  -66.382  -11.855 0.6000000238
18932  24.451  -66.088  -12.190 0.6000000238
111247  24.988  -67.024  -12.225 0.6000000238
18930  26.257  -65.718  -11.917 0.5000000000
17322  24.232  -67.616  -3.618 0.5000000000
130210  24.018  -68.831  -2.705 0.6000000238
15816  23.713  -69.565  -2.244 0.6000000238
16579  23.168  -68.207  -3.960 0.5000000000
133564  21.644  -68.168  -6.344 0.5000000000
17340  21.513  -68.014  -7.590 0.6000000238
18097  21.495  -67.676  -8.404 0.6000000238
17356  21.499  -68.085  -9.987 0.6000000238
17380  21.742  -67.906  -10.911 0.5000000000
113705  22.097  -67.894  -11.252 0.5000000000
18944  22.764  -65.485  -11.659 0.6000000238
18943  23.649  -65.319  -12.040 0.6000000238
19760  24.725  -65.037  -12.292 0.5000000000
115106  25.583  -65.091  -12.168 0.5000000000
20594  26.662  -63.768  -11.663 0.5000000000
19758  26.129  -64.516  -11.955 0.5000000000
116165  24.627  -67.932  -2.921 0.5000000000
16557  24.292  -68.861  -1.789 0.5000000000
17328  22.562  -67.972  -4.594 0.5000000000
121283  22.741  -67.060  -5.773 0.4000000060
18082  23.662  -66.238  -6.817 0.3000000119
18083  22.778  -66.714  -6.491 0.4000000060
18088  22.964  -66.438  -7.505 0.3000000119
18087  24.177  -65.983  -7.613 0.3000000119
130851  22.096  -66.838  -7.793 0.5000000000
18096  21.724  -67.047  -8.499 0.5000000000
18107  21.920  -66.629  -9.445 0.5000000000
18119  21.566  -66.856  -10.809 0.5000000000
18934  21.824  -65.934  -11.044 0.5000000000
18144  22.307  -66.199  -11.389 0.6000000238
19759  25.375  -64.266  -12.239 0.5000000000
21475  26.511  -62.890  -11.823 0.5000000000
17315  24.686  -68.140  -2.121 0.5000000000
18061  24.553  -66.847  -3.955 0.5000000000
18072  24.147  -66.776  -4.546 0.5000000000
18078  24.398  -66.370  -5.068 0.4000000060
113636  23.764  -66.398  -5.925 0.5000000000
18891  24.694  -65.801  -6.721 0.4000000060
18094  23.649  -66.026  -8.478 0.3000000119
18907  23.059  -66.024  -9.441 0.4000000060
18108  21.592  -66.740  -10.292 0.5000000000
120694  21.709  -64.993  -11.213 0.4000000060
19771  23.698  -64.384  -12.215 0.5000000000
21488  24.168  -62.794  -12.414 0.5000000000
20596  25.056  -63.301  -12.418 0.5000000000
127594  27.112  -62.417  -11.632 0.5000000000
20595  25.939  -63.560  -12.081 0.5000000000
17314  25.134  -67.338  -2.271 0.5000000000
18060  25.350  -66.365  -3.625 0.5000000000
18071  24.894  -66.303  -4.344 0.5000000000
18880  24.967  -65.888  -5.748 0.4000000060
124093  25.563  -65.363  -7.053 0.4000000060
18890  25.109  -65.444  -7.667 0.3000000119
18897  24.578  -65.500  -8.411 0.3000000119
126505  23.278  -65.155  -10.141 0.4000000060
19736  21.965  -64.949  -10.823 0.4000000060
18908  22.191  -65.960  -10.293 0.4000000060
19749  21.600  -64.569  -11.241 0.4000000060
19761  21.507  -64.332  -11.466 0.5000000000
21490  21.558  -63.291  -12.133 0.5000000000
19772  22.493  -64.579  -11.943 0.6000000238
21487  25.002  -62.252  -12.521 0.4000000060
21476  25.862  -62.633  -12.337 0.5000000000
18841  25.969  -65.883  -3.293 0.4000000060
18866  25.946  -65.361  -5.587 0.4000000060
18853  25.737  -65.892  -4.083 0.4000000060
19701  26.161  -64.933  -6.797 0.4000000060
19710  25.892  -64.892  -7.631 0.4000000060
19720  25.402  -64.812  -8.516 0.4000000060
19734  24.922  -64.339  -9.359 0.4000000060
19735  24.260  -64.799  -9.587 0.4000000060
114386  22.559  -64.158  -10.647 0.4000000060
120590  21.515  -63.982  -11.045 0.5000000000
21477  21.102  -62.886  -11.679 0.5000000000
112817  21.482  -62.432  -12.061 0.6000000238
22399  23.744  -62.133  -12.445 0.5000000000
22400  23.254  -61.306  -12.356 0.4000000060
127784  24.423  -61.594  -12.507 0.4000000060
18840  26.402  -65.378  -3.746 0.4000000060
19691  26.685  -64.821  -5.185 0.4000000060
126477  26.550  -64.296  -6.688 0.4000000060
20559  25.590  -63.801  -8.955 0.4000000060
20571  23.979  -64.041  -10.128 0.4000000060
20572  23.052  -63.359  -10.535 0.4000000060
20573  21.707  -63.106  -10.804 0.4000000060
21469  21.253  -62.432  -11.307 0.5000000000
22386  21.223  -61.976  -11.499 0.4000000060
121364  22.517  -62.029  -12.300 0.6000000238
19682  26.886  -64.847  -4.280 0.4000000060
19690  27.086  -64.237  -5.677 0.4000000060
121105  26.834  -64.087  -6.320 0.4000000060
19709  26.384  -64.219  -7.354 0.4000000060
20558  26.065  -63.330  -8.582 0.4000000060
21447  25.547  -62.794  -9.199 0.4000000060
121509  24.952  -61.967  -9.510 0.5000000000
20570  24.903  -63.385  -9.664 0.4000000060
133606  23.426  -62.242  -10.230 0.3000000119
125360  22.733  -62.530  -10.464 0.3000000119
21461  21.729  -62.061  -10.786 0.4000000060
118472  21.216  -60.960  -11.285 0.4000000060
23366  21.506  -60.628  -11.586 0.4000000060
22401  21.676  -61.453  -11.852 0.5000000000
19674  26.878  -64.758  -3.418 0.4000000060
20536  26.859  -63.653  -6.922 0.4000000060
20547  26.538  -63.319  -7.861 0.4000000060
22357  25.810  -61.942  -9.110 0.3000000119
22369  25.246  -61.223  -9.389 0.3000000119
123948  24.043  -62.073  -9.941 0.3000000119
124300  23.044  -61.050  -10.215 0.3000000119
23353  21.173  -60.170  -11.248 0.4000000060
24266  21.852  -59.911  -11.745 0.4000000060
20526  27.581  -63.656  -5.425 0.3000000119
20535  27.253  -63.662  -6.205 0.3000000119
20546  27.166  -62.886  -7.355 0.3000000119
21445  26.959  -62.411  -8.121 0.3000000119
22356  26.526  -61.834  -8.653 0.3000000119
22368  26.034  -61.195  -8.994 0.3000000119
22370  24.130  -61.289  -9.856 0.4000000060
24234  24.279  -59.747  -9.820 0.4000000060
23334  23.703  -60.465  -10.035 0.3000000119
24235  23.224  -59.724  -10.200 0.3000000119
23336  21.447  -60.459  -10.774 0.3000000119
128046  21.131  -59.840  -11.126 0.4000000060
24256  21.465  -59.305  -11.300 0.4000000060
25112  22.631  -58.233  -11.986 0.4000000060
23333  24.725  -60.493  -9.614 0.4000000060
121583  23.862  -58.997  -9.992 0.4000000060
123940  22.759  -58.992  -10.322 0.3000000119
124518  21.821  -59.082  -10.673 0.4000000060
25091  21.783  -58.389  -10.914 0.4000000060
25919  22.110  -56.908  -11.155 0.4000000060
25102  21.640  -58.493  -11.171 0.4000000060
116931  22.215  -57.589  -11.583 0.4000000060
25078  23.447  -58.259  -10.210 0.4000000060
25897  22.966  -57.498  -10.382 0.5000000000
25898  22.213  -57.559  -10.744 0.4000000060
26741  22.084  -55.893  -10.979 0.4000000060
25927  22.469  -56.708  -11.614 0.3000000119
26751  22.165  -55.888  -11.184 0.3000000119
16629  24.641  -68.631  -10.353 0.6999999881
133909  23.641  -68.751  -6.635 0.8000000119
16662  22.956  -68.419  -11.095 0.6000000238
112672  22.663  -68.634  -9.425 0.6999999881
16631  22.564  -68.712  -10.269 0.6999999881
18931  25.311  -65.948  -12.238 0.6000000238
127116  22.242  -67.778  -5.352 0.4000000060
18084  21.966  -67.540  -6.194 0.4000000060
16610  21.839  -68.372  -7.715 0.6999999881
17347  21.508  -68.047  -9.171 0.6999999881
16663  22.163  -68.453  -10.985 0.6999999881
17327  23.613  -67.384  -4.302 0.5000000000
18109  21.489  -67.397  -9.428 0.5000000000
18095  22.576  -66.496  -8.554 0.4000000060
18945  21.910  -65.033  -11.419 0.6000000238
20605  22.629  -63.767  -12.258 0.5000000000
21489  22.805  -62.849  -12.382 0.6000000238
22379  21.242  -61.327  -11.156 0.4000000060
19673  27.494  -64.272  -3.919 0.4000000060
23335  22.495  -60.452  -10.343 0.3000000119
24236  22.013  -59.729  -10.440 0.3000000119
25079  22.403  -58.291  -10.510 0.3000000119
115906  29.018  -71.855  -4.433 0.6000000238
13553  29.908  -72.141  -4.777 0.6000000238
12260  30.801  -74.520  -6.686 0.6000000238
112370  30.836  -73.857  -7.337 0.6000000238
12877  28.225  -73.802  -3.983 0.5000000000
13555  28.624  -72.553  -4.263 0.6000000238
15069  27.734  -70.626  -4.590 0.6999999881
131965  29.064  -71.111  -4.603 0.6999999881
12892  28.787  -73.263  -4.088 0.6000000238
14308  30.066  -71.017  -5.419 0.6000000238
13573  30.557  -72.376  -5.433 0.6000000238
14319  30.310  -71.402  -6.885 0.6000000238
13600  30.744  -72.076  -7.196 0.6000000238
111127  30.943  -73.006  -7.196 0.6000000238
13609  31.208  -72.536  -8.211 0.6000000238
12955  31.122  -73.685  -9.217 0.6999999881
121299  27.280  -72.939  -4.713 0.6000000238
112811  26.655  -71.550  -4.681 0.6999999881
12893  27.494  -73.615  -4.437 0.5000000000
14293  27.526  -71.379  -4.535 0.6999999881
113041  28.149  -72.025  -4.367 0.6999999881
15085  28.869  -70.199  -5.312 0.6999999881
15067  29.420  -70.714  -4.973 0.6999999881
15083  30.086  -70.888  -6.265 0.5000000000
13610  30.959  -71.796  -8.192 0.6000000238
14337  31.231  -71.881  -8.997 0.6000000238
13618  31.093  -72.709  -9.354 0.6999999881
14356  30.010  -71.878  -10.719 0.6999999881
13619  30.458  -72.650  -10.836 0.6999999881
133845  29.842  -72.182  -12.038 0.6999999881
14376  34.132  -72.025  -13.510 0.4000000060
15156  31.811  -71.378  -12.858 0.5000000000
15157  30.490  -71.362  -13.703 0.6000000238
118822  29.478  -72.324  -14.269 0.6000000238
14363  29.158  -72.225  -13.624 0.6999999881
12218  24.618  -73.762  -5.555 0.5000000000
12895  25.827  -72.722  -5.283 0.5000000000
13558  25.764  -71.955  -4.804 0.6000000238
12911  25.907  -73.388  -5.690 0.5000000000
15071  25.582  -70.973  -4.483 0.6999999881
13557  26.637  -72.548  -5.026 0.6000000238
15869  26.367  -69.347  -4.971 0.6999999881
15854  27.075  -69.932  -4.681 0.6999999881
15868  27.344  -69.431  -5.256 0.6999999881
15095  29.513  -70.279  -6.660 0.6999999881
14329  30.507  -71.324  -7.718 0.6000000238
14338  30.747  -71.243  -8.666 0.6000000238
15131  29.545  -71.097  -10.605 0.6999999881
14357  29.302  -71.661  -12.266 0.6999999881
14364  28.685  -71.520  -13.794 0.6999999881
14371  29.119  -71.916  -14.272 0.6000000238
14372  28.757  -71.224  -14.183 0.6000000238
12191  23.329  -74.390  -4.069 0.5000000000
12219  23.761  -74.299  -4.973 0.4000000060
113663  24.432  -72.952  -4.552 0.5000000000
116088  24.047  -73.615  -4.563 0.5000000000
12896  25.054  -73.119  -5.326 0.5000000000
114894  24.025  -72.307  -4.127 0.6000000238
14294  24.688  -71.718  -4.463 0.6000000238
117532  24.803  -70.293  -4.600 0.6999999881
120664  26.025  -70.015  -4.565 0.6999999881
16591  26.723  -68.881  -5.680 0.6999999881
15880  28.805  -69.777  -6.637 0.6999999881
15107  29.630  -70.211  -7.665 0.6999999881
15106  29.994  -70.831  -7.216 0.6999999881
116570  30.177  -70.698  -8.196 0.6999999881
15132  29.524  -70.450  -9.729 0.6999999881
15933  28.785  -70.385  -10.936 0.8000000119
15151  28.324  -70.957  -13.668 0.6999999881
15944  31.143  -70.002  -12.117 0.5000000000
122216  29.448  -71.305  -14.311 0.6000000238
11538  22.528  -75.001  -3.900 0.4000000060
13543  23.282  -72.597  -3.397 0.6000000238
126447  23.863  -73.082  -4.023 0.6000000238
14295  23.795  -71.533  -4.080 0.6000000238
15855  23.439  -70.550  -4.526 0.6000000238
122087  23.942  -69.929  -4.936 0.6000000238
16592  25.625  -68.834  -5.475 0.6999999881
16597  27.082  -68.877  -6.592 0.6999999881
15867  28.256  -69.660  -5.815 0.6999999881
16607  26.501  -68.854  -7.405 0.8000000119
16606  27.389  -69.118  -7.613 0.8000000119
15913  27.996  -69.493  -9.170 0.6000000238
15925  29.103  -70.043  -9.464 0.6000000238
15145  28.066  -70.646  -12.736 0.8000000119
15144  28.662  -71.096  -12.501 0.6999999881
16654  31.901  -69.204  -11.424 0.5000000000
15149  30.214  -70.659  -13.461 0.6000000238
15946  29.100  -69.801  -13.462 0.6999999881
13544  22.748  -73.091  -2.990 0.5000000000
12170  22.127  -74.134  -2.754 0.4000000060
12171  21.424  -74.393  -2.525 0.4000000060
12878  23.309  -73.638  -3.602 0.5000000000
14296  23.242  -71.535  -3.563 0.6000000238
120469  23.149  -70.948  -4.075 0.6000000238
127144  22.799  -70.142  -4.822 0.6000000238
112421  24.395  -69.102  -5.417 0.6999999881
16598  26.065  -68.627  -6.356 0.8000000119
16617  26.850  -69.081  -8.417 0.6000000238
16627  26.840  -69.123  -10.590 0.6000000238
15934  27.915  -70.057  -11.586 0.6999999881
16658  28.327  -68.767  -13.187 0.6999999881
15945  30.058  -69.913  -12.884 0.6000000238
16657  29.066  -68.925  -12.969 0.6000000238
131998  29.496  -67.659  -11.532 0.6000000238
16655  30.880  -69.205  -11.742 0.6000000238
17374  29.739  -68.316  -11.867 0.6000000238
14268  22.920  -71.309  -2.636 0.5000000000
13534  22.420  -72.711  -2.390 0.5000000000
12852  21.878  -73.035  -1.882 0.5000000000
12158  20.868  -73.994  -1.939 0.5000000000
15053  22.777  -70.578  -3.345 0.5000000000
14281  22.910  -71.830  -3.025 0.5000000000
15856  22.465  -70.302  -4.403 0.6000000238
121511  25.946  -68.853  -8.346 0.6999999881
16628  25.964  -68.709  -10.460 0.6000000238
16642  26.603  -69.052  -11.527 0.6000000238
117030  26.548  -68.919  -12.019 0.6000000238
15948  27.066  -69.950  -12.985 0.6999999881
16659  26.925  -69.385  -12.658 0.6000000238
17387  27.578  -68.597  -13.094 0.6000000238
17375  28.991  -68.084  -12.466 0.6999999881
16640  31.555  -68.465  -11.055 0.5000000000
17365  29.686  -66.880  -10.834 0.4000000060
15038  23.065  -70.694  -2.485 0.5000000000
133118  22.340  -71.678  -1.154 0.5000000000
14254  21.865  -71.965  -0.917 0.5000000000
13502  21.129  -72.102  -0.744 0.5000000000
13503  20.189  -72.093  -0.700 0.5000000000
13505  18.787  -71.697  -1.016 0.5000000000
113251  25.728  -68.369  -11.695 0.6000000238
16671  26.509  -68.659  -12.366 0.6000000238
18142  26.506  -67.566  -12.357 0.4000000060
17377  27.567  -67.809  -12.620 0.5000000000
118105  28.092  -66.285  -11.250 0.4000000060
18919  29.451  -65.912  -10.440 0.4000000060
18129  28.855  -67.360  -11.753 0.5000000000
15817  23.359  -70.204  -1.716 0.6000000238
15006  22.958  -70.459  -0.955 0.5000000000
15007  22.376  -70.642  -0.511 0.5000000000
14235  20.814  -71.401  -0.403 0.5000000000
14236  19.933  -71.232  -0.414 0.5000000000
14237  19.136  -71.062  -0.718 0.5000000000
15010  18.742  -70.211  -1.012 0.4000000060
15026  18.389  -70.074  -2.079 0.5000000000
134026  18.095  -69.639  -2.830 0.4000000060
15832  17.617  -69.037  -2.928 0.4000000060
15843  16.508  -69.277  -3.679 0.4000000060
18143  25.894  -67.346  -12.140 0.6000000238
123518  26.884  -66.347  -11.906 0.4000000060
18928  27.481  -66.364  -11.664 0.4000000060
18920  28.594  -65.711  -10.747 0.4000000060
15795  23.225  -69.794  -0.872 0.5000000000
15797  22.007  -70.172  -0.047 0.4000000060
14992  21.333  -69.999  0.163 0.4000000060
14993  20.627  -69.659  0.189 0.5000000000
15799  19.592  -68.813  -0.450 0.4000000060
15800  19.156  -69.510  -0.745 0.5000000000
15818  18.966  -68.740  -1.188 0.4000000060
16559  18.690  -68.017  -1.499 0.5000000000
15819  18.636  -69.381  -1.537 0.5000000000
16560  18.069  -67.961  -1.948 0.3000000119
16573  17.150  -68.514  -2.432 0.3000000119
15820  16.310  -68.800  -2.123 0.3000000119
19757  26.880  -64.714  -11.622 0.4000000060
16543  23.228  -69.103  -0.364 0.5000000000
16523  22.597  -68.949  0.202 0.5000000000
15781  21.162  -69.200  0.378 0.4000000060
119079  24.446  -68.089  -1.314 0.4000000060
16542  23.844  -68.393  -0.685 0.4000000060
119102  22.478  -68.255  0.370 0.4000000060
18008  22.104  -67.087  0.214 0.4000000060
17298  24.776  -67.423  -1.377 0.4000000060
17286  23.557  -67.513  0.004 0.4000000060
17268  22.774  -67.509  0.316 0.4000000060
18032  25.084  -66.511  -1.353 0.4000000060
18024  23.730  -66.019  -0.146 0.4000000060
18025  21.873  -66.289  -0.157 0.4000000060
18026  20.834  -66.407  -0.495 0.4000000060
18023  24.457  -66.126  -0.543 0.4000000060
18047  25.519  -66.523  -2.336 0.3000000119
18807  23.394  -65.329  -0.298 0.4000000060
133124  22.825  -65.337  -0.298 0.4000000060
18809  21.184  -65.566  -0.666 0.4000000060
18819  25.609  -65.753  -1.717 0.4000000060
19644  20.628  -64.972  -1.142 0.4000000060
122839  20.929  -64.343  -1.348 0.4000000060
18818  26.117  -65.128  -2.132 0.3000000119
19651  25.546  -64.794  -1.359 0.4000000060
118004  24.862  -64.785  -0.859 0.4000000060
19641  23.654  -64.597  -0.516 0.4000000060
113800  22.871  -64.816  -0.474 0.4000000060
19643  21.420  -64.740  -0.922 0.4000000060
20479  23.025  -64.054  -0.738 0.3000000119
16643  25.728  -68.545  -11.269 0.6000000238
15073  22.759  -70.639  -3.809 0.5000000000
16672  25.642  -68.131  -11.968 0.6000000238
18929  27.162  -65.578  -11.609 0.4000000060
12926  30.913  -73.581  -6.413 0.6000000238
14369  32.322  -71.875  -13.169 0.5000000000
15943  32.282  -69.974  -11.760 0.5000000000
14370  30.889  -71.975  -13.788 0.5000000000
15148  31.443  -70.742  -12.483 0.4000000060
15897  28.679  -69.628  -7.352 0.6999999881
15150  29.231  -70.604  -14.016 0.6000000238
15072  24.176  -71.032  -4.391 0.6000000238
133452  29.152  -69.942  -8.725 0.6999999881
12192  22.659  -74.327  -3.415 0.4000000060
129092  27.574  -69.250  -8.485 0.6000000238
15926  28.476  -69.741  -10.084 0.6000000238
15954  27.585  -69.543  -13.328 0.6999999881
15953  27.815  -70.280  -13.282 0.6999999881
16669  28.357  -69.687  -13.528 0.6999999881
16656  29.927  -69.067  -12.428 0.6000000238
115649  27.247  -69.204  -9.401 0.6999999881
15927  27.665  -69.491  -10.480 0.6999999881
15935  27.060  -69.768  -11.989 0.6999999881
17376  28.243  -67.933  -12.610 0.6000000238
16641  30.600  -68.431  -11.288 0.6000000238
17364  30.247  -67.668  -10.944 0.6000000238
13517  22.249  -72.277  -1.613 0.5000000000
13518  21.546  -72.603  -1.254 0.5000000000
13519  20.735  -72.767  -1.105 0.4000000060
17388  26.892  -68.197  -12.737 0.6000000238
15055  17.682  -69.693  -3.407 0.3000000119
18131  27.095  -67.174  -12.261 0.5000000000
19747  28.363  -64.869  -10.654 0.4000000060
118369  19.873  -69.629  -0.099 0.5000000000
16572  17.809  -68.523  -2.333 0.4000000060
15833  16.829  -68.973  -2.960 0.4000000060
18805  24.996  -65.522  -0.973 0.4000000060
18806  24.242  -65.238  -0.499 0.4000000060
8355  33.710  -80.115  -5.704 0.3000000119
8966  34.452  -79.614  -6.229 0.3000000119
10352  34.693  -77.645  -13.350 0.4000000060
10985  37.794  -76.968  -14.231 0.4000000060
119256  38.536  -77.583  -13.711 0.4000000060
10350  39.284  -77.418  -13.384 0.4000000060
11654  33.540  -75.929  -13.666 0.4000000060
10354  32.758  -77.244  -12.991 0.4000000060
10990  31.995  -76.197  -13.163 0.4000000060
10977  31.353  -76.417  -12.746 0.5000000000
10343  31.434  -77.512  -12.254 0.5000000000
10967  30.858  -76.593  -12.079 0.5000000000
118825  36.364  -75.832  -14.431 0.4000000060
10987  35.293  -76.837  -13.881 0.5000000000
10353  33.733  -77.551  -13.179 0.5000000000
128733  30.380  -76.844  -10.655 0.5000000000
11660  37.378  -75.389  -14.441 0.5000000000
10986  36.472  -77.046  -14.215 0.5000000000
10992  38.262  -76.098  -14.316 0.5000000000
10984  39.043  -76.680  -13.791 0.4000000060
134706  39.272  -76.548  -13.290 0.4000000060
9701  39.459  -77.742  -12.825 0.4000000060
10332  39.389  -77.664  -12.184 0.4000000060
10321  38.011  -77.961  -11.113 0.3000000119
9653  38.118  -78.557  -9.501 0.4000000060
12989  34.586  -73.873  -14.199 0.4000000060
12357  32.353  -75.011  -13.947 0.4000000060
122223  32.263  -74.291  -13.953 0.4000000060
12361  35.344  -74.385  -14.318 0.4000000060
11653  34.369  -75.494  -13.889 0.4000000060
119058  33.405  -75.205  -13.914 0.4000000060
11655  31.463  -75.465  -13.837 0.4000000060
11656  30.929  -75.684  -13.633 0.5000000000
10978  30.700  -75.667  -13.067 0.5000000000
122570  36.425  -74.119  -14.569 0.4000000060
11652  35.364  -75.860  -14.153 0.4000000060
125337  34.435  -76.267  -13.704 0.4000000060
126927  30.291  -75.251  -13.830 0.5000000000
120114  30.565  -75.717  -12.308 0.5000000000
114584  30.533  -76.421  -11.377 0.5000000000
11628  30.623  -75.440  -10.964 0.6000000238
121839  30.916  -75.023  -10.208 0.6000000238
11622  30.638  -75.862  -9.970 0.6000000238
13627  29.907  -72.801  -12.659 0.6000000238
12966  30.581  -73.464  -11.738 0.6000000238
116863  30.988  -75.098  -9.375 0.5000000000
10975  39.304  -76.565  -12.840 0.4000000060
12948  30.856  -74.025  -8.309 0.5000000000
10333  38.726  -77.353  -11.838 0.4000000060
10334  37.690  -77.323  -11.386 0.4000000060
10310  37.781  -77.977  -9.965 0.4000000060
12982  31.562  -73.831  -13.916 0.4000000060
13645  30.796  -73.195  -14.009 0.5000000000
12983  30.267  -74.254  -14.156 0.5000000000
12984  29.711  -74.190  -14.108 0.5000000000
12344  30.348  -75.030  -12.180 0.5000000000
12978  29.605  -73.854  -14.024 0.5000000000
114855  30.439  -74.150  -12.361 0.6000000238
127254  29.400  -72.852  -14.022 0.6000000238
12973  29.811  -73.640  -13.310 0.6000000238
7752  33.259  -81.484  -5.714 0.3000000119
9612  34.662  -78.639  -5.980 0.3000000119
11604  35.552  -76.452  -7.653 0.3000000119
13650  34.935  -73.034  -14.439 0.4000000060
13642  34.318  -72.652  -14.044 0.4000000060
13643  33.415  -72.814  -13.674 0.4000000060
12981  32.797  -73.583  -13.826 0.4000000060
13644  32.166  -73.010  -13.731 0.4000000060
13637  31.475  -72.492  -13.696 0.4000000060
13638  30.203  -72.455  -14.342 0.5000000000
12315  31.023  -74.340  -9.816 0.6000000238
12298  31.079  -74.433  -9.008 0.5000000000
127995  32.572  -75.680  -13.692 0.4000000060
132672  30.429  -76.573  -10.136 0.5000000000
122140  35.598  -76.437  -8.581 0.3000000119
115497  33.378  -74.298  -13.965 0.4000000060
12358  31.314  -74.718  -14.032 0.5000000000
113619  30.080  -75.048  -13.437 0.5000000000
12354  29.881  -74.420  -13.423 0.6000000238
23344  21.077  -60.376  -11.117 0.3000000119
8340  33.100  -80.661  -5.349 0.3000000119
9702  39.104  -78.122  -13.244 0.4000000060
10324  30.556  -77.302  -10.360 0.5000000000
10336  30.592  -77.035  -11.191 0.5000000000
10341  39.429  -77.289  -12.607 0.4000000060
10974  39.401  -77.039  -13.131 0.4000000060
10988  33.625  -76.686  -13.380 0.4000000060
10989  32.888  -76.328  -13.409 0.4000000060
10993  37.049  -76.341  -14.476 0.5000000000
10994  36.084  -76.413  -14.329 0.5000000000
11539  21.989  -74.765  -3.121 0.4000000060
11577  23.326  -74.860  -5.395 0.4000000060
11638  30.506  -75.816  -11.517 0.5000000000
11657  29.889  -74.786  -14.076 0.5000000000
11659  38.641  -75.213  -14.240 0.5000000000
12190  27.694  -74.387  -3.998 0.5000000000
12236  30.775  -74.246  -5.760 0.6000000238
12329  30.739  -74.398  -11.022 0.6000000238
12356  34.347  -74.712  -14.055 0.4000000060
12853  21.216  -73.325  -1.558 0.5000000000
12854  20.379  -73.467  -1.479 0.4000000060
12863  22.225  -73.412  -2.544 0.4000000060
12864  21.635  -73.745  -2.158 0.5000000000
12879  22.590  -73.719  -3.085 0.5000000000
12941  31.044  -73.322  -7.905 0.6000000238
12956  30.864  -73.515  -10.265 0.6999999881
12980  33.916  -73.387  -13.965 0.4000000060
13504  19.333  -72.322  -0.912 0.5000000000
13521  18.629  -72.365  -1.360 0.5000000000
13554  29.358  -72.729  -4.404 0.6000000238
13556  27.421  -72.196  -4.608 0.6999999881
13559  24.969  -72.436  -4.788 0.5000000000
13589  30.846  -72.669  -6.249 0.6000000238
13639  29.643  -73.286  -14.129 0.5000000000
14233  22.132  -71.340  -0.685 0.5000000000
14234  21.524  -71.531  -0.568 0.5000000000
14253  22.711  -71.626  -1.706 0.5000000000
14269  22.723  -72.079  -2.369 0.5000000000
14282  22.776  -72.450  -2.850 0.5000000000
14290  30.253  -71.654  -5.269 0.6000000238
14291  29.685  -71.353  -4.802 0.6000000238
14292  28.357  -71.261  -4.492 0.6999999881
14307  30.481  -71.687  -6.049 0.6000000238
14348  30.490  -71.482  -9.563 0.6000000238
15008  21.576  -70.826  -0.246 0.5000000000
15009  19.491  -70.363  -0.424 0.5000000000
15024  23.033  -70.961  -1.685 0.5000000000
15025  22.662  -71.145  -1.061 0.5000000000
15068  28.605  -70.621  -4.725 0.6999999881
15070  26.787  -70.704  -4.534 0.6999999881
15084  29.587  -70.474  -5.733 0.6999999881
15118  30.138  -70.777  -9.218 0.6000000238
15119  29.628  -70.206  -8.692 0.6999999881
15155  33.031  -71.201  -12.560 0.5000000000
15158  28.478  -70.585  -13.738 0.6999999881
15159  28.006  -70.630  -13.396 0.6999999881
15780  21.969  -69.494  0.258 0.5000000000
15796  22.617  -69.788  -0.309 0.4000000060
15830  23.085  -70.166  -2.807 0.6000000238
15831  18.190  -69.187  -2.320 0.4000000060
15853  28.013  -69.992  -4.961 0.6999999881
15857  22.143  -69.885  -4.477 0.6999999881
15866  29.070  -69.993  -6.001 0.6999999881
15881  27.989  -69.375  -6.853 0.8000000119
15896  29.178  -69.903  -7.254 0.6999999881
15898  28.267  -69.374  -8.030 0.6999999881
15911  29.091  -69.754  -8.061 0.6999999881
15912  28.674  -69.771  -8.863 0.6000000238
15947  27.499  -70.343  -12.874 0.8000000119
16524  21.834  -68.683  0.408 0.4000000060
16558  23.677  -69.350  -1.256 0.5000000000
16571  18.368  -68.625  -1.841 0.5000000000
16585  25.266  -69.470  -4.896 0.6999999881
16600  23.412  -69.014  -5.942 0.6999999881
16609  24.311  -68.631  -7.310 0.8000000119
16611  21.844  -68.324  -8.960 0.6999999881
16618  26.392  -68.935  -9.410 0.6000000238
16619  24.900  -68.711  -8.305 0.8000000119
16620  21.763  -68.476  -9.906 0.6000000238
16630  23.427  -68.731  -9.930 0.6000000238
16633  21.787  -68.482  -10.423 0.6000000238
16639  32.383  -68.488  -11.117 0.5000000000
16645  22.655  -68.587  -10.755 0.6000000238
16646  21.895  -68.474  -10.724 0.5000000000
16670  26.974  -69.232  -13.036 0.6999999881
17285  24.229  -67.504  -0.646 0.4000000060
17321  25.078  -67.005  -3.129 0.5000000000
17337  21.686  -68.331  -6.866 0.6000000238
17366  21.670  -68.183  -10.516 0.6000000238
17389  26.203  -67.981  -12.308 0.6000000238
17390  25.523  -67.698  -12.093 0.6000000238
18006  23.283  -66.740  0.131 0.4000000060
18007  22.632  -66.721  0.189 0.4000000060
18073  23.312  -67.080  -5.055 0.5000000000
18089  21.705  -67.373  -7.644 0.6000000238
18118  28.768  -66.551  -11.123 0.5000000000
18120  21.506  -67.536  -10.340 0.5000000000
18130  27.989  -67.106  -11.863 0.4000000060
18132  26.397  -66.829  -12.069 0.6000000238
18134  22.645  -67.251  -11.532 0.5000000000
18135  21.822  -67.104  -11.216 0.5000000000
18795  22.875  -65.945  -0.023 0.4000000060
18808  22.166  -65.278  -0.435 0.4000000060
18830  26.381  -65.303  -2.933 0.4000000060
18831  25.910  -65.846  -2.553 0.3000000119
18852  26.202  -65.391  -4.631 0.4000000060
18867  25.349  -65.863  -4.893 0.5000000000
18879  25.602  -65.441  -6.356 0.4000000060
18921  27.840  -65.591  -11.129 0.4000000060
18922  21.804  -65.708  -10.951 0.5000000000
19642  22.218  -64.371  -0.814 0.4000000060
19666  26.629  -64.572  -2.623 0.3000000119
19681  27.352  -64.308  -4.822 0.4000000060
19700  26.481  -64.667  -6.061 0.4000000060
19719  26.070  -64.104  -8.176 0.4000000060
19721  24.738  -65.036  -9.032 0.3000000119
19770  24.607  -64.103  -12.313 0.5000000000
19773  21.622  -64.262  -11.730 0.6000000238
20516  27.822  -63.609  -4.500 0.4000000060
20585  21.264  -63.322  -11.384 0.5000000000
20597  21.248  -63.712  -11.733 0.5000000000
20604  23.888  -63.514  -12.332 0.5000000000
20606  21.721  -63.916  -12.031 0.6000000238
21446  26.271  -62.623  -8.621 0.4000000060
21458  24.755  -62.579  -9.719 0.5000000000
21459  23.954  -62.874  -10.217 0.3000000119
21460  22.949  -61.760  -10.277 0.3000000119
22371  21.991  -61.198  -10.595 0.3000000119
24243  21.254  -59.790  -10.912 0.4000000060
25113  21.898  -58.410  -11.483 0.4000000060
25910  22.175  -56.751  -10.937 0.4000000060
110948  21.793  -68.625  -6.257 0.6000000238
111687  23.835  -67.434  -11.902 0.6000000238
111891  22.044  -68.912  -6.332 0.6999999881
113307  39.275  -77.081  -12.404 0.4000000060
113814  17.183  -69.305  -3.463 0.4000000060
113911  22.045  -67.015  -7.013 0.4000000060
113940  25.373  -68.748  -9.363 0.6999999881
114564  30.847  -74.980  -8.488 0.5000000000
116665  22.883  -71.140  -3.275 0.5000000000
116725  22.267  -59.059  -11.853 0.4000000060
116961  25.626  -66.350  -2.989 0.4000000060
117123  30.496  -75.116  -14.049 0.5000000000
118561  29.783  -71.886  -14.400 0.6000000238
118736  27.978  -72.904  -4.251 0.6000000238
118898  22.206  -68.496  -8.619 0.6999999881
119339  20.504  -70.489  -0.073 0.5000000000
119962  27.523  -69.127  -5.995 0.6999999881
119990  33.523  -80.844  -5.973 0.3000000119
120097  23.969  -66.772  -0.235 0.4000000060
120637  26.916  -69.509  -12.384 0.6999999881
120739  23.143  -68.298  0.184 0.4000000060
123012  26.590  -61.956  -12.114 0.4000000060
123052  30.747  -66.849  -10.406 0.6000000238
123083  21.882  -57.866  -11.226 0.4000000060
123176  21.915  -57.713  -11.052 0.4000000060
123177  21.444  -59.221  -11.089 0.4000000060
123201  30.405  -76.247  -10.796 0.5000000000
123334  23.208  -63.340  -0.979 0.3000000119
124342  27.217  -63.114  -11.392 0.5000000000
124514  22.594  -56.697  -10.544 0.4000000060
124632  21.360  -63.934  -11.411 0.5000000000
125094  34.233  -80.549  -6.367 0.3000000119
125127  31.220  -73.238  -8.586 0.5000000000
126524  23.992  -65.424  -9.168 0.4000000060
126793  36.103  -75.041  -14.416 0.4000000060
127410  21.666  -67.735  -6.880 0.5000000000
127650  34.361  -76.966  -13.486 0.5000000000
128217  26.098  -65.129  -6.221 0.4000000060
128836  27.354  -63.181  -6.687 0.3000000119
129129  23.128  -68.720  -7.414 0.8000000119
129680  19.465  -71.717  -0.678 0.5000000000
130018  35.085  -75.090  -14.137 0.4000000060
130196  30.731  -72.124  -9.723 0.6999999881
130678  24.541  -66.860  -0.758 0.4000000060
133189  26.302  -73.144  -5.444 0.5000000000
133556  23.892  -68.358  -3.344 0.5000000000
133704  21.568  -68.112  -8.338 0.6999999881
134254  29.708  -74.484  -14.005 0.5000000000
