#!ascii label  , from subject bert vox2ras=TkReg
1455
128825  40.059  -58.089  -12.401 0.6000000238
25931  40.916  -57.375  -13.796 0.5000000000
27549  40.501  -55.508  -11.424 0.6999999881
26730  39.974  -55.954  -10.861 0.6000000238
122193  39.318  -56.262  -10.625 0.6000000238
27538  39.251  -55.449  -10.365 0.6000000238
130051  40.638  -56.660  -12.229 0.6999999881
25912  40.231  -57.181  -11.861 0.6000000238
26731  39.720  -56.868  -11.078 0.5000000000
26732  38.881  -56.864  -10.623 0.5000000000
124553  38.545  -56.087  -10.403 0.6000000238
28366  38.892  -54.809  -9.990 0.6000000238
26754  41.080  -56.514  -12.996 0.5000000000
25921  40.593  -57.338  -12.775 0.5000000000
25913  39.696  -57.723  -11.552 0.6000000238
27526  38.215  -55.233  -10.063 0.6000000238
25938  40.481  -58.010  -14.901 0.5000000000
25123  40.520  -58.190  -15.778 0.5000000000
29216  40.298  -53.448  -10.541 0.6000000238
29202  39.586  -53.713  -10.065 0.6999999881
27548  40.932  -55.050  -12.138 0.6000000238
28380  40.642  -54.590  -11.370 0.6999999881
28364  40.201  -54.181  -10.664 0.6000000238
28365  39.509  -54.592  -10.249 0.6000000238
27558  41.258  -55.562  -12.845 0.6000000238
27559  40.846  -55.947  -12.145 0.6999999881
28353  38.406  -54.406  -9.816 0.6000000238
26764  41.325  -56.648  -14.025 0.5000000000
28354  37.729  -54.595  -9.922 0.6000000238
25930  40.967  -57.243  -14.682 0.5000000000
25937  40.863  -57.435  -15.509 0.5000000000
29217  37.166  -54.243  -10.092 0.6000000238
29218  36.619  -53.791  -10.487 0.6999999881
28368  36.490  -54.609  -10.522 0.6000000238
29232  36.280  -53.361  -11.446 0.6999999881
123283  36.196  -54.169  -11.060 0.6000000238
29233  36.068  -54.222  -12.108 0.6000000238
28393  36.450  -53.904  -13.806 0.6000000238
28394  36.102  -54.882  -13.098 0.6000000238
30208  37.601  -52.262  -17.215 0.5000000000
31065  36.458  -51.271  -16.172 0.6999999881
30198  36.772  -52.258  -16.944 0.6000000238
31879  36.705  -50.438  -16.225 0.8000000119
30185  35.492  -51.973  -15.561 0.6999999881
30140  40.520  -52.124  -10.186 0.6000000238
30121  39.819  -52.185  -9.696 0.6999999881
28379  41.147  -54.121  -12.119 0.6999999881
29231  40.827  -53.575  -11.276 0.6999999881
30153  40.667  -52.796  -10.743 0.6000000238
28352  39.053  -54.233  -9.837 0.6999999881
123558  39.302  -52.924  -9.754 0.6999999881
28392  41.407  -54.662  -12.889 0.6000000238
134193  38.665  -52.842  -9.607 0.8000000119
28407  41.862  -54.366  -13.781 0.5000000000
27570  41.609  -55.249  -13.587 0.5000000000
122852  38.041  -53.087  -9.651 0.8000000119
29204  37.863  -53.898  -9.752 0.6000000238
27569  41.879  -55.092  -14.243 0.5000000000
30124  37.581  -52.469  -9.722 0.8000000119
30125  36.937  -52.516  -10.131 0.8000000119
124389  36.691  -53.080  -10.555 0.8000000119
29205  37.279  -53.316  -9.983 0.6999999881
126678  36.300  -52.657  -12.218 0.6999999881
30141  36.461  -52.388  -11.117 0.6999999881
30168  36.760  -52.422  -13.598 0.6999999881
124931  36.409  -51.896  -12.328 0.6999999881
31049  36.910  -51.492  -13.807 0.6000000238
29246  36.424  -53.309  -12.935 0.6000000238
30184  37.841  -52.085  -15.816 0.6999999881
117344  37.572  -52.804  -15.949 0.6999999881
122750  37.143  -53.021  -14.653 0.6000000238
31071  38.055  -51.759  -17.274 0.6999999881
30197  37.862  -52.495  -16.831 0.6000000238
31076  38.103  -51.059  -17.298 0.8000000119
31077  37.794  -51.790  -17.352 0.8000000119
31889  37.809  -50.129  -17.115 0.8999999762
32689  35.355  -50.093  -14.735 0.6999999881
32713  36.711  -49.345  -16.255 0.8000000119
31865  35.546  -50.734  -15.033 0.6999999881
31017  40.361  -51.320  -9.685 0.6000000238
113071  39.825  -50.785  -9.202 0.6999999881
31048  41.919  -51.762  -12.512 0.4000000060
29230  41.377  -53.166  -12.168 0.6000000238
30139  41.086  -52.001  -10.984 0.6000000238
31018  39.444  -51.471  -9.330 0.6999999881
30167  41.840  -52.608  -12.970 0.6000000238
31019  38.588  -51.549  -9.304 0.8000000119
114297  42.595  -53.089  -14.300 0.4000000060
29261  42.141  -53.352  -13.704 0.5000000000
29245  41.587  -53.688  -12.954 0.6000000238
28406  42.105  -54.679  -14.585 0.5000000000
124645  37.816  -51.705  -9.492 0.8000000119
27574  41.992  -55.318  -14.986 0.4000000060
31033  36.730  -51.253  -10.068 0.8000000119
27579  41.777  -56.098  -15.413 0.5000000000
31038  36.471  -51.381  -11.179 0.8000000119
131514  36.867  -50.464  -13.565 0.8000000119
111095  36.500  -51.140  -12.464 0.6999999881
31064  37.739  -51.075  -15.343 0.8000000119
122194  37.332  -49.383  -14.452 0.8999999762
31864  37.951  -50.513  -15.752 0.8999999762
112800  38.230  -51.107  -16.763 0.8999999762
32706  34.968  -49.297  -14.567 0.8000000119
32690  34.407  -49.748  -13.806 0.8000000119
33441  35.516  -48.888  -15.225 0.8000000119
32705  36.172  -49.668  -15.601 0.6999999881
31811  40.514  -50.412  -9.342 0.6999999881
31803  39.761  -49.972  -8.765 0.6000000238
31032  41.056  -51.361  -10.466 0.6000000238
31827  41.097  -50.700  -10.010 0.5000000000
31037  41.944  -51.165  -12.013 0.4000000060
31031  41.568  -51.280  -11.264 0.5000000000
31826  41.606  -50.722  -10.767 0.6000000238
31812  38.997  -50.684  -8.916 0.6999999881
31020  38.077  -50.922  -9.219 0.6999999881
31070  42.896  -51.596  -14.056 0.5000000000
29268  42.898  -53.251  -15.040 0.4000000060
32644  36.911  -49.785  -10.009 0.8000000119
31815  36.922  -50.620  -9.823 0.8000000119
110839  42.871  -54.022  -15.630 0.4000000060
31828  36.591  -50.567  -10.592 0.8000000119
125692  37.157  -51.834  -9.804 0.8000000119
27578  42.202  -55.478  -15.894 0.3000000119
32673  36.905  -49.411  -13.054 0.8000000119
32667  36.689  -49.154  -11.694 0.8000000119
31835  36.473  -50.532  -11.797 0.8000000119
33422  37.075  -48.644  -13.352 0.8000000119
129198  36.559  -49.869  -12.193 0.8000000119
131124  37.387  -48.803  -14.383 0.8999999762
112670  37.299  -49.930  -14.486 0.8999999762
33430  37.686  -48.479  -14.851 0.8999999762
115055  38.003  -50.066  -15.856 0.8999999762
130598  38.071  -49.454  -16.035 0.8999999762
33440  37.954  -49.496  -15.839 0.8999999762
32704  38.328  -49.991  -17.128 0.8999999762
33455  34.911  -48.102  -15.452 0.8000000119
33431  33.916  -48.909  -14.068 0.8000000119
32703  37.580  -49.759  -16.715 0.8999999762
32712  37.722  -49.791  -17.076 0.8999999762
114474  35.930  -48.673  -15.731 0.8000000119
117056  37.812  -49.631  -17.140 0.8000000119
31810  41.266  -50.013  -9.649 0.6000000238
32642  40.718  -49.588  -9.037 0.6000000238
32631  40.190  -49.026  -8.714 0.6000000238
32657  41.932  -49.757  -10.142 0.6000000238
128870  42.331  -50.694  -12.081 0.4000000060
31833  42.549  -50.316  -11.649 0.4000000060
31825  42.132  -50.144  -10.914 0.4000000060
31804  39.006  -49.875  -8.690 0.6999999881
31047  42.377  -51.002  -12.733 0.4000000060
31813  38.287  -50.054  -8.995 0.6999999881
31063  42.721  -51.092  -13.431 0.5000000000
32643  37.682  -49.321  -9.338 0.6999999881
31062  43.249  -50.868  -13.858 0.5000000000
33407  37.184  -48.208  -10.283 0.8000000119
33416  36.818  -48.490  -12.254 0.8000000119
32659  36.824  -49.034  -10.658 0.8000000119
125140  37.450  -47.316  -13.147 0.8000000119
34145  37.913  -47.589  -14.651 0.8999999762
34155  38.372  -47.589  -15.424 0.8999999762
33452  38.304  -49.658  -16.840 0.8999999762
34156  35.017  -47.593  -15.970 0.8000000119
33460  38.380  -49.473  -17.378 1.0000000000
33454  35.876  -48.203  -16.014 0.8000000119
134126  38.397  -49.221  -17.562 1.0000000000
33453  36.808  -49.080  -16.475 0.8000000119
34162  36.698  -48.112  -17.152 0.8000000119
32630  40.957  -48.808  -8.902 0.6000000238
33384  40.543  -48.252  -8.641 0.6000000238
32640  42.404  -49.162  -9.878 0.6000000238
34086  40.129  -47.652  -8.578 0.6999999881
32656  42.762  -49.835  -11.113 0.4000000060
128477  42.439  -49.654  -10.550 0.4000000060
31844  42.837  -50.485  -12.361 0.4000000060
32633  38.552  -49.208  -8.864 0.6999999881
31862  43.692  -50.449  -13.521 0.5000000000
132447  43.809  -50.074  -12.109 0.4000000060
33395  38.201  -48.494  -9.221 0.8000000119
34105  37.067  -47.698  -10.943 0.8000000119
34095  37.869  -47.730  -9.681 0.8000000119
34124  37.265  -47.081  -12.235 0.8000000119
33408  36.796  -48.348  -11.223 0.8000000119
34872  37.777  -46.853  -13.718 0.8000000119
34125  37.034  -47.833  -12.710 0.8000000119
34132  37.641  -47.630  -13.952 0.8999999762
113474  38.147  -48.587  -15.665 0.8999999762
33451  38.614  -48.628  -16.426 1.0000000000
34161  39.134  -48.609  -17.230 1.0000000000
116582  38.816  -49.044  -17.678 1.0000000000
34163  35.750  -47.551  -16.562 0.8000000119
125528  39.108  -48.513  -18.300 1.0000000000
34172  37.279  -48.005  -17.713 0.8000000119
33461  37.734  -48.960  -17.422 0.8000000119
33394  42.025  -48.632  -9.181 0.6000000238
32641  41.575  -49.270  -9.403 0.6000000238
33383  41.412  -48.190  -8.734 0.6000000238
34087  39.386  -47.695  -8.771 0.6999999881
117885  39.769  -46.974  -8.678 0.6999999881
114452  43.450  -49.562  -11.003 0.4000000060
113254  42.918  -49.336  -10.511 0.5000000000
32639  43.016  -48.847  -10.003 0.5000000000
34094  38.645  -47.747  -9.171 0.8000000119
34829  39.028  -47.002  -9.073 0.8000000119
31832  43.286  -50.104  -11.774 0.4000000060
119519  38.401  -47.123  -9.470 0.8000000119
111478  44.795  -49.552  -11.885 0.4000000060
32666  44.104  -49.716  -11.581 0.4000000060
34117  37.305  -47.069  -11.270 0.8000000119
34104  37.456  -47.312  -10.395 0.8000000119
34866  37.559  -46.585  -12.759 0.8000000119
34884  38.125  -46.776  -14.575 0.8999999762
127578  38.221  -46.040  -14.766 0.8000000119
34154  39.050  -47.548  -16.337 1.0000000000
34902  39.575  -47.810  -17.462 1.0000000000
35789  39.545  -46.903  -17.190 1.0000000000
34919  39.878  -47.434  -19.117 1.0000000000
34913  36.837  -46.870  -17.723 0.8999999762
34164  34.578  -46.972  -16.315 0.8000000119
34904  35.223  -46.487  -16.821 0.8999999762
34912  38.030  -47.637  -18.369 1.0000000000
35799  37.576  -46.167  -18.214 1.0000000000
34914  35.909  -46.430  -17.349 1.0000000000
35806  39.957  -46.655  -19.466 1.0000000000
35812  40.543  -45.846  -19.703 1.0000000000
36652  39.661  -45.708  -19.611 1.0000000000
36653  38.470  -44.727  -19.286 1.0000000000
36659  40.908  -44.832  -20.053 1.0000000000
36660  39.913  -45.020  -19.972 1.0000000000
34084  41.631  -47.455  -8.609 0.6999999881
121099  40.454  -47.059  -8.552 0.6999999881
123605  41.071  -46.013  -8.663 0.6999999881
34093  42.959  -47.160  -9.127 0.6000000238
34826  42.197  -46.903  -8.701 0.6000000238
33393  42.731  -48.450  -9.496 0.6000000238
32655  43.535  -48.922  -10.379 0.5000000000
35721  38.864  -45.569  -9.575 0.8000000119
33415  44.764  -49.052  -11.378 0.4000000060
34837  38.605  -46.358  -9.550 0.8000000119
34847  37.717  -46.535  -10.706 0.8000000119
34859  37.589  -46.315  -11.734 0.8000000119
35754  37.627  -45.819  -12.509 0.8000000119
35761  37.804  -46.054  -13.947 0.6999999881
118173  37.659  -46.139  -13.231 0.8000000119
35783  38.127  -45.266  -15.064 0.8000000119
35782  38.817  -46.202  -15.828 0.8999999762
36629  38.490  -45.203  -15.851 1.0000000000
115510  39.185  -45.658  -16.952 1.0000000000
37444  38.877  -44.363  -17.067 1.0000000000
34911  40.140  -47.329  -18.223 1.0000000000
36645  40.261  -45.428  -18.075 1.0000000000
35798  40.381  -46.520  -18.165 1.0000000000
37453  41.148  -44.797  -19.539 1.0000000000
35805  40.918  -45.462  -19.496 1.0000000000
35800  36.239  -45.741  -17.611 1.0000000000
36658  41.124  -44.603  -19.852 1.0000000000
35807  38.705  -45.918  -19.034 1.0000000000
35808  37.436  -45.004  -18.511 1.0000000000
37463  37.822  -43.529  -19.261 1.0000000000
37471  39.834  -43.398  -20.401 1.0000000000
36661  39.066  -43.978  -19.828 1.0000000000
35707  41.882  -45.979  -8.818 0.6999999881
35710  40.043  -45.623  -8.820 0.6999999881
34834  43.466  -46.566  -9.518 0.5000000000
34836  39.422  -46.134  -8.988 0.6999999881
116723  43.035  -47.835  -9.389 0.6000000238
33391  44.156  -48.200  -10.322 0.5000000000
34092  43.657  -47.442  -9.740 0.5000000000
132585  38.487  -45.820  -9.846 0.8000000119
35733  38.372  -45.324  -10.215 0.8000000119
35734  37.947  -45.769  -10.939 0.6999999881
35747  37.776  -45.448  -11.714 0.8000000119
113429  37.589  -44.970  -12.370 0.8000000119
35774  37.831  -45.307  -14.185 0.6999999881
112580  37.590  -45.339  -13.274 0.6999999881
36630  38.085  -44.366  -15.386 0.8999999762
37423  37.910  -43.632  -14.564 0.8000000119
113919  37.901  -42.789  -14.683 0.8000000119
119095  37.754  -42.079  -14.793 0.8000000119
36635  38.519  -44.665  -16.238 0.8999999762
37434  38.086  -43.364  -15.407 0.8000000119
38281  38.033  -42.452  -15.446 0.8000000119
37445  38.275  -43.959  -16.113 0.8999999762
38287  38.372  -43.125  -16.412 0.8999999762
39197  38.022  -41.503  -15.277 0.8000000119
117760  38.942  -43.443  -17.394 1.0000000000
131095  40.937  -45.053  -18.798 1.0000000000
36644  40.941  -45.970  -18.975 1.0000000000
38298  41.395  -43.716  -19.949 1.0000000000
37462  41.318  -44.048  -20.091 1.0000000000
127174  41.633  -42.560  -20.455 1.0000000000
38310  41.480  -42.843  -20.908 1.0000000000
38307  38.545  -42.798  -19.747 1.0000000000
38304  41.650  -42.681  -20.824 1.0000000000
129571  41.698  -42.242  -21.146 1.0000000000
38306  39.710  -42.268  -20.747 1.0000000000
35718  42.546  -45.464  -9.375 0.6999999881
35719  41.886  -45.224  -9.234 0.6999999881
35708  41.219  -45.405  -8.972 0.6999999881
36541  40.472  -44.976  -9.113 0.6999999881
35717  43.294  -45.753  -9.601 0.6000000238
35720  39.558  -45.204  -9.245 0.6999999881
34833  44.046  -46.737  -9.862 0.5000000000
36554  38.924  -44.615  -9.755 0.6999999881
34091  44.428  -47.263  -10.212 0.5000000000
36568  38.375  -44.570  -10.440 0.6999999881
36586  37.813  -44.726  -11.648 0.6999999881
36585  38.012  -44.080  -11.047 0.6999999881
125332  37.610  -44.422  -12.973 0.6999999881
36619  37.864  -44.510  -14.418 0.6999999881
130335  37.718  -44.673  -13.688 0.6999999881
38271  37.645  -42.206  -14.139 0.8000000119
39165  37.716  -41.543  -13.625 0.8000000119
133018  38.088  -40.442  -13.615 0.8000000119
39181  37.791  -41.484  -14.410 0.8000000119
40122  38.066  -40.796  -14.680 0.8000000119
38286  38.750  -42.462  -17.271 1.0000000000
39208  38.282  -41.985  -16.239 0.8999999762
40138  38.269  -40.754  -15.359 0.8000000119
39207  38.667  -41.424  -17.082 1.0000000000
39196  38.369  -41.074  -16.076 0.8000000119
37454  39.931  -44.289  -18.053 1.0000000000
38292  39.605  -43.147  -18.229 1.0000000000
38299  40.786  -44.061  -19.024 1.0000000000
122914  40.667  -42.836  -19.327 1.0000000000
39222  41.441  -41.463  -20.645 1.0000000000
128827  37.563  -42.688  -19.127 1.0000000000
38301  37.039  -42.991  -18.665 1.0000000000
39231  41.844  -42.030  -21.047 1.0000000000
40192  40.962  -40.745  -21.080 1.0000000000
132684  40.215  -41.612  -21.231 1.0000000000
118172  38.629  -41.863  -20.042 1.0000000000
39239  40.565  -41.014  -21.329 1.0000000000
36551  42.349  -44.565  -9.661 0.6999999881
36540  41.389  -44.682  -9.326 0.6999999881
36552  40.737  -44.077  -9.343 0.6000000238
36553  39.803  -44.313  -9.354 0.6000000238
37356  39.325  -43.682  -9.717 0.6000000238
122510  38.628  -43.851  -10.253 0.6999999881
37390  37.897  -43.217  -11.492 0.6999999881
37389  38.395  -43.191  -10.748 0.6999999881
36597  37.681  -44.036  -12.080 0.6999999881
111468  37.685  -43.700  -12.816 0.6999999881
39154  37.816  -41.668  -12.826 0.8000000119
37410  37.657  -43.075  -13.098 0.6999999881
38259  37.624  -42.322  -13.355 0.8000000119
41034  38.539  -39.334  -13.722 0.8000000119
41045  38.581  -39.429  -14.621 0.8000000119
40137  38.551  -40.286  -15.845 0.8000000119
40152  38.761  -40.547  -16.788 0.8000000119
41072  38.983  -39.688  -16.463 0.8000000119
39215  39.657  -41.847  -18.251 1.0000000000
40163  39.301  -40.788  -17.795 1.0000000000
41081  39.262  -39.960  -17.507 0.6999999881
40174  40.060  -40.908  -18.861 1.0000000000
40173  40.849  -40.443  -20.037 1.0000000000
41090  40.222  -39.373  -19.919 1.0000000000
38293  36.310  -42.354  -18.229 1.0000000000
40185  41.145  -40.765  -20.788 1.0000000000
40193  40.375  -39.935  -21.313 1.0000000000
39233  38.072  -41.178  -19.904 1.0000000000
121934  37.047  -42.154  -18.779 1.0000000000
39232  39.357  -41.168  -20.904 1.0000000000
38217  38.821  -42.490  -10.561 0.6000000238
38237  38.281  -42.468  -11.145 0.6999999881
38238  37.915  -42.472  -11.862 0.6999999881
38252  37.728  -42.421  -12.595 0.6999999881
39136  38.003  -41.886  -12.206 0.8000000119
40100  38.026  -40.812  -13.124 0.6999999881
117228  38.298  -40.012  -13.289 0.6999999881
41946  38.899  -38.727  -14.256 0.6999999881
41960  38.972  -38.816  -15.140 0.6999999881
41969  39.107  -38.978  -16.008 0.6999999881
41071  39.265  -39.234  -17.267 0.8000000119
118868  39.155  -39.113  -16.592 0.6999999881
40162  39.801  -40.059  -18.748 0.8999999762
41982  39.644  -38.565  -19.437 1.0000000000
39225  36.481  -41.542  -18.558 1.0000000000
41098  40.640  -39.785  -20.909 1.0000000000
41099  39.728  -39.243  -21.294 1.0000000000
37354  41.011  -43.252  -9.576 0.6000000238
38203  40.474  -42.697  -9.725 0.6000000238
38204  39.940  -42.201  -9.990 0.6000000238
37373  39.693  -42.920  -9.798 0.6000000238
39118  39.978  -41.411  -10.240 0.6000000238
39119  39.353  -41.913  -10.381 0.6000000238
39120  38.751  -41.781  -10.876 0.6000000238
39135  38.300  -41.777  -11.566 0.6000000238
40084  38.766  -40.321  -11.723 0.6999999881
41010  38.470  -40.186  -12.496 0.6999999881
41927  38.963  -38.645  -13.381 0.6999999881
41926  39.315  -38.122  -13.917 0.6999999881
41945  39.313  -38.157  -14.766 0.6999999881
132022  39.606  -37.586  -15.137 0.6999999881
49198  45.152  -30.801  -17.546 0.3000000119
41968  39.325  -38.534  -16.778 0.6999999881
41959  39.409  -38.138  -15.739 0.6999999881
133507  33.436  -42.143  -15.653 0.8999999762
41080  39.585  -39.279  -18.449 1.0000000000
39209  34.960  -41.503  -16.977 1.0000000000
39216  35.965  -41.575  -18.084 1.0000000000
39217  35.621  -41.950  -17.575 1.0000000000
41986  40.103  -38.678  -20.738 1.0000000000
41987  39.266  -38.202  -21.111 1.0000000000
41105  40.073  -38.916  -21.206 1.0000000000
40187  38.676  -40.125  -20.494 1.0000000000
39224  37.156  -41.360  -19.139 1.0000000000
41100  38.565  -39.015  -20.698 1.0000000000
38215  41.833  -42.166  -10.209 0.6000000238
39110  40.805  -41.879  -10.055 0.6000000238
39117  41.543  -41.189  -10.402 0.6000000238
117494  40.642  -41.071  -10.326 0.6000000238
40069  40.973  -40.454  -10.522 0.6000000238
40999  40.584  -39.795  -10.733 0.6999999881
41000  39.845  -39.767  -10.932 0.6999999881
40071  39.316  -41.133  -10.624 0.6000000238
41009  39.272  -39.696  -11.515 0.6999999881
42766  44.848  -37.039  -12.030 0.3000000119
43575  44.843  -36.281  -12.259 0.3000000119
133863  38.848  -39.672  -12.054 0.6999999881
41914  39.233  -38.451  -12.568 0.6999999881
42777  39.612  -37.494  -13.510 0.6999999881
48215  44.444  -31.412  -15.820 0.3000000119
48225  44.470  -31.548  -16.871 0.4000000060
48240  44.740  -31.787  -17.957 0.4000000060
124494  32.801  -42.297  -15.457 0.6999999881
38272  32.093  -42.469  -15.153 0.6999999881
48271  46.820  -33.101  -22.080 0.3000000119
49213  45.405  -31.206  -18.412 0.3000000119
42813  39.598  -37.648  -16.616 0.6999999881
39198  33.798  -41.666  -15.931 0.8999999762
48261  46.950  -32.567  -21.508 0.3000000119
48251  45.402  -32.121  -18.884 0.3000000119
113820  39.475  -37.941  -17.468 0.8000000119
112545  34.180  -41.154  -16.470 0.8999999762
48262  46.610  -33.043  -20.864 0.3000000119
124684  45.449  -33.250  -19.299 0.3000000119
115637  39.387  -37.742  -18.687 0.8000000119
42824  39.329  -37.196  -19.673 1.0000000000
40164  36.079  -41.001  -18.249 1.0000000000
41989  39.491  -37.947  -20.919 1.0000000000
40175  37.448  -40.478  -19.519 1.0000000000
40176  36.613  -40.716  -18.769 1.0000000000
41091  37.746  -39.671  -19.930 1.0000000000
42834  38.607  -37.677  -21.024 1.0000000000
41988  38.148  -38.206  -20.772 1.0000000000
42829  37.784  -37.620  -20.625 1.0000000000
41007  40.990  -39.189  -10.994 0.6999999881
41008  40.340  -39.284  -11.093 0.6999999881
42755  44.208  -37.576  -11.575 0.4000000060
41904  40.460  -38.663  -11.349 0.6999999881
41905  39.742  -38.166  -11.836 0.6999999881
113925  39.250  -39.039  -12.004 0.6999999881
44377  44.225  -35.837  -12.134 0.4000000060
42768  39.631  -37.654  -12.557 0.6999999881
45270  44.414  -34.557  -12.578 0.3000000119
44378  43.521  -35.500  -12.167 0.5000000000
42776  40.114  -36.871  -13.009 0.6999999881
42798  39.949  -36.895  -14.045 0.6999999881
45271  43.504  -34.682  -12.555 0.5000000000
42799  39.602  -37.527  -14.395 0.6999999881
47225  43.983  -32.659  -13.826 0.4000000060
46228  42.820  -33.685  -13.840 0.6000000238
47234  43.431  -32.641  -14.905 0.5000000000
42810  39.937  -37.005  -14.925 0.6999999881
47233  44.378  -32.177  -14.416 0.3000000119
131730  39.928  -37.229  -15.804 0.6999999881
47293  44.122  -34.070  -21.432 0.4000000060
47255  43.665  -33.424  -16.762 0.4000000060
38273  31.314  -41.908  -15.126 0.6999999881
48273  44.172  -33.395  -22.863 0.4000000060
47254  44.258  -32.928  -17.393 0.4000000060
133305  31.113  -42.927  -14.614 0.6000000238
47290  46.108  -33.373  -22.484 0.3000000119
47291  46.164  -33.837  -22.104 0.3000000119
46296  45.088  -34.093  -22.932 0.4000000060
124366  44.841  -33.109  -18.473 0.4000000060
47263  44.485  -34.271  -18.203 0.4000000060
43614  39.927  -36.858  -16.654 0.6999999881
43613  40.435  -36.228  -16.648 0.6999999881
39199  33.005  -41.566  -15.629 0.6999999881
46294  44.846  -34.693  -21.496 0.4000000060
47271  45.076  -34.337  -19.178 0.4000000060
42820  39.554  -37.207  -17.503 0.8000000119
48272  46.701  -33.237  -21.683 0.3000000119
47270  45.722  -33.758  -20.129 0.3000000119
40165  35.494  -40.951  -17.627 1.0000000000
123109  39.331  -36.843  -18.469 0.8999999762
42828  39.393  -37.394  -20.558 1.0000000000
41101  37.484  -38.917  -19.979 1.0000000000
43635  38.348  -37.103  -20.784 1.0000000000
42833  39.105  -37.476  -21.088 1.0000000000
42832  39.263  -37.333  -20.834 1.0000000000
112789  37.172  -38.111  -20.082 1.0000000000
41983  36.667  -38.654  -19.126 1.0000000000
133581  37.527  -37.111  -20.395 1.0000000000
42830  36.969  -37.391  -19.958 1.0000000000
41894  41.811  -39.184  -10.964 0.6000000238
41902  42.322  -38.345  -11.123 0.6000000238
41903  41.303  -38.473  -11.201 0.6000000238
42758  41.569  -37.635  -11.347 0.6999999881
42756  43.231  -37.862  -11.294 0.5000000000
42757  42.435  -37.349  -11.360 0.6000000238
42759  40.665  -37.846  -11.534 0.6999999881
43565  43.312  -36.860  -11.528 0.5000000000
43566  42.383  -36.536  -11.650 0.6000000238
43578  40.722  -36.545  -12.347 0.6999999881
44379  42.713  -35.299  -12.381 0.6000000238
45278  43.143  -34.032  -13.108 0.6000000238
43584  40.407  -36.302  -13.738 0.6999999881
44401  40.689  -35.729  -14.271 0.6999999881
46227  43.561  -33.340  -13.452 0.5000000000
46239  42.596  -33.645  -14.683 0.6000000238
45291  42.133  -34.113  -14.277 0.6000000238
43599  40.337  -36.382  -14.610 0.6000000238
48252  43.347  -32.734  -19.409 0.4000000060
48226  43.880  -32.220  -16.263 0.4000000060
47235  42.989  -33.282  -15.172 0.4000000060
46251  42.591  -33.913  -15.489 0.5000000000
45292  41.683  -34.588  -14.744 0.6000000238
125350  40.382  -36.533  -15.460 0.6999999881
48263  43.693  -32.696  -20.679 0.4000000060
46250  43.113  -33.955  -16.268 0.5000000000
47292  44.603  -34.193  -22.374 0.4000000060
117669  43.701  -33.886  -20.093 0.5000000000
46268  43.686  -34.351  -17.327 0.4000000060
130068  40.401  -36.609  -16.113 0.6999999881
40154  33.359  -40.788  -15.970 0.8999999762
122268  32.185  -41.699  -15.378 0.6999999881
47280  45.972  -33.857  -21.135 0.4000000060
46275  44.429  -34.976  -18.902 0.4000000060
43619  39.753  -36.292  -17.483 0.6999999881
46287  45.062  -34.809  -20.288 0.4000000060
40166  34.586  -40.513  -16.985 0.8999999762
133244  39.171  -36.560  -19.343 0.8999999762
41082  35.226  -39.964  -17.401 0.8999999762
41092  36.884  -39.669  -19.008 1.0000000000
40177  35.994  -40.110  -18.108 1.0000000000
43633  39.187  -36.772  -20.288 1.0000000000
43634  38.938  -36.904  -20.710 1.0000000000
41093  36.097  -39.118  -18.292 1.0000000000
43631  38.338  -36.355  -20.416 1.0000000000
45340  36.903  -34.597  -19.743 0.8999999762
124045  37.139  -35.955  -19.910 1.0000000000
42831  36.106  -36.883  -19.122 1.0000000000
42825  36.419  -37.790  -19.210 1.0000000000
44435  36.624  -35.242  -19.649 1.0000000000
120915  36.340  -35.987  -19.350 1.0000000000
44426  35.392  -36.054  -18.798 0.8999999762
123063  36.204  -34.578  -19.456 1.0000000000
44436  35.624  -35.155  -19.208 0.8999999762
113049  41.770  -36.934  -11.547 0.6999999881
43567  40.986  -37.012  -11.706 0.6999999881
43576  42.287  -35.910  -12.008 0.6999999881
44381  41.081  -35.873  -12.698 0.6999999881
44387  42.081  -34.924  -13.015 0.6000000238
130187  40.580  -36.218  -13.016 0.6999999881
44388  41.371  -35.298  -13.222 0.6999999881
45280  41.605  -34.707  -13.883 0.6000000238
118596  41.030  -35.238  -13.900 0.6000000238
44400  41.179  -35.183  -14.756 0.6000000238
49214  43.359  -31.552  -19.968 0.3000000119
45279  42.396  -34.304  -13.471 0.6000000238
44410  40.744  -35.867  -15.134 0.6000000238
49215  42.752  -30.587  -19.456 0.4000000060
45305  41.710  -34.968  -15.634 0.6000000238
115928  42.412  -34.530  -16.167 0.5000000000
129637  41.201  -35.525  -15.597 0.6000000238
45313  43.098  -34.476  -17.093 0.4000000060
113285  40.874  -36.041  -15.985 0.6000000238
121331  44.115  -34.971  -18.476 0.4000000060
46267  44.158  -34.780  -18.034 0.4000000060
44417  40.888  -35.656  -16.657 0.6000000238
47272  43.287  -34.136  -19.140 0.5000000000
45336  44.296  -35.036  -19.523 0.4000000060
112480  40.720  -35.231  -17.201 0.6000000238
47281  43.948  -34.716  -19.949 0.4000000060
45327  43.799  -34.866  -18.473 0.4000000060
40153  33.892  -40.463  -16.498 0.8999999762
44420  39.645  -35.366  -17.981 0.8999999762
41073  33.941  -39.806  -16.702 0.8999999762
113373  34.845  -39.161  -17.421 0.8999999762
41978  34.395  -38.386  -17.617 0.8999999762
128204  35.543  -39.391  -17.740 0.8999999762
43630  38.703  -36.179  -20.162 1.0000000000
132629  37.786  -35.925  -20.163 1.0000000000
41984  35.881  -38.233  -18.459 1.0000000000
42826  35.656  -37.489  -18.622 0.8999999762
129163  35.658  -33.306  -19.486 1.0000000000
118943  35.385  -34.102  -19.355 1.0000000000
133098  35.300  -32.889  -19.714 1.0000000000
129285  34.864  -33.158  -19.663 0.8999999762
44380  41.838  -35.571  -12.509 0.6999999881
50103  43.222  -30.567  -21.085 0.3000000119
49216  42.075  -30.554  -18.524 0.3000000119
48253  42.734  -31.657  -18.718 0.5000000000
111077  42.428  -34.622  -16.915 0.5000000000
44409  41.396  -35.446  -16.220 0.5000000000
120993  42.872  -32.916  -18.671 0.5000000000
45319  43.018  -34.504  -17.704 0.5000000000
45314  41.902  -34.951  -16.523 0.5000000000
47273  42.571  -33.741  -18.376 0.5000000000
46277  43.156  -34.489  -18.452 0.5000000000
44419  40.293  -35.632  -17.240 0.6999999881
47265  41.767  -33.428  -17.951 0.5000000000
45322  40.136  -34.870  -17.707 0.6000000238
43624  39.251  -36.018  -18.557 0.8999999762
43629  38.987  -35.999  -19.608 0.8999999762
44432  38.667  -35.343  -19.764 0.8999999762
134520  37.073  -34.120  -19.692 0.8999999762
45339  37.606  -34.650  -19.848 0.8999999762
44433  38.172  -35.467  -20.107 0.8999999762
41977  35.311  -38.661  -17.871 0.8999999762
45341  36.368  -33.877  -19.464 0.8000000119
47284  35.635  -32.731  -19.618 0.6999999881
43625  34.917  -36.829  -18.464 0.8999999762
45342  34.627  -34.775  -19.002 0.8999999762
129561  34.819  -35.484  -18.777 0.8999999762
50104  42.658  -29.867  -20.052 0.3000000119
50086  42.221  -29.731  -19.023 0.3000000119
50922  41.523  -28.975  -18.708 0.3000000119
50087  41.519  -29.855  -18.350 0.4000000060
48241  42.161  -32.566  -18.151 0.5000000000
48254  41.587  -31.394  -18.059 0.4000000060
45320  41.884  -34.607  -17.260 0.5000000000
45315  41.334  -35.147  -16.902 0.5000000000
47266  41.127  -33.193  -17.866 0.5000000000
46269  42.306  -34.207  -17.887 0.5000000000
46270  41.418  -34.029  -17.780 0.5000000000
45321  40.882  -34.551  -17.537 0.5000000000
46271  40.719  -33.611  -17.960 0.5000000000
45328  40.179  -34.093  -18.186 0.6000000238
46278  39.291  -33.150  -18.732 0.6999999881
134623  39.606  -33.753  -18.597 0.6999999881
44425  39.078  -35.245  -18.953 0.6999999881
45330  39.010  -33.851  -19.070 0.6999999881
45337  38.776  -34.582  -19.351 0.8000000119
41985  34.878  -37.764  -18.110 0.8999999762
126639  37.877  -34.369  -19.699 0.8999999762
124405  38.235  -34.742  -19.765 0.8999999762
116347  36.719  -32.858  -19.418 0.6999999881
121063  34.030  -36.522  -18.292 0.8999999762
123767  34.013  -35.414  -18.666 0.8999999762
117762  35.046  -32.437  -19.972 1.0000000000
51719  41.018  -28.131  -18.773 0.3000000119
50088  40.771  -29.496  -18.100 0.4000000060
49199  41.383  -30.502  -18.091 0.4000000060
50923  40.498  -28.734  -18.306 0.3000000119
48243  40.677  -31.631  -17.839 0.4000000060
50068  40.940  -30.125  -17.939 0.4000000060
50069  40.226  -30.157  -17.782 0.4000000060
48242  41.293  -32.423  -17.880 0.4000000060
49200  40.749  -30.780  -17.838 0.4000000060
48244  40.038  -31.834  -17.960 0.4000000060
46272  40.023  -33.254  -18.316 0.5000000000
47267  40.521  -32.589  -17.988 0.5000000000
46279  38.479  -33.212  -19.125 0.6000000238
45338  38.211  -34.005  -19.499 0.8000000119
46288  37.537  -33.239  -19.389 0.6999999881
125872  36.062  -32.487  -19.490 0.6999999881
45343  34.300  -33.902  -19.191 0.8999999762
45331  33.694  -34.643  -18.793 0.8999999762
48267  34.506  -31.814  -20.261 0.8999999762
47285  34.262  -32.434  -19.860 0.8000000119
46291  33.844  -33.078  -19.420 0.8000000119
48276  33.968  -31.195  -20.431 0.8000000119
51738  39.881  -27.210  -18.670 0.3000000119
51720  40.166  -27.970  -18.474 0.3000000119
50089  39.849  -29.397  -17.945 0.3000000119
50924  39.517  -28.643  -18.239 0.4000000060
130246  39.342  -30.190  -18.004 0.4000000060
128417  38.887  -29.421  -18.250 0.4000000060
122204  39.909  -31.009  -17.829 0.5000000000
49217  38.925  -31.003  -18.241 0.5000000000
50090  38.289  -30.311  -18.473 0.5000000000
48255  39.388  -31.667  -18.228 0.5000000000
48256  38.574  -31.787  -18.646 0.5000000000
47274  38.875  -32.510  -18.779 0.5000000000
47275  38.000  -32.485  -19.066 0.6000000238
47282  37.126  -32.398  -19.335 0.6999999881
47283  36.455  -32.259  -19.457 0.6999999881
48265  35.863  -31.778  -19.752 0.6999999881
48266  35.179  -31.758  -20.198 0.8000000119
49235  35.025  -30.308  -20.747 0.6999999881
128348  40.652  -27.490  -18.848 0.3000000119
52489  39.572  -26.438  -19.113 0.3000000119
51739  38.842  -27.149  -18.758 0.4000000060
51721  39.195  -27.882  -18.495 0.4000000060
50925  38.531  -28.651  -18.521 0.4000000060
50091  37.943  -29.448  -18.729 0.3000000119
49219  37.614  -30.861  -18.855 0.6000000238
123309  37.373  -30.200  -19.035 0.5000000000
50105  37.090  -29.447  -19.364 0.4000000060
48257  37.546  -31.640  -19.057 0.6999999881
49225  36.961  -30.938  -19.347 0.6000000238
48264  36.643  -31.683  -19.455 0.6999999881
49226  36.109  -30.945  -19.768 0.6000000238
52490  38.501  -26.624  -19.172 0.3000000119
51722  38.183  -27.911  -18.822 0.3000000119
50926  37.633  -28.706  -19.076 0.3000000119
51740  37.833  -27.225  -19.211 0.3000000119
51723  37.301  -28.019  -19.477 0.3000000119
51741  36.930  -27.372  -20.112 0.3000000119
50938  36.854  -28.738  -19.777 0.4000000060
120656  36.523  -30.162  -19.603 0.5000000000
50939  36.307  -28.650  -20.570 0.5000000000
50106  36.336  -29.371  -20.062 0.6000000238
50107  35.659  -30.054  -20.253 0.6000000238
53288  39.640  -25.595  -19.564 0.4000000060
120687  38.679  -25.282  -19.912 0.3000000119
53290  37.694  -25.824  -20.056 0.3000000119
52491  37.659  -26.538  -19.649 0.3000000119
52501  36.948  -26.515  -20.504 0.3000000119
51752  36.483  -27.257  -21.264 0.3000000119
51742  36.412  -28.002  -21.021 0.4000000060
51763  36.036  -27.693  -21.828 0.4000000060
50952  35.912  -28.389  -21.309 0.5000000000
50121  35.717  -29.106  -20.754 0.6000000238
50124  33.889  -29.459  -20.818 0.6999999881
48277  33.038  -31.348  -20.120 0.8000000119
54084  38.604  -24.580  -20.498 0.4000000060
112201  37.827  -25.221  -20.452 0.3000000119
53308  36.944  -25.775  -20.993 0.3000000119
52502  36.543  -26.588  -21.422 0.3000000119
52511  36.185  -26.983  -22.025 0.4000000060
52512  35.751  -27.115  -22.277 0.4000000060
50963  35.542  -28.068  -21.700 0.4000000060
50953  35.225  -28.745  -21.312 0.5000000000
51764  35.387  -27.588  -22.037 0.4000000060
50122  35.215  -29.534  -20.877 0.6000000238
50123  34.744  -29.495  -21.006 0.6999999881
50954  34.473  -28.696  -21.295 0.4000000060
50965  34.111  -27.998  -21.602 0.4000000060
49237  33.323  -30.438  -20.471 0.6999999881
50125  33.064  -29.673  -20.593 0.6999999881
54085  37.411  -24.908  -21.080 0.3000000119
53320  36.651  -25.440  -21.833 0.3000000119
53309  36.377  -26.272  -22.006 0.3000000119
52522  35.995  -26.585  -22.493 0.4000000060
52523  35.481  -26.614  -22.596 0.3000000119
51771  35.101  -27.087  -22.384 0.3000000119
50964  34.931  -28.075  -21.712 0.4000000060
52524  34.793  -26.449  -22.621 0.3000000119
51765  34.632  -27.478  -21.962 0.3000000119
52513  34.147  -26.752  -22.151 0.3000000119
51766  33.617  -27.258  -21.671 0.4000000060
50955  33.628  -28.577  -21.100 0.5000000000
50956  32.589  -28.475  -20.791 0.5000000000
54094  37.964  -24.133  -21.231 0.3000000119
54095  36.975  -24.581  -21.788 0.3000000119
54096  36.354  -25.139  -22.471 0.3000000119
128935  36.169  -25.932  -22.515 0.3000000119
53331  35.124  -26.008  -22.953 0.3000000119
52525  33.833  -25.862  -22.409 0.3000000119
53321  33.165  -25.986  -21.995 0.3000000119
52514  33.074  -26.512  -21.716 0.4000000060
50966  33.014  -27.805  -21.245 0.5000000000
51767  31.998  -26.732  -21.248 0.5000000000
54922  37.377  -23.730  -21.862 0.3000000119
54106  36.590  -24.255  -22.478 0.3000000119
54107  35.892  -24.778  -23.057 0.3000000119
127873  35.924  -25.572  -22.852 0.3000000119
111806  35.404  -25.449  -23.118 0.3000000119
54109  34.490  -25.030  -23.163 0.3000000119
129981  34.456  -25.727  -22.785 0.3000000119
52515  30.438  -25.601  -20.874 0.4000000060
51753  31.563  -27.604  -20.718 0.5000000000
51768  30.222  -26.572  -20.580 0.4000000060
55775  37.721  -22.868  -21.981 0.3000000119
54932  36.234  -23.827  -23.107 0.3000000119
54933  35.594  -24.072  -23.387 0.3000000119
54108  35.120  -24.576  -23.388 0.3000000119
125545  33.488  -24.937  -22.656 0.3000000119
53332  32.453  -24.945  -22.160 0.3000000119
53322  31.865  -25.585  -21.531 0.4000000060
54931  36.921  -23.349  -22.525 0.3000000119
55784  36.554  -22.928  -23.214 0.3000000119
54941  34.927  -23.658  -23.586 0.3000000119
54115  34.103  -23.829  -23.205 0.3000000119
54940  35.688  -23.237  -23.628 0.3000000119
130667  34.720  -22.925  -23.798 0.3000000119
54110  33.123  -23.938  -22.849 0.3000000119
115283  32.320  -24.063  -22.501 0.3000000119
55790  36.181  -22.429  -23.869 0.3000000119
116320  35.149  -22.465  -24.107 0.3000000119
55791  33.782  -22.202  -24.037 0.3000000119
54942  33.817  -22.922  -23.560 0.3000000119
54943  32.902  -22.132  -23.506 0.3000000119
55798  33.454  -21.443  -24.270 0.4000000060
55792  32.913  -21.492  -23.869 0.4000000060
55797  34.499  -21.748  -24.413 0.3000000119
34175  39.612  -47.916  -18.621 1.0000000000
115278  40.634  -46.634  -19.187 1.0000000000
34176  39.021  -48.068  -18.775 0.8999999762
134038  35.540  -32.238  -19.812 0.6999999881
48275  34.769  -31.111  -20.532 0.8000000119
49236  34.347  -30.346  -20.678 0.8000000119
27537  40.082  -55.075  -10.744 0.6000000238
29203  38.699  -53.606  -9.692 0.6000000238
27575  41.711  -55.896  -14.369 0.5000000000
26769  41.333  -56.704  -15.004 0.5000000000
30152  41.203  -52.637  -11.510 0.6000000238
31878  38.298  -50.426  -16.974 0.8999999762
116767  41.548  -51.855  -11.768 0.5000000000
120881  42.420  -53.933  -14.606 0.4000000060
30183  42.437  -52.440  -13.796 0.5000000000
28412  42.403  -54.719  -15.362 0.4000000060
31021  37.329  -51.119  -9.578 0.6999999881
32632  39.378  -49.147  -8.689 0.6999999881
30166  42.321  -51.704  -13.266 0.5000000000
30196  42.900  -52.439  -14.572 0.5000000000
33396  37.588  -48.536  -9.641 0.8000000119
33386  38.971  -48.431  -8.840 0.6999999881
31863  43.006  -50.606  -13.142 0.4000000060
34903  36.230  -47.238  -17.220 0.8000000119
128305  41.492  -48.729  -9.029 0.6000000238
31842  44.145  -50.177  -13.177 0.4000000060
34846  38.185  -46.093  -10.189 0.8000000119
34170  39.572  -48.144  -18.076 1.0000000000
32654  44.173  -49.066  -10.833 0.5000000000
33392  43.386  -48.290  -9.859 0.5000000000
34920  38.963  -47.166  -19.002 1.0000000000
34835  42.744  -46.292  -9.127 0.6999999881
35797  40.628  -46.844  -18.773 1.0000000000
38305  40.711  -42.902  -20.842 1.0000000000
36605  37.793  -43.842  -13.625 0.8000000119
39223  40.868  -41.619  -19.628 1.0000000000
40121  38.391  -40.148  -15.009 0.8000000119
41976  39.460  -38.584  -17.992 0.8000000119
115243  39.572  -37.892  -20.212 1.0000000000
40070  40.011  -40.488  -10.478 0.6000000238
40072  38.741  -41.055  -11.282 0.6999999881
47224  44.803  -32.619  -13.801 0.4000000060
39210  34.564  -41.995  -16.283 1.0000000000
48210  43.909  -32.030  -15.177 0.4000000060
125638  37.677  -36.549  -20.319 1.0000000000
46226  44.367  -33.219  -13.312 0.4000000060
125148  43.773  -32.435  -14.474 0.5000000000
46295  44.501  -34.819  -20.535 0.4000000060
43632  36.935  -36.685  -19.895 1.0000000000
45329  39.489  -34.500  -18.558 0.6999999881
47268  39.633  -32.420  -18.335 0.5000000000
130684  39.139  -32.079  -18.507 0.5000000000
124198  35.394  -31.031  -20.293 0.6999999881
53330  35.717  -26.105  -22.784 0.3000000119
28408  36.156  -54.480  -14.667 0.5000000000
29262  36.955  -53.486  -15.272 0.5000000000
26765  35.418  -56.589  -14.299 0.5000000000
117176  35.731  -56.362  -12.913 0.5000000000
27560  35.762  -55.593  -13.734 0.5000000000
124211  35.926  -56.296  -11.832 0.5000000000
26744  36.459  -56.235  -11.012 0.4000000060
27550  36.035  -55.572  -11.424 0.5000000000
127651  36.926  -55.870  -10.535 0.4000000060
27539  36.402  -55.395  -10.688 0.5000000000
26733  38.030  -56.756  -10.490 0.5000000000
35775  32.099  -46.006  -14.900 0.6999999881
34886  31.383  -46.197  -14.382 0.6999999881
34906  33.283  -46.025  -16.301 0.8000000119
34905  34.140  -46.166  -16.498 0.8000000119
34895  32.843  -46.607  -15.917 0.8000000119
35790  35.449  -45.821  -17.205 0.8999999762
36620  32.355  -44.974  -14.834 0.6999999881
35792  33.817  -45.413  -16.418 0.8999999762
132586  33.256  -45.397  -16.066 0.8999999762
35791  34.747  -45.416  -16.766 0.8999999762
125596  36.076  -44.879  -17.636 0.8999999762
37437  32.736  -44.004  -15.184 0.6000000238
36631  33.017  -44.867  -15.545 0.8000000119
36636  34.961  -44.427  -16.889 0.8999999762
36647  35.679  -44.276  -17.403 0.8999999762
36646  36.430  -44.303  -18.027 0.8999999762
36654  37.150  -43.971  -18.723 0.8999999762
38235  43.017  -42.833  -10.845 0.5000000000
37372  42.382  -42.754  -10.329 0.5000000000
36567  43.118  -44.284  -10.242 0.6000000238
37371  42.550  -43.548  -10.160 0.5000000000
113714  41.658  -43.843  -9.613 0.5000000000
36550  43.112  -45.007  -9.869 0.6000000238
129385  31.987  -44.018  -14.655 0.6000000238
37436  33.407  -43.568  -15.526 0.8999999762
37446  34.500  -43.787  -16.425 0.8999999762
37447  33.917  -44.042  -15.896 0.8999999762
121456  35.234  -43.464  -17.046 0.8999999762
37456  35.944  -43.633  -17.617 0.8999999762
37455  36.446  -43.342  -18.132 0.8999999762
40068  42.296  -40.729  -10.677 0.5000000000
39134  43.063  -41.006  -11.046 0.5000000000
39116  42.426  -41.567  -10.629 0.5000000000
129429  43.469  -41.601  -11.497 0.5000000000
38214  42.573  -42.265  -10.582 0.5000000000
37435  34.076  -43.248  -15.817 0.8999999762
111378  32.769  -43.063  -15.290 0.6999999881
38294  35.821  -42.859  -17.568 0.8999999762
40082  42.734  -40.232  -10.941 0.5000000000
133807  41.681  -40.428  -10.591 0.5000000000
40081  43.349  -40.107  -11.303 0.5000000000
39133  43.842  -40.842  -11.697 0.5000000000
38289  34.634  -42.883  -16.364 0.8999999762
38288  35.184  -42.427  -16.934 0.8999999762
40997  42.132  -39.951  -10.760 0.5000000000
41005  43.561  -39.279  -11.402 0.5000000000
41901  43.148  -38.665  -11.246 0.5000000000
113882  43.863  -38.501  -11.441 0.4000000060
39200  31.578  -41.093  -15.420 0.6000000238
40140  31.765  -40.252  -15.665 0.6000000238
40155  32.667  -39.943  -15.971 0.8000000119
127848  31.875  -39.477  -15.968 0.6999999881
41075  31.499  -38.640  -16.259 0.6999999881
41973  30.934  -37.949  -16.423 0.6999999881
41074  33.255  -39.327  -16.460 0.8000000119
122448  33.425  -40.050  -16.297 0.8000000119
41060  32.402  -38.987  -16.358 0.6999999881
41971  32.110  -38.102  -16.668 0.6999999881
114976  31.135  -37.467  -16.873 0.6999999881
42814  31.708  -37.410  -16.918 0.6999999881
42823  31.139  -37.068  -17.259 0.6999999881
41979  33.517  -38.056  -17.374 0.8000000119
42822  33.337  -37.268  -17.643 0.8000000119
41084  33.923  -38.958  -17.052 0.8000000119
114063  31.922  -36.977  -17.224 0.6999999881
43620  32.559  -36.823  -17.641 0.6999999881
43626  33.341  -36.609  -18.016 0.8000000119
42821  34.029  -37.682  -17.737 0.8000000119
43627  32.604  -36.110  -18.163 0.6999999881
44428  33.138  -35.389  -18.515 0.8000000119
44429  32.296  -35.316  -18.397 0.6000000238
42827  34.080  -37.075  -18.009 0.8000000119
45332  32.800  -34.575  -18.620 0.6000000238
46281  32.354  -33.746  -18.749 0.6000000238
47287  32.123  -32.361  -19.471 0.6000000238
46292  32.795  -32.913  -19.290 0.6000000238
47286  32.852  -32.086  -19.743 0.6000000238
111327  33.546  -36.048  -18.409 0.8000000119
46280  33.304  -33.786  -18.965 0.6999999881
49227  32.326  -30.806  -20.163 0.6000000238
49238  32.409  -30.034  -20.358 0.6000000238
119331  33.479  -32.459  -19.691 0.6999999881
48268  33.682  -31.900  -20.094 0.6999999881
25901  38.391  -57.487  -10.665 0.4000000060
115514  37.646  -55.954  -10.376 0.5000000000
28367  37.149  -55.149  -10.205 0.5000000000
28382  35.906  -55.040  -11.957 0.5000000000
119644  36.683  -45.175  -17.989 0.8999999762
132180  32.719  -45.806  -15.692 0.8000000119
41970  32.976  -38.473  -16.832 0.8000000119
41980  32.568  -37.564  -17.190 0.6999999881
117001  45.391  -48.366  -11.318 0.4000000060
34857  46.102  -46.933  -11.721 0.4000000060
34844  45.034  -46.919  -10.678 0.4000000060
34116  45.538  -47.418  -11.203 0.4000000060
34845  44.510  -46.420  -10.248 0.5000000000
35745  45.980  -45.973  -11.858 0.4000000060
34865  46.547  -46.416  -12.325 0.4000000060
36565  44.048  -44.918  -10.726 0.5000000000
36566  43.537  -44.761  -10.363 0.5000000000
36582  44.961  -44.796  -11.900 0.5000000000
35746  45.278  -45.593  -11.542 0.4000000060
35730  44.927  -46.026  -10.846 0.4000000060
35752  46.292  -45.537  -12.571 0.4000000060
34858  45.501  -46.481  -11.280 0.4000000060
35751  46.930  -45.940  -12.936 0.4000000060
36584  43.697  -44.285  -10.806 0.5000000000
112248  44.645  -45.213  -11.153 0.5000000000
36594  45.901  -44.726  -12.925 0.4000000060
37431  46.705  -43.579  -16.134 0.4000000060
36617  47.295  -44.335  -14.618 0.4000000060
35760  46.591  -45.085  -13.261 0.4000000060
37430  47.610  -43.758  -16.420 0.4000000060
36628  47.476  -44.044  -15.489 0.4000000060
36583  44.300  -44.352  -11.441 0.5000000000
40159  49.324  -40.207  -18.658 0.3000000119
36595  45.228  -44.464  -12.654 0.4000000060
40171  48.462  -40.888  -18.941 0.3000000119
36604  46.107  -44.197  -13.713 0.4000000060
40183  49.164  -40.774  -19.744 0.3000000119
39220  48.205  -41.421  -19.354 0.3000000119
39221  47.571  -41.869  -18.828 0.3000000119
37452  46.677  -42.667  -17.492 0.3000000119
37442  46.180  -43.036  -16.626 0.4000000060
37420  46.609  -43.795  -15.193 0.4000000060
36618  46.562  -44.091  -14.407 0.4000000060
38297  47.618  -42.393  -18.900 0.3000000119
37451  47.301  -42.779  -18.302 0.3000000119
37441  46.899  -43.313  -17.031 0.4000000060
126534  43.791  -43.809  -11.301 0.4000000060
37388  44.106  -43.583  -11.929 0.4000000060
37397  44.847  -43.857  -13.198 0.4000000060
36596  44.648  -44.041  -12.328 0.4000000060
40148  49.000  -40.065  -17.476 0.3000000119
40150  47.344  -40.840  -16.710 0.3000000119
40160  48.316  -40.672  -18.070 0.3000000119
39213  47.109  -41.750  -18.062 0.3000000119
39214  46.494  -42.079  -17.481 0.3000000119
38285  46.040  -42.382  -16.763 0.4000000060
37432  45.905  -43.365  -15.793 0.4000000060
37421  45.726  -43.620  -14.788 0.4000000060
40172  47.769  -41.294  -18.553 0.3000000119
119066  43.571  -43.210  -11.486 0.4000000060
40136  46.369  -40.851  -15.479 0.3000000119
39178  45.673  -41.266  -15.062 0.3000000119
38269  44.784  -42.397  -14.851 0.4000000060
39180  44.595  -42.122  -14.055 0.4000000060
38270  44.529  -42.789  -14.283 0.4000000060
37398  44.314  -43.277  -12.842 0.4000000060
41070  47.860  -40.078  -16.262 0.3000000119
40151  46.547  -41.241  -16.318 0.3000000119
39194  45.811  -41.610  -15.907 0.3000000119
39195  45.159  -41.954  -15.454 0.4000000060
37422  44.859  -43.145  -14.773 0.4000000060
37409  44.547  -43.306  -13.863 0.4000000060
39206  45.558  -42.203  -16.114 0.4000000060
38280  45.161  -42.598  -15.489 0.4000000060
37408  45.143  -43.735  -13.989 0.4000000060
39204  46.721  -41.546  -17.235 0.3000000119
39205  46.025  -41.886  -16.745 0.3000000119
37433  45.323  -43.126  -15.460 0.4000000060
40080  44.451  -40.354  -12.214 0.4000000060
125602  44.309  -41.138  -12.377 0.4000000060
39152  43.898  -41.742  -12.183 0.4000000060
38251  43.569  -42.426  -11.687 0.4000000060
39163  44.980  -41.318  -13.708 0.3000000119
39164  44.372  -41.782  -13.077 0.4000000060
38250  44.023  -42.498  -12.624 0.4000000060
37399  43.845  -43.004  -12.177 0.4000000060
40120  45.557  -40.878  -14.222 0.4000000060
38258  44.326  -42.663  -13.515 0.4000000060
43628  31.857  -35.852  -18.093 0.6000000238
114405  30.926  -36.529  -17.468 0.6000000238
45333  31.989  -34.533  -18.489 0.5000000000
46282  31.648  -32.997  -19.000 0.5000000000
48269  32.016  -31.601  -19.772 0.5000000000
131031  31.715  -30.280  -20.080 0.5000000000
112336  32.371  -29.245  -20.527 0.4000000060
117117  32.574  -22.381  -22.803 0.3000000119
55778  32.509  -22.423  -22.286 0.3000000119
55777  33.462  -22.101  -21.973 0.3000000119
56760  32.901  -21.027  -23.705 0.3000000119
55785  32.899  -21.589  -23.360 0.3000000119
56745  32.887  -21.718  -22.813 0.3000000119
56744  33.886  -21.566  -22.314 0.3000000119
55776  34.670  -21.807  -21.500 0.3000000119
56741  35.359  -21.809  -20.565 0.3000000119
57770  32.980  -20.793  -23.502 0.3000000119
123267  32.947  -21.239  -23.332 0.3000000119
56752  33.282  -21.156  -22.968 0.3000000119
57764  34.344  -21.041  -22.527 0.3000000119
121950  34.848  -21.308  -21.902 0.3000000119
57761  35.533  -21.109  -21.064 0.3000000119
57779  32.828  -20.273  -23.959 0.3000000119
58675  33.122  -20.158  -23.676 0.3000000119
57768  34.697  -20.544  -22.736 0.3000000119
57763  35.400  -20.703  -22.057 0.3000000119
57762  36.061  -20.345  -21.249 0.3000000119
57769  33.674  -20.652  -23.112 0.3000000119
58673  35.463  -20.000  -22.705 0.3000000119
58670  36.144  -20.160  -22.044 0.3000000119
58683  33.351  -19.452  -23.747 0.3000000119
58674  34.162  -20.060  -23.233 0.3000000119
59550  35.869  -19.165  -23.089 0.3000000119
58682  34.595  -19.343  -23.368 0.3000000119
59558  35.006  -18.570  -23.641 0.3000000119
36603  46.994  -44.648  -13.885 0.4000000060
34123  46.593  -47.377  -12.283 0.4000000060
35759  47.294  -45.505  -13.577 0.4000000060
34864  47.026  -46.855  -12.826 0.4000000060
36634  48.413  -44.140  -16.806 0.4000000060
36627  48.262  -44.389  -15.858 0.4000000060
35773  47.750  -45.041  -14.199 0.4000000060
40170  50.290  -39.913  -19.655 0.3000000119
40182  50.217  -40.471  -20.289 0.3000000119
39229  48.766  -41.555  -20.098 0.3000000119
37468  48.171  -42.598  -19.480 0.3000000119
37461  47.767  -42.907  -18.905 0.3000000119
37440  47.734  -43.557  -17.352 0.3000000119
40149  48.120  -40.444  -17.108 0.3000000119
40135  47.132  -40.468  -15.852 0.3000000119
41069  48.676  -39.782  -16.585 0.3000000119
40099  45.033  -39.961  -12.699 0.4000000060
40108  45.385  -40.464  -13.404 0.4000000060
40119  46.179  -40.435  -14.683 0.3000000119
127679  44.037  -39.871  -11.677 0.4000000060
42815  30.578  -37.413  -16.802 0.6000000238
56766  32.902  -20.787  -24.146 0.3000000119
58684  32.846  -19.610  -23.972 0.3000000119
59559  33.727  -18.755  -23.890 0.3000000119
41079  49.988  -39.517  -17.884 0.3000000119
34103  44.923  -47.790  -10.712 0.4000000060
35716  43.983  -46.029  -9.845 0.5000000000
128778  45.438  -44.175  -13.279 0.4000000060
40161  47.520  -41.103  -17.641 0.3000000119
32665  45.429  -49.140  -11.820 0.3000000119
33414  45.962  -48.666  -11.885 0.3000000119
31866  34.657  -50.670  -13.826 0.6000000238
31846  33.233  -50.692  -12.447 0.6999999881
126216  43.233  -53.353  -15.826 0.3000000119
30195  43.319  -52.627  -15.431 0.3000000119
32692  32.406  -49.185  -13.364 0.6999999881
32671  45.249  -49.666  -12.408 0.3000000119
32674  32.864  -49.840  -12.827 0.6999999881
123414  46.110  -49.270  -12.437 0.3000000119
33421  46.579  -48.411  -12.392 0.3000000119
33420  46.882  -49.036  -13.000 0.3000000119
34870  48.096  -46.943  -13.706 0.3000000119
34131  47.487  -48.022  -13.170 0.3000000119
34122  47.055  -47.736  -12.802 0.3000000119
34893  48.947  -46.108  -15.101 0.3000000119
35772  48.393  -45.554  -14.614 0.3000000119
129665  43.309  -51.820  -14.945 0.3000000119
31877  43.924  -50.619  -14.348 0.4000000060
33444  32.244  -48.192  -14.768 0.6999999881
112842  45.732  -49.790  -12.945 0.3000000119
32688  44.920  -50.022  -13.254 0.3000000119
33432  32.835  -48.705  -14.009 0.6999999881
32691  33.408  -49.374  -13.415 0.6999999881
32687  46.437  -49.625  -13.255 0.3000000119
33429  47.638  -48.688  -13.432 0.3000000119
34130  48.020  -47.861  -13.553 0.3000000119
34871  47.475  -46.426  -13.361 0.3000000119
34882  49.207  -46.977  -14.808 0.3000000119
31069  43.507  -51.158  -14.597 0.4000000060
34147  31.834  -47.640  -15.222 0.6999999881
111892  44.831  -50.451  -14.987 0.3000000119
111013  45.087  -50.198  -14.133 0.3000000119
31859  46.567  -49.968  -14.076 0.3000000119
31860  45.757  -50.054  -13.704 0.3000000119
34146  32.652  -47.694  -15.291 0.6999999881
132085  47.988  -49.124  -13.957 0.3000000119
125915  33.257  -48.253  -14.672 0.6999999881
35758  47.937  -46.001  -13.961 0.3000000119
35780  49.410  -45.688  -15.851 0.3000000119
35781  48.684  -45.214  -15.431 0.3000000119
31876  45.837  -50.249  -14.727 0.3000000119
34165  33.621  -46.712  -16.112 0.6999999881
31874  47.427  -50.006  -15.359 0.3000000119
130096  47.178  -49.865  -14.462 0.3000000119
34157  34.109  -47.384  -15.800 0.6999999881
35788  48.934  -44.909  -16.331 0.3000000119
31875  46.710  -50.151  -14.836 0.3000000119
133480  34.807  -51.936  -14.226 0.5000000000
31039  33.283  -51.537  -12.106 0.6999999881
30170  33.946  -52.121  -12.572 0.6000000238
31050  34.400  -51.518  -13.367 0.6000000238
32693  31.451  -49.348  -13.477 0.6999999881
33433  31.869  -48.670  -14.078 0.6999999881
113545  43.733  -51.995  -15.783 0.3000000119
33445  31.477  -48.216  -14.729 0.6999999881
31888  44.127  -50.897  -15.174 0.4000000060
34148  31.193  -47.664  -14.861 0.6999999881
34896  32.305  -46.553  -15.553 0.6999999881
133764  45.623  -50.374  -15.615 0.3000000119
111680  45.902  -50.412  -16.512 0.3000000119
34158  32.305  -47.134  -15.613 0.6999999881
31051  33.831  -51.359  -12.606 0.6000000238
31885  46.481  -50.263  -15.769 0.3000000119
31886  45.250  -50.512  -16.027 0.3000000119
28414  35.859  -54.556  -15.686 0.5000000000
29270  36.456  -53.012  -16.662 0.5000000000
29275  35.447  -54.038  -16.147 0.5000000000
28413  36.576  -53.857  -15.789 0.4000000060
115429  30.348  -56.922  -10.387 0.4000000060
117032  28.826  -58.985  -10.736 0.5000000000
29274  37.237  -52.869  -16.821 0.4000000060
28417  36.348  -53.705  -16.397 0.5000000000
30199  35.674  -52.766  -16.396 0.5000000000
122884  27.510  -60.866  -11.622 0.4000000060
22385  26.949  -61.044  -12.058 0.4000000060
25908  29.811  -57.807  -10.443 0.5000000000
29263  34.729  -52.772  -14.729 0.4000000060
23352  26.515  -60.366  -12.177 0.4000000060
123012  26.590  -61.956  -12.114 0.4000000060
24254  27.530  -59.389  -11.528 0.4000000060
25909  28.935  -57.514  -10.781 0.5000000000
25099  28.124  -58.743  -11.083 0.4000000060
26738  30.866  -56.127  -10.475 0.5000000000
28371  31.622  -54.485  -10.565 0.4000000060
116004  34.406  -52.219  -13.506 0.5000000000
113158  33.666  -52.957  -12.153 0.4000000060
128062  32.534  -53.704  -10.961 0.4000000060
21486  25.864  -61.888  -12.484 0.4000000060
23365  22.413  -60.583  -12.043 0.4000000060
134537  27.120  -58.953  -11.771 0.4000000060
25111  23.901  -58.197  -12.287 0.4000000060
121752  28.617  -56.906  -11.185 0.5000000000
25917  28.126  -57.792  -11.253 0.4000000060
133626  24.709  -57.925  -12.409 0.4000000060
26740  29.413  -56.872  -10.653 0.5000000000
122451  26.244  -55.890  -12.583 0.4000000060
116069  25.468  -55.969  -12.508 0.4000000060
27543  30.359  -55.321  -10.676 0.5000000000
28372  30.734  -54.554  -10.625 0.5000000000
28398  26.130  -54.727  -12.631 0.4000000060
29250  26.413  -53.715  -12.615 0.4000000060
27542  31.293  -55.294  -10.554 0.5000000000
29220  31.902  -53.744  -10.675 0.6000000238
30142  32.170  -53.056  -11.055 0.6000000238
30154  33.240  -52.311  -11.842 0.5000000000
23364  23.554  -60.506  -12.343 0.4000000060
24265  23.096  -59.718  -12.216 0.4000000060
24262  26.089  -59.760  -12.149 0.4000000060
24264  24.197  -59.138  -12.234 0.4000000060
119059  27.922  -56.978  -11.856 0.4000000060
25110  25.128  -58.509  -12.329 0.4000000060
26747  29.086  -56.126  -11.061 0.5000000000
26757  26.892  -56.196  -12.509 0.4000000060
26758  26.150  -56.518  -12.542 0.4000000060
27544  29.534  -55.356  -11.019 0.5000000000
30143  31.379  -53.122  -10.803 0.5000000000
114098  26.980  -52.761  -12.728 0.4000000060
30155  32.474  -52.365  -11.423 0.6000000238
123612  24.400  -60.032  -12.347 0.4000000060
25101  26.808  -58.466  -11.972 0.4000000060
24263  25.291  -59.489  -12.247 0.4000000060
25109  26.076  -58.089  -12.328 0.4000000060
130709  26.680  -56.916  -12.476 0.4000000060
27555  27.381  -55.460  -12.396 0.4000000060
28397  27.138  -54.567  -12.611 0.4000000060
29222  30.276  -53.864  -10.780 0.5000000000
127681  27.463  -53.536  -12.635 0.4000000060
31836  32.510  -51.078  -11.927 0.6000000238
31041  32.002  -51.613  -11.556 0.6000000238
133266  30.997  -52.671  -10.972 0.6000000238
22398  25.323  -61.384  -12.544 0.4000000060
23362  25.533  -60.446  -12.380 0.4000000060
25918  26.750  -57.581  -12.271 0.4000000060
25924  26.087  -57.275  -12.460 0.4000000060
27553  28.777  -55.433  -11.529 0.5000000000
26748  28.366  -56.198  -11.663 0.5000000000
26749  27.685  -56.222  -12.186 0.5000000000
28385  28.387  -54.775  -11.906 0.5000000000
28386  27.785  -54.895  -12.283 0.5000000000
29236  29.471  -53.777  -11.239 0.5000000000
28384  29.129  -54.650  -11.395 0.5000000000
29237  28.607  -53.960  -11.782 0.5000000000
29238  27.943  -54.190  -12.361 0.4000000060
29235  30.557  -53.129  -10.917 0.6000000238
113206  27.874  -52.547  -12.800 0.5000000000
115573  27.948  -51.762  -13.143 0.4000000060
31847  32.180  -50.190  -12.243 0.6000000238
31837  31.684  -50.906  -11.908 0.6000000238
119515  29.668  -52.834  -11.482 0.6000000238
29249  28.213  -53.346  -12.358 0.5000000000
31043  30.571  -52.269  -11.424 0.6000000238
134568  29.839  -52.061  -11.943 0.6000000238
30157  29.154  -52.241  -12.082 0.5000000000
31838  30.988  -50.942  -12.124 0.6000000238
32675  32.093  -49.625  -12.846 0.6000000238
34135  29.726  -47.838  -14.118 0.5000000000
33435  30.307  -48.480  -14.278 0.6000000238
124106  29.438  -48.719  -13.955 0.5000000000
32694  30.388  -49.331  -13.774 0.6000000238
31868  29.228  -50.401  -13.456 0.5000000000
31869  28.366  -50.621  -13.512 0.5000000000
31052  30.307  -51.387  -12.146 0.6000000238
31053  29.399  -51.552  -12.459 0.5000000000
31054  28.571  -51.853  -12.736 0.5000000000
130902  28.304  -51.314  -13.269 0.5000000000
31852  27.703  -51.172  -13.427 0.5000000000
34134  30.495  -47.749  -14.497 0.5000000000
34873  30.073  -47.051  -14.106 0.5000000000
34885  31.637  -46.964  -15.215 0.6000000238
33446  30.897  -48.222  -14.602 0.6000000238
32678  30.045  -50.149  -13.326 0.6000000238
31851  28.947  -51.114  -13.138 0.5000000000
32677  30.887  -49.956  -13.099 0.6000000238
28409  34.274  -53.780  -14.983 0.4000000060
29247  34.107  -53.414  -13.819 0.4000000060
31849  30.527  -50.584  -12.645 0.6000000238
28418  35.293  -54.657  -15.958 0.5000000000
28415  34.509  -54.409  -15.841 0.5000000000
28419  34.545  -54.937  -15.965 0.5000000000
29271  35.186  -53.534  -16.059 0.5000000000
23351  27.200  -60.234  -11.842 0.4000000060
24255  26.790  -59.456  -11.962 0.4000000060
129221  24.338  -57.287  -12.393 0.4000000060
122261  26.079  -58.970  -12.147 0.4000000060
26750  27.288  -56.960  -12.311 0.4000000060
23363  24.471  -60.882  -12.478 0.4000000060
31850  29.726  -50.842  -12.859 0.6000000238
122670  23.181  -58.858  -12.210 0.3000000119
120957  24.633  -55.652  -12.359 0.3000000119
25926  23.070  -57.418  -12.068 0.3000000119
28399  25.240  -54.178  -12.456 0.3000000119
124652  23.450  -56.580  -12.115 0.3000000119
27565  24.100  -55.028  -12.223 0.3000000119
27566  23.205  -55.283  -11.825 0.3000000119
22397  26.207  -61.188  -12.427 0.4000000060
25090  28.877  -58.263  -10.740 0.5000000000
25100  27.470  -58.503  -11.583 0.4000000060
25925  25.314  -57.662  -12.438 0.4000000060
26734  37.191  -56.624  -10.676 0.4000000060
26739  29.909  -56.098  -10.636 0.5000000000
26743  40.370  -56.366  -11.533 0.6000000238
26753  41.456  -55.984  -13.527 0.5000000000
26759  25.341  -56.848  -12.473 0.4000000060
26760  24.520  -56.362  -12.370 0.4000000060
26761  23.765  -55.800  -12.162 0.3000000119
26762  22.793  -55.894  -11.718 0.3000000119
27551  35.848  -55.656  -12.435 0.5000000000
27554  28.090  -55.504  -12.032 0.5000000000
27562  26.632  -55.372  -12.591 0.4000000060
27563  25.961  -55.403  -12.622 0.4000000060
27564  25.201  -55.086  -12.478 0.3000000119
28370  32.409  -54.364  -10.761 0.4000000060
28373  29.909  -54.585  -10.892 0.5000000000
28381  36.058  -54.838  -11.186 0.6000000238
29201  40.022  -52.882  -10.142 0.6000000238
29219  33.011  -53.159  -11.439 0.5000000000
29221  31.092  -53.784  -10.584 0.5000000000
29269  37.219  -53.139  -16.352 0.5000000000
30122  39.033  -52.237  -9.464 0.8000000119
30123  38.272  -52.322  -9.520 0.8000000119
30156  31.540  -52.355  -11.214 0.6000000238
30158  28.874  -53.193  -11.765 0.5000000000
30171  28.603  -52.618  -12.270 0.5000000000
31040  32.707  -51.765  -11.720 0.6000000238
31042  31.170  -51.557  -11.679 0.6000000238
31066  35.136  -51.323  -14.588 0.6999999881
31814  37.494  -50.303  -9.435 0.8000000119
31834  42.002  -50.664  -11.501 0.4000000060
31843  43.560  -50.266  -12.671 0.4000000060
31845  34.068  -50.896  -12.949 0.6000000238
31848  31.300  -50.341  -12.380 0.6000000238
31861  44.411  -50.329  -13.900 0.3000000119
31867  33.818  -50.197  -13.108 0.6999999881
31887  44.708  -50.773  -15.997 0.3000000119
32658  37.202  -48.969  -9.922 0.8000000119
32672  44.350  -49.954  -12.444 0.4000000060
32676  31.570  -49.850  -12.766 0.6999999881
32686  47.284  -49.451  -13.738 0.3000000119
32695  29.464  -49.651  -13.703 0.5000000000
33382  42.344  -47.823  -8.901 0.6000000238
33385  39.776  -48.369  -8.640 0.6999999881
33406  44.708  -48.493  -10.880 0.5000000000
33434  31.021  -48.767  -14.292 0.6999999881
33442  34.376  -48.495  -14.779 0.8000000119
33443  33.682  -47.816  -15.283 0.6999999881
33462  36.768  -48.648  -16.779 0.8000000119
34085  40.884  -47.565  -8.558 0.6000000238
34115  46.079  -47.895  -11.737 0.4000000060
34118  36.907  -47.697  -11.756 0.8000000119
34133  37.330  -48.079  -13.678 0.8999999762
34169  40.221  -47.346  -18.706 1.0000000000
34171  38.382  -48.681  -18.049 1.0000000000
34827  41.225  -46.750  -8.554 0.6999999881
34828  40.345  -46.310  -8.638 0.6999999881
34838  37.955  -46.826  -9.918 0.8000000119
34883  48.552  -46.533  -14.381 0.3000000119
34892  49.684  -46.537  -15.479 0.3000000119
34894  38.573  -46.787  -15.305 0.8999999762
35709  40.619  -45.649  -8.797 0.6999999881
35731  44.351  -45.633  -10.432 0.5000000000
35732  43.735  -45.334  -10.116 0.6000000238
35753  45.586  -45.187  -12.263 0.4000000060
35776  31.736  -45.438  -14.405 0.6999999881
36569  38.096  -45.006  -11.036 0.6999999881
36616  48.098  -44.646  -14.930 0.4000000060
36637  34.222  -44.640  -16.441 0.8999999762
36638  33.582  -44.761  -16.017 0.8999999762
37353  41.794  -43.001  -9.895 0.5000000000
37355  40.154  -43.460  -9.487 0.6000000238
37370  43.314  -43.649  -10.781 0.4000000060
37374  39.007  -43.097  -10.167 0.6000000238
37400  37.673  -43.143  -12.301 0.6999999881
37424  32.099  -43.237  -14.938 0.6000000238
37443  45.620  -42.772  -16.069 0.4000000060
37450  47.858  -43.342  -18.318 0.3000000119
37469  41.408  -43.489  -20.435 1.0000000000
37470  41.002  -43.794  -20.473 1.0000000000
38202  41.197  -42.575  -9.815 0.6000000238
38216  39.359  -42.522  -10.165 0.6000000238
38236  43.053  -41.956  -10.993 0.5000000000
38282  34.078  -42.439  -15.835 1.0000000000
38283  33.453  -42.791  -15.543 0.8999999762
38291  47.090  -42.251  -18.206 0.3000000119
38300  37.752  -42.004  -19.398 1.0000000000
38311  41.018  -42.097  -21.343 1.0000000000
39153  38.281  -41.092  -12.165 0.8000000119
39179  45.026  -41.660  -14.630 0.4000000060
39228  49.762  -41.154  -20.502 0.3000000119
39230  48.031  -41.989  -19.569 0.3000000119
39238  41.421  -41.663  -21.227 1.0000000000
40083  39.278  -40.377  -11.026 0.6999999881
40109  44.778  -40.851  -12.904 0.4000000060
40110  38.217  -40.123  -14.119 0.8000000119
40111  37.904  -40.846  -13.927 0.8000000119
40139  32.443  -40.865  -15.574 0.6999999881
40184  41.436  -41.394  -20.981 1.0000000000
40186  39.872  -40.192  -21.301 1.0000000000
40998  41.373  -39.819  -10.725 0.6000000238
41004  44.195  -39.134  -11.629 0.5000000000
41006  42.743  -39.389  -11.072 0.5000000000
41022  38.745  -39.303  -12.748 0.6999999881
41059  38.743  -39.551  -15.497 0.8000000119
41083  34.491  -39.675  -17.105 0.8999999762
41972  31.471  -37.845  -16.602 0.6999999881
42767  40.167  -37.254  -12.031 0.6999999881
43564  44.201  -36.624  -11.808 0.3000000119
43577  41.553  -36.291  -11.993 0.6999999881
43621  31.734  -36.490  -17.637 0.6999999881
44367  43.654  -36.158  -11.843 0.4000000060
44368  42.989  -36.014  -11.831 0.6000000238
44389  40.791  -35.720  -13.449 0.6999999881
44427  34.427  -36.065  -18.534 0.8999999762
44434  37.399  -35.289  -19.961 1.0000000000
45272  42.740  -34.603  -12.852 0.6000000238
45304  42.095  -34.215  -15.169 0.6000000238
45318  43.787  -34.712  -17.930 0.4000000060
45326  44.106  -35.100  -18.873 0.4000000060
46218  43.933  -33.867  -12.849 0.4000000060
46238  43.293  -33.039  -14.264 0.6000000238
46276  43.802  -34.918  -19.051 0.4000000060
46286  45.420  -34.424  -21.554 0.4000000060
46289  36.916  -33.532  -19.555 0.8999999762
46290  36.243  -33.111  -19.387 0.8000000119
46293  45.212  -34.307  -22.427 0.4000000060
47243  43.369  -32.830  -15.733 0.4000000060
47264  44.108  -34.141  -17.502 0.4000000060
47294  45.505  -33.884  -22.740 0.4000000060
47295  44.707  -33.928  -22.971 0.4000000060
47296  44.970  -33.737  -23.084 0.4000000060
48278  45.303  -33.189  -22.971 0.3000000119
49218  38.131  -31.129  -18.591 0.5000000000
49231  46.771  -32.458  -21.847 0.3000000119
49239  46.029  -32.715  -22.491 0.3000000119
53289  38.633  -25.998  -19.489 0.3000000119
112160  39.785  -39.080  -11.447 0.6999999881
112486  36.552  -49.814  -11.110 0.8000000119
113689  41.344  -56.833  -15.895 0.5000000000
114685  41.477  -43.327  -20.398 1.0000000000
116749  37.784  -42.991  -13.902 0.8000000119
117239  39.318  -38.057  -13.165 0.6999999881
117839  41.564  -52.389  -12.206 0.6000000238
118053  33.128  -47.234  -15.723 0.6999999881
119672  27.376  -57.710  -11.878 0.4000000060
120227  47.528  -47.313  -13.223 0.3000000119
120950  30.901  -47.033  -14.494 0.5000000000
121197  36.710  -28.179  -20.189 0.4000000060
121866  35.507  -45.066  -17.232 0.8999999762
122065  41.222  -44.181  -20.185 1.0000000000
122323  47.182  -43.144  -17.768 0.3000000119
122707  37.516  -34.003  -19.643 0.8999999762
123355  36.718  -51.884  -10.381 0.8000000119
123521  44.119  -35.165  -12.349 0.3000000119
128785  31.463  -42.690  -14.837 0.6000000238
129652  33.195  -29.072  -20.738 0.6999999881
129887  40.210  -44.316  -20.268 1.0000000000
130343  47.104  -48.412  -12.977 0.3000000119
131319  41.627  -50.259  -10.315 0.5000000000
131763  24.679  -54.625  -12.363 0.3000000119
132801  29.996  -53.412  -11.075 0.5000000000
133040  29.046  -52.695  -11.850 0.5000000000
133175  43.747  -51.409  -15.269 0.4000000060
133400  38.639  -49.293  -17.239 1.0000000000
134205  39.697  -58.263  -11.822 0.6000000238
134311  33.354  -44.247  -15.593 0.8999999762
