#!ascii label  , from subject bert vox2ras=TkReg
1621
119651  30.574  -56.174  -4.325 0.8999999762
26664  30.008  -57.247  -4.031 0.8000000119
26663  30.717  -56.867  -4.737 0.8000000119
117119  30.106  -58.674  -5.079 0.6999999881
25053  30.122  -58.125  -6.500 0.8000000119
26641  29.873  -56.323  -3.767 0.8999999762
26662  31.170  -56.120  -4.876 1.0000000000
26677  31.181  -56.480  -5.461 1.0000000000
25851  30.708  -57.247  -5.609 0.8999999762
25030  30.277  -57.998  -5.765 0.8000000119
25869  29.936  -57.804  -7.228 0.8000000119
25868  30.432  -57.499  -6.483 0.8999999762
25063  29.411  -58.319  -7.481 0.8000000119
25881  29.285  -57.719  -7.903 0.6999999881
25064  28.813  -58.439  -8.044 0.6999999881
116430  28.624  -55.534  -3.293 0.8000000119
27450  29.431  -55.493  -3.569 0.8999999762
28273  29.760  -54.702  -3.789 0.8999999762
28274  28.988  -54.756  -3.429 0.8999999762
121726  27.253  -54.875  -3.415 0.8999999762
27466  31.340  -55.435  -5.096 0.8999999762
27481  31.497  -55.316  -5.706 1.0000000000
26695  30.949  -56.605  -6.398 0.8999999762
27508  30.832  -55.181  -7.325 1.0000000000
26704  30.606  -56.018  -7.330 0.8999999762
26705  29.934  -56.306  -8.122 0.8999999762
117167  29.757  -57.174  -7.817 0.8000000119
127960  28.180  -58.220  -8.555 0.6999999881
29138  30.176  -53.839  -3.945 0.8999999762
118390  28.547  -54.077  -3.473 0.8999999762
28275  27.724  -54.112  -3.476 0.8999999762
29129  27.448  -53.529  -3.699 0.8999999762
28291  30.457  -54.688  -4.371 0.8999999762
28290  31.156  -54.767  -4.893 0.8999999762
27496  31.461  -55.158  -6.277 1.0000000000
26706  29.050  -56.882  -8.345 0.8000000119
124658  28.259  -57.035  -8.659 0.8000000119
26719  27.406  -56.122  -9.464 0.8000000119
26720  26.808  -56.795  -9.445 0.8000000119
26723  26.515  -56.073  -9.923 0.8000000119
30061  29.379  -52.625  -3.672 0.8999999762
29139  26.925  -53.220  -4.032 0.8999999762
29140  26.348  -53.626  -4.203 0.8999999762
123263  30.607  -53.241  -4.300 0.8999999762
30071  27.094  -52.418  -4.200 0.8999999762
30072  26.176  -52.843  -4.336 0.8000000119
120877  25.700  -53.719  -4.405 0.8000000119
29137  30.983  -53.912  -4.720 0.8999999762
129858  26.501  -51.727  -4.403 0.6999999881
30073  25.099  -53.003  -4.512 0.6999999881
30074  24.225  -52.576  -4.571 0.6999999881
29152  32.270  -53.264  -5.802 0.8999999762
126749  24.214  -51.823  -4.627 0.6999999881
30075  23.510  -52.040  -4.555 0.6999999881
29166  32.126  -53.697  -6.338 1.0000000000
30982  23.738  -51.268  -4.748 0.6000000238
28306  31.783  -54.535  -5.934 1.0000000000
29180  31.663  -53.643  -7.211 1.0000000000
28335  31.150  -54.457  -7.264 1.0000000000
28336  30.487  -54.541  -7.781 1.0000000000
27509  30.268  -55.341  -7.977 0.8999999762
29181  30.737  -53.807  -7.760 1.0000000000
28344  29.841  -54.564  -8.291 0.8999999762
27518  29.517  -55.341  -8.472 0.8000000119
26717  29.129  -56.025  -8.588 0.8000000119
27520  27.931  -55.350  -9.448 0.8000000119
28355  27.399  -54.467  -9.660 0.8000000119
27527  26.972  -55.276  -9.726 0.8000000119
28356  26.397  -54.422  -10.043 0.8000000119
29207  26.778  -53.563  -9.946 0.8000000119
28357  25.416  -54.455  -10.337 0.8000000119
30060  30.110  -52.952  -3.834 0.8999999762
30062  28.452  -52.720  -3.687 0.8999999762
30967  30.039  -52.243  -3.860 0.8999999762
30968  28.788  -51.942  -3.815 0.8999999762
30070  27.907  -52.115  -3.919 0.8999999762
30979  27.376  -51.691  -4.254 0.8999999762
30068  31.264  -52.995  -4.731 0.8999999762
30981  24.876  -52.003  -4.566 0.6999999881
30084  31.920  -52.701  -5.281 0.8999999762
30980  25.529  -51.212  -4.554 0.6000000238
123464  24.559  -51.212  -4.668 0.6000000238
30992  22.271  -50.748  -5.015 0.5000000000
29179  32.311  -52.994  -6.899 1.0000000000
32609  23.019  -49.185  -5.273 0.5000000000
30102  31.901  -52.745  -7.617 1.0000000000
30112  31.005  -53.039  -7.942 1.0000000000
29192  30.089  -53.260  -8.369 1.0000000000
29193  29.525  -53.823  -8.593 0.8999999762
27519  28.764  -55.342  -8.979 0.8000000119
30113  29.251  -53.052  -9.063 0.8999999762
29194  28.766  -53.761  -9.142 0.8000000119
29195  27.837  -53.689  -9.530 0.8000000119
29206  28.304  -52.994  -9.417 0.8999999762
30128  27.866  -52.305  -9.676 0.8999999762
131754  26.718  -52.956  -10.043 0.8000000119
30131  25.258  -52.973  -10.306 0.8000000119
31027  25.619  -51.291  -10.293 0.8000000119
129088  24.967  -52.497  -10.290 0.8000000119
30978  28.183  -51.251  -4.237 0.8999999762
30069  30.594  -52.479  -4.269 0.8999999762
30976  30.361  -51.483  -4.209 0.8999999762
124854  27.257  -51.012  -4.412 0.6999999881
31775  26.465  -50.715  -4.500 0.8000000119
30991  32.074  -51.788  -5.346 0.8999999762
118529  31.467  -51.022  -4.765 0.8999999762
31776  24.942  -50.398  -4.657 0.6999999881
31777  24.074  -50.522  -4.863 0.6000000238
31778  23.228  -50.644  -4.982 0.6000000238
32598  25.358  -49.512  -4.680 0.6999999881
32599  24.421  -49.696  -4.886 0.6000000238
32600  23.571  -49.858  -5.103 0.5000000000
30090  32.582  -52.217  -6.605 1.0000000000
33364  22.421  -48.563  -5.529 0.5000000000
30101  32.380  -52.356  -7.310 1.0000000000
113489  31.400  -52.262  -8.327 1.0000000000
31013  30.842  -51.726  -8.967 1.0000000000
123618  30.532  -52.536  -8.668 1.0000000000
30126  29.415  -52.348  -9.289 0.8999999762
31012  31.766  -51.345  -8.574 1.0000000000
31014  30.026  -52.039  -9.248 0.8999999762
30127  28.708  -52.307  -9.464 0.8999999762
31023  29.208  -51.521  -9.471 0.8999999762
31024  28.179  -51.545  -9.702 0.8999999762
31025  27.184  -51.080  -10.099 0.8999999762
31026  26.452  -51.614  -10.201 0.8999999762
31818  28.625  -50.847  -9.680 0.8999999762
112606  27.912  -50.824  -9.941 0.8999999762
126826  25.833  -50.465  -10.421 0.8999999762
31819  27.363  -50.147  -10.265 0.8999999762
134667  29.599  -51.875  -3.842 0.8999999762
30977  29.256  -51.229  -4.071 0.8999999762
31774  27.892  -50.400  -4.497 0.8999999762
31773  28.815  -50.488  -4.354 0.8999999762
118046  27.139  -50.309  -4.516 0.8000000119
31771  30.649  -50.622  -4.414 0.8999999762
126736  25.800  -50.213  -4.559 0.6999999881
30990  32.628  -51.610  -5.995 0.8999999762
31783  32.399  -50.778  -5.449 0.8999999762
132208  25.974  -49.643  -4.584 0.6999999881
33353  24.749  -48.847  -4.969 0.6999999881
32608  23.881  -49.006  -5.175 0.5000000000
30999  32.849  -51.349  -6.730 1.0000000000
33363  23.271  -48.347  -5.402 0.5000000000
113670  22.623  -47.763  -5.697 0.5000000000
31005  32.623  -51.699  -7.351 1.0000000000
31011  32.585  -51.137  -8.040 1.0000000000
31806  32.535  -50.276  -8.360 1.0000000000
134579  32.240  -50.837  -8.479 1.0000000000
31808  31.018  -50.808  -9.095 1.0000000000
31807  31.811  -50.486  -8.806 1.0000000000
32635  31.982  -49.697  -8.865 1.0000000000
31817  30.326  -50.198  -9.339 0.8999999762
112358  29.381  -50.393  -9.556 0.8999999762
132926  28.652  -49.369  -10.079 0.8999999762
33424  24.561  -48.629  -12.594 0.6999999881
34127  24.572  -47.861  -12.788 0.8000000119
124556  23.903  -48.331  -12.446 0.8000000119
132731  23.551  -47.288  -12.517 0.8000000119
113309  31.189  -50.226  -4.581 0.8999999762
32593  30.407  -49.816  -4.398 1.0000000000
32594  29.372  -49.784  -4.369 1.0000000000
118201  28.965  -49.018  -4.406 1.0000000000
118200  28.120  -48.941  -4.494 0.6999999881
118037  26.903  -49.131  -4.533 0.6999999881
31792  32.821  -50.897  -6.226 0.8999999762
31770  31.893  -50.080  -4.882 0.8999999762
128175  25.479  -48.734  -4.801 0.6999999881
33362  24.210  -48.050  -5.309 0.6000000238
31791  33.151  -50.543  -6.887 1.0000000000
34808  22.819  -46.981  -5.907 0.4000000060
31797  32.992  -50.460  -7.662 1.0000000000
32645  31.344  -49.040  -9.211 1.0000000000
33399  30.640  -48.700  -9.470 1.0000000000
33398  31.092  -48.332  -9.368 1.0000000000
34112  23.888  -47.883  -10.979 0.8999999762
33437  26.534  -48.342  -13.061 0.6000000238
34126  25.731  -47.750  -13.057 0.6000000238
34138  25.001  -47.255  -13.115 0.8000000119
127227  23.739  -47.515  -12.630 0.8000000119
125271  23.454  -47.946  -12.041 0.8999999762
33411  23.815  -48.731  -11.042 0.8999999762
32591  32.100  -49.162  -5.016 0.8999999762
32592  31.318  -49.490  -4.617 0.8999999762
33350  27.768  -48.246  -4.519 0.8000000119
33351  26.870  -48.360  -4.621 0.6999999881
33352  25.971  -48.180  -4.794 0.6999999881
34064  24.814  -47.300  -5.352 0.6000000238
34813  23.017  -46.203  -6.130 0.4000000060
32618  33.266  -49.697  -6.685 1.0000000000
31782  32.914  -50.176  -6.078 0.8999999762
32624  33.227  -49.921  -7.304 1.0000000000
33387  33.056  -48.872  -8.292 1.0000000000
33388  32.641  -48.271  -8.891 1.0000000000
33397  31.812  -48.335  -9.225 1.0000000000
34097  31.304  -47.708  -9.420 1.0000000000
34098  30.772  -47.067  -9.631 1.0000000000
34110  25.349  -47.470  -10.855 0.8999999762
34852  24.952  -46.487  -11.038 0.8999999762
34111  24.372  -47.178  -10.785 0.8999999762
34860  23.274  -46.458  -12.074 0.8999999762
34854  23.693  -46.897  -11.252 0.8999999762
34137  28.351  -47.599  -13.456 0.6000000238
124457  27.583  -48.149  -13.245 0.6000000238
118111  26.770  -47.508  -13.163 0.6000000238
114249  25.881  -46.947  -13.259 0.8000000119
34877  24.809  -46.591  -13.272 0.8000000119
34128  23.408  -47.163  -12.371 0.8999999762
122348  30.688  -48.961  -4.434 0.8999999762
117237  29.836  -49.061  -4.288 0.8999999762
33349  28.656  -48.224  -4.450 0.6999999881
33347  30.203  -48.353  -4.361 0.8999999762
33348  29.431  -48.375  -4.384 0.8999999762
34056  26.496  -47.480  -4.785 0.6000000238
133944  32.594  -49.212  -5.442 1.0000000000
33360  32.724  -48.595  -5.522 1.0000000000
33345  32.036  -48.259  -4.958 1.0000000000
34057  25.671  -47.370  -5.120 0.6000000238
34806  24.361  -46.572  -5.544 0.5000000000
116739  33.352  -49.025  -6.547 1.0000000000
32606  33.013  -49.309  -5.922 1.0000000000
33359  33.279  -48.653  -6.099 1.0000000000
33375  33.354  -49.122  -7.350 1.0000000000
116156  33.464  -48.249  -7.750 1.0000000000
127197  33.209  -48.103  -8.423 1.0000000000
34096  32.204  -47.645  -9.284 1.0000000000
119814  31.652  -46.976  -9.497 1.0000000000
34841  30.334  -46.437  -10.043 1.0000000000
34099  29.948  -47.196  -10.041 1.0000000000
34848  29.430  -46.495  -10.463 1.0000000000
34106  29.198  -47.279  -10.344 1.0000000000
34849  28.490  -46.969  -10.701 1.0000000000
125742  27.710  -47.082  -11.081 0.8999999762
34107  28.658  -47.831  -10.434 0.8999999762
34851  26.145  -47.011  -11.274 0.8999999762
34853  24.040  -46.463  -10.951 0.8999999762
35755  23.091  -45.737  -12.569 0.8999999762
34887  30.553  -46.240  -13.989 0.6000000238
113379  29.651  -46.270  -13.769 0.6000000238
34874  28.157  -46.757  -13.377 0.6000000238
126879  27.609  -47.308  -13.262 0.6000000238
34876  25.773  -45.970  -13.375 0.8000000119
34878  23.689  -46.258  -13.131 0.8000000119
34051  31.350  -47.948  -4.614 0.8999999762
34053  28.965  -47.513  -4.441 0.6999999881
34055  27.349  -47.533  -4.603 0.6000000238
121642  27.814  -46.782  -4.588 0.6000000238
34063  32.608  -47.582  -5.385 0.8999999762
127827  26.630  -45.963  -4.910 0.6000000238
34805  25.310  -46.449  -5.383 0.5000000000
123922  33.294  -47.976  -5.990 1.0000000000
33369  33.542  -48.312  -6.791 1.0000000000
34071  33.591  -47.533  -6.557 0.8999999762
34088  33.494  -47.492  -8.174 1.0000000000
34089  33.014  -47.552  -8.889 1.0000000000
34831  32.575  -46.898  -9.304 1.0000000000
34840  32.058  -46.222  -9.621 1.0000000000
35724  31.533  -45.482  -9.823 1.0000000000
121130  31.119  -46.288  -9.664 1.0000000000
35735  29.982  -45.856  -10.416 1.0000000000
35737  28.687  -46.037  -10.896 1.0000000000
120817  27.894  -46.341  -11.111 1.0000000000
117280  26.443  -44.921  -11.502 0.8999999762
35739  26.030  -45.939  -11.449 0.8999999762
35741  24.114  -45.754  -11.114 0.8999999762
36587  23.107  -44.405  -12.279 0.8999999762
35762  30.004  -45.495  -13.775 0.6000000238
35763  29.292  -45.614  -13.599 0.6000000238
35764  27.848  -45.899  -13.499 0.6000000238
112669  27.622  -45.084  -13.481 0.6999999881
35766  26.035  -45.028  -13.498 0.6999999881
112016  24.918  -45.179  -13.400 0.6999999881
35768  23.161  -45.530  -13.006 0.8000000119
36598  22.958  -44.773  -12.787 0.8999999762
35776  31.736  -45.438  -14.405 0.6000000238
36611  25.167  -44.365  -13.503 0.6999999881
35767  23.829  -45.355  -13.304 0.8000000119
36623  23.368  -44.262  -13.290 0.8999999762
121618  28.613  -46.808  -4.508 0.6999999881
34795  27.422  -45.991  -4.627 0.6000000238
34050  32.082  -46.909  -4.925 0.8999999762
122930  31.228  -47.080  -4.580 0.8000000119
115869  29.900  -46.144  -4.417 0.6999999881
116123  33.338  -47.126  -5.955 0.8999999762
35699  33.934  -45.918  -7.448 0.8999999762
34812  33.747  -46.693  -6.763 0.8000000119
34820  33.792  -46.743  -7.803 1.0000000000
34830  33.389  -46.702  -8.718 1.0000000000
118983  33.530  -45.929  -8.923 1.0000000000
34839  32.947  -46.135  -9.352 1.0000000000
35723  32.503  -45.454  -9.674 1.0000000000
36559  30.961  -44.760  -10.132 1.0000000000
36570  30.025  -45.001  -10.437 1.0000000000
35736  29.360  -45.589  -10.658 1.0000000000
130948  28.212  -44.725  -11.223 1.0000000000
35738  27.168  -45.697  -11.443 0.8999999762
118372  25.345  -44.936  -11.311 0.8999999762
35740  24.916  -45.606  -11.210 0.8999999762
36575  23.629  -44.194  -11.566 0.8999999762
128595  28.573  -45.243  -13.474 0.6000000238
112668  26.870  -44.862  -13.527 0.6999999881
37402  23.022  -43.726  -12.848 0.8999999762
36621  31.578  -44.647  -14.345 0.6000000238
36622  30.963  -45.292  -13.970 0.6000000238
36610  26.336  -44.175  -13.560 0.6999999881
132252  24.340  -43.785  -13.532 0.6999999881
121619  29.420  -46.870  -4.426 0.6999999881
115720  28.243  -46.038  -4.531 0.6000000238
34793  31.657  -46.259  -4.653 0.8000000119
34794  30.800  -46.213  -4.462 0.8000000119
115868  29.054  -46.092  -4.504 0.6999999881
35679  32.817  -45.886  -5.351 0.6999999881
34792  32.306  -46.268  -4.971 0.8000000119
35688  33.749  -45.666  -6.533 0.6999999881
35687  34.094  -45.065  -7.193 0.6999999881
35698  34.299  -45.302  -8.064 0.8000000119
36542  34.394  -44.630  -8.589 0.8000000119
35711  33.998  -45.359  -8.800 0.8000000119
36556  33.804  -44.604  -9.363 0.8000000119
35722  33.362  -45.410  -9.370 0.8999999762
36557  32.987  -44.837  -9.705 0.8999999762
36558  32.006  -44.537  -9.880 1.0000000000
36571  29.276  -44.851  -10.680 1.0000000000
113279  28.778  -44.268  -10.919 1.0000000000
37376  30.352  -44.013  -10.360 1.0000000000
116771  29.538  -44.205  -10.578 1.0000000000
121025  27.463  -44.798  -11.467 1.0000000000
111854  26.808  -44.012  -11.490 1.0000000000
36573  25.688  -44.057  -11.348 0.8999999762
36574  24.592  -44.096  -11.213 0.8999999762
37382  23.980  -43.345  -11.567 0.8999999762
113895  30.836  -44.243  -14.099 0.6000000238
115594  29.404  -44.938  -13.577 0.6000000238
36608  28.177  -44.488  -13.444 0.6000000238
112683  27.892  -43.784  -13.493 0.6999999881
37391  23.382  -43.510  -12.248 0.8999999762
37417  23.464  -43.718  -13.284 0.8999999762
37415  26.360  -43.187  -13.563 0.6999999881
37416  25.266  -43.550  -13.575 0.6999999881
114720  24.174  -42.968  -13.442 0.8999999762
38265  24.002  -42.065  -13.085 0.8999999762
35669  31.301  -45.460  -4.535 0.6999999881
35670  30.391  -45.392  -4.447 0.6000000238
114022  29.494  -45.397  -4.480 0.6000000238
114695  27.879  -45.284  -4.547 0.6000000238
116944  32.715  -45.092  -5.244 0.6999999881
36488  30.896  -44.531  -4.374 0.6000000238
127456  33.389  -45.387  -5.768 0.6999999881
36515  34.319  -44.353  -6.994 0.6999999881
36555  34.331  -44.004  -9.034 0.8000000119
37358  33.788  -43.633  -9.516 0.8000000119
38207  33.014  -43.066  -9.874 0.8000000119
37359  32.939  -44.004  -9.746 0.8000000119
37361  31.188  -43.895  -10.196 1.0000000000
37360  31.956  -43.343  -10.019 0.8000000119
37377  29.729  -43.474  -10.563 1.0000000000
134770  29.168  -43.668  -10.769 1.0000000000
112667  27.895  -43.902  -11.339 1.0000000000
38240  29.166  -42.329  -11.068 1.0000000000
37378  28.634  -43.419  -11.044 1.0000000000
37379  27.132  -43.161  -11.437 1.0000000000
39127  26.412  -41.839  -11.628 1.0000000000
131392  25.873  -42.375  -11.582 1.0000000000
37381  24.882  -43.283  -11.365 0.8999999762
36607  29.461  -44.164  -13.644 0.6000000238
111868  23.776  -42.548  -12.069 0.8999999762
134415  31.342  -43.902  -14.408 0.6000000238
37411  30.140  -43.740  -13.916 0.6000000238
114151  28.735  -43.887  -13.545 0.6999999881
38253  23.690  -42.065  -12.676 0.8999999762
37413  28.490  -43.063  -13.734 0.6999999881
125133  25.936  -42.328  -13.567 0.6999999881
38264  24.848  -42.155  -13.363 0.8999999762
36490  29.120  -43.986  -4.485 0.5000000000
36487  31.857  -44.722  -4.727 0.6000000238
131817  31.123  -43.537  -4.366 0.5000000000
35678  33.295  -44.672  -5.596 0.6999999881
36507  32.659  -44.266  -5.190 0.6999999881
37310  34.204  -43.803  -6.390 0.6999999881
37326  34.696  -43.626  -7.326 0.6999999881
37342  34.722  -43.738  -8.357 0.6999999881
38192  34.891  -42.800  -8.561 0.6999999881
38206  33.876  -42.773  -9.655 0.8000000119
38218  33.201  -42.239  -10.115 0.8000000119
38219  32.275  -42.384  -10.165 0.8000000119
39123  32.578  -41.650  -10.534 0.8000000119
39125  30.809  -41.921  -10.674 0.8999999762
38221  30.542  -42.576  -10.471 1.0000000000
39124  31.665  -41.760  -10.564 0.8000000119
39140  30.271  -41.563  -11.227 0.8999999762
38239  29.991  -42.093  -10.856 1.0000000000
132462  28.809  -41.884  -11.280 1.0000000000
111945  27.992  -42.933  -11.190 1.0000000000
39144  25.606  -41.024  -11.812 1.0000000000
39128  25.214  -41.733  -11.643 0.8999999762
38242  24.221  -41.840  -11.698 0.8999999762
39146  24.082  -41.203  -12.126 0.8999999762
39145  24.610  -41.050  -11.850 0.8999999762
39155  23.903  -41.360  -12.509 0.8999999762
37426  30.808  -43.341  -14.358 0.6000000238
37412  29.371  -43.376  -13.829 0.6000000238
38262  27.896  -42.435  -13.793 0.6999999881
39169  25.490  -41.497  -13.544 0.8000000119
38277  24.535  -41.236  -13.278 0.8999999762
37425  31.474  -43.332  -14.622 0.6000000238
38261  28.600  -42.349  -14.038 0.6999999881
39167  27.415  -41.926  -13.830 0.6999999881
39188  25.134  -40.641  -13.588 0.8000000119
39170  24.053  -41.014  -13.017 0.8999999762
39168  26.562  -41.739  -13.728 0.6999999881
40128  24.943  -39.955  -13.545 0.8999999762
37282  31.940  -43.847  -4.735 0.5000000000
37283  30.333  -42.920  -4.377 0.5000000000
118579  33.417  -42.918  -5.267 0.6999999881
114376  31.892  -43.008  -4.623 0.5000000000
37311  33.994  -43.189  -5.831 0.6999999881
38171  34.491  -42.984  -6.484 0.6999999881
118405  34.912  -42.710  -7.305 0.6999999881
114286  34.990  -43.080  -7.942 0.6999999881
39103  35.210  -41.900  -8.815 0.6999999881
38205  34.652  -42.422  -9.266 0.6999999881
39113  34.019  -41.964  -9.873 0.8000000119
39122  33.434  -41.492  -10.443 0.8000000119
39139  31.125  -41.431  -11.132 0.8000000119
40090  29.784  -41.097  -11.810 0.8999999762
39141  29.353  -41.630  -11.352 1.0000000000
134315  27.956  -41.600  -11.499 1.0000000000
39126  27.406  -41.686  -11.531 1.0000000000
39138  32.054  -41.217  -11.256 0.8000000119
40089  30.646  -41.127  -11.761 0.8000000119
112687  29.002  -41.058  -11.832 0.8999999762
39143  27.646  -41.133  -11.720 1.0000000000
40076  26.699  -41.057  -11.779 1.0000000000
40091  28.159  -40.622  -12.102 0.8999999762
40093  25.998  -40.356  -12.181 1.0000000000
40094  25.019  -40.347  -12.218 1.0000000000
40105  24.384  -40.290  -12.901 0.8999999762
38260  29.252  -42.615  -14.122 0.6999999881
132186  24.894  -39.263  -12.995 0.8999999762
38274  30.714  -42.492  -14.669 0.6000000238
38275  29.856  -42.131  -14.509 0.6000000238
41049  24.871  -39.536  -13.484 0.8999999762
39166  28.164  -41.739  -14.177 0.6999999881
116652  28.008  -40.891  -14.465 0.6999999881
39187  26.153  -40.887  -13.869 0.6999999881
40127  25.627  -39.996  -14.014 0.8000000119
40126  26.890  -40.250  -14.381 0.6999999881
41048  25.166  -39.175  -14.074 0.8000000119
41948  25.404  -38.393  -14.156 0.8999999762
41047  27.129  -39.392  -14.855 0.6999999881
37302  32.701  -43.400  -4.987 0.6000000238
38157  32.600  -42.588  -4.889 0.5000000000
38156  34.026  -42.333  -5.734 0.6999999881
39086  35.374  -41.545  -8.094 0.6999999881
114111  35.100  -41.913  -7.368 0.6999999881
38182  35.216  -42.369  -8.060 0.6999999881
39087  35.129  -41.116  -7.363 0.6999999881
39111  35.189  -41.214  -9.257 0.6999999881
39112  34.759  -41.621  -9.546 0.6999999881
40065  34.835  -40.879  -9.815 0.6999999881
39121  34.204  -41.226  -10.196 0.6999999881
40075  33.685  -40.791  -10.803 0.8000000119
39137  32.946  -41.079  -11.043 0.8000000119
40087  32.638  -40.794  -11.689 0.8000000119
40088  31.399  -41.063  -11.730 0.8000000119
40101  32.824  -40.348  -12.278 0.8000000119
41025  32.168  -40.074  -12.789 0.8000000119
40103  30.250  -40.690  -12.362 0.8000000119
40104  29.235  -40.511  -12.464 0.8999999762
41014  27.418  -39.957  -12.423 0.8999999762
40092  27.061  -40.453  -12.083 1.0000000000
41037  31.348  -39.733  -13.218 0.8000000119
134490  30.765  -40.301  -12.869 0.8000000119
41016  25.380  -39.602  -12.536 1.0000000000
41015  26.398  -39.602  -12.475 1.0000000000
120850  25.138  -39.011  -12.951 1.0000000000
39185  28.746  -41.309  -14.531 0.6999999881
40124  28.808  -40.681  -14.858 0.6999999881
41040  24.900  -39.129  -13.845 0.8999999762
41921  25.456  -38.467  -13.366 1.0000000000
40125  28.017  -40.045  -14.776 0.6999999881
41046  28.029  -39.365  -15.309 0.8000000119
119831  26.007  -39.284  -14.553 0.8000000119
40048  35.399  -40.683  -8.007 0.6999999881
39102  35.394  -41.020  -8.720 0.6999999881
40064  35.326  -40.542  -9.361 0.6999999881
40073  35.083  -40.186  -10.091 0.6999999881
40085  34.032  -40.129  -11.230 0.6999999881
41002  34.718  -39.776  -10.773 0.6999999881
40086  33.295  -40.510  -11.550 0.8000000119
41024  32.928  -39.634  -12.762 0.8000000119
133059  33.547  -39.144  -12.708 0.8000000119
41036  32.215  -39.334  -13.281 0.8000000119
41039  29.316  -39.784  -13.176 0.8999999762
41027  28.205  -39.802  -12.855 0.8999999762
41931  30.482  -39.047  -13.927 0.8000000119
41917  28.574  -39.078  -13.447 0.8999999762
41028  27.144  -39.283  -12.752 0.8999999762
39182  30.434  -41.639  -14.943 0.6000000238
115353  28.884  -38.368  -13.907 0.8999999762
41933  27.776  -38.226  -13.623 0.8999999762
41908  25.646  -39.043  -12.776 1.0000000000
39201  30.879  -41.233  -15.318 0.6000000238
42771  25.974  -38.007  -13.382 0.8999999762
40142  28.795  -40.005  -15.373 0.6999999881
42787  25.706  -37.819  -13.809 0.8999999762
128489  27.239  -38.852  -15.349 0.8000000119
41947  25.616  -38.474  -14.580 0.8999999762
41965  25.619  -37.853  -14.474 0.8000000119
40058  35.532  -40.096  -8.714 0.6999999881
41001  35.299  -39.459  -10.320 0.6999999881
41012  34.456  -39.411  -11.562 0.6999999881
41907  34.885  -38.641  -11.759 0.6999999881
41023  34.217  -38.955  -12.343 0.6999999881
131924  30.908  -39.363  -13.598 0.8000000119
120944  29.865  -38.472  -14.186 0.8000000119
42782  30.771  -38.413  -14.375 0.8000000119
124940  30.134  -37.896  -14.497 0.8000000119
131921  26.903  -38.793  -13.039 0.8999999762
39183  30.232  -40.802  -15.216 0.6000000238
42783  29.257  -37.734  -14.338 0.8000000119
42785  26.780  -37.302  -13.877 0.8999999762
41919  26.656  -38.200  -13.387 0.8999999762
40141  30.960  -40.535  -15.521 0.6000000238
40123  29.495  -40.501  -15.216 0.6999999881
42786  25.935  -37.430  -13.900 0.8999999762
41063  28.840  -39.203  -15.594 0.6999999881
43612  25.885  -36.237  -14.744 0.8000000119
42818  27.344  -37.545  -15.772 0.6999999881
42811  26.190  -37.022  -15.148 0.8000000119
40987  35.658  -39.241  -9.074 0.6999999881
112781  35.466  -38.839  -10.521 0.6999999881
41906  35.431  -38.367  -11.109 0.6999999881
41930  31.413  -38.973  -13.847 0.8000000119
42781  31.785  -38.213  -14.541 0.8000000119
42803  30.863  -37.584  -14.833 0.8000000119
42804  29.786  -37.158  -14.659 0.8000000119
42784  28.081  -37.528  -14.145 0.8999999762
43588  27.193  -36.554  -14.412 0.8999999762
128049  30.324  -40.107  -15.562 0.6000000238
111075  29.580  -39.807  -15.576 0.6999999881
41077  29.693  -38.784  -15.810 0.6999999881
43589  26.050  -36.403  -14.399 0.8999999762
41975  28.394  -37.778  -16.016 0.6999999881
119070  26.686  -36.644  -15.693 0.8000000119
114326  27.650  -36.954  -16.238 0.6999999881
43618  26.461  -35.760  -15.772 0.8000000119
128367  25.764  -36.458  -14.775 0.8000000119
132991  26.933  -36.410  -16.145 0.8000000119
42751  35.984  -37.383  -10.187 0.6999999881
41895  35.717  -38.169  -10.221 0.6000000238
41061  31.042  -39.590  -15.770 0.6000000238
43604  29.241  -36.272  -14.920 0.8000000119
43605  27.878  -35.873  -14.774 0.8999999762
41062  30.251  -39.420  -15.716 0.6000000238
123168  26.450  -35.624  -14.752 0.8999999762
41961  28.885  -38.454  -15.806 0.8000000119
43606  25.983  -35.668  -14.748 0.8999999762
43611  25.977  -35.522  -14.991 0.8000000119
43617  28.050  -36.529  -16.767 0.6999999881
44418  26.895  -35.312  -16.592 0.8000000119
44416  26.535  -35.141  -15.655 0.8000000119
44406  28.719  -35.299  -15.082 0.8000000119
116735  30.160  -38.014  -16.331 0.5000000000
41974  29.303  -37.934  -16.188 0.6000000238
42816  29.670  -37.315  -16.671 0.6000000238
42817  28.712  -37.211  -16.510 0.6999999881
45299  27.113  -34.637  -15.489 0.8000000119
43616  28.900  -36.583  -16.997 0.6000000238
44423  28.380  -35.223  -17.474 0.6000000238
44424  27.379  -35.012  -17.139 0.6999999881
45325  27.214  -34.410  -16.838 0.8000000119
44408  26.389  -35.195  -15.175 0.8000000119
45297  28.394  -34.410  -15.260 0.8000000119
45298  27.665  -34.305  -15.375 0.8999999762
43615  30.120  -36.691  -17.107 0.6000000238
46266  27.250  -34.060  -16.372 0.8000000119
45312  27.025  -34.621  -15.829 0.8000000119
46259  27.424  -34.005  -15.703 0.8000000119
45324  27.885  -34.244  -17.370 0.6000000238
45311  29.202  -33.936  -15.530 0.8000000119
46242  28.115  -33.726  -15.511 0.8000000119
113063  30.272  -35.928  -17.435 0.6000000238
44422  29.507  -35.289  -17.638 0.6000000238
124505  27.350  -33.794  -16.062 0.8000000119
125012  28.886  -34.655  -17.677 0.6000000238
47269  27.839  -32.644  -16.935 0.6999999881
47248  28.334  -32.508  -16.473 0.8000000119
46284  28.943  -32.987  -17.910 0.6000000238
48249  28.328  -31.844  -17.086 0.6999999881
45323  29.727  -34.539  -17.986 0.6000000238
46273  28.867  -33.884  -17.775 0.6000000238
46264  30.641  -32.743  -16.206 0.8000000119
46257  28.872  -33.125  -16.063 0.8000000119
128714  29.978  -33.423  -15.884 0.8000000119
44421  31.164  -35.903  -17.728 0.5000000000
48219  28.738  -31.775  -16.645 0.8000000119
47247  29.156  -32.264  -16.348 0.8000000119
44431  30.523  -35.185  -17.789 0.6000000238
48234  28.662  -31.420  -16.962 0.6000000238
133491  31.473  -34.459  -18.313 0.5000000000
45335  29.775  -33.705  -18.319 0.6000000238
47279  28.345  -32.325  -17.418 0.6000000238
47276  30.665  -32.558  -18.918 0.6000000238
47277  29.828  -31.995  -18.688 0.6000000238
47278  29.054  -32.157  -18.057 0.6000000238
48259  29.199  -31.315  -18.063 0.6000000238
47261  30.650  -31.933  -16.312 0.8000000119
47246  29.971  -32.067  -16.279 0.8000000119
47260  31.436  -32.255  -16.424 0.8000000119
48232  31.067  -31.456  -16.525 0.6999999881
48233  30.093  -31.289  -16.401 0.6999999881
111336  30.708  -33.382  -18.601 0.6000000238
48248  28.917  -31.153  -17.299 0.6000000238
50060  29.642  -30.134  -17.385 0.6000000238
119573  29.235  -31.161  -16.698 0.6999999881
47288  31.323  -32.172  -19.379 0.5000000000
49205  29.391  -30.411  -17.620 0.6000000238
47289  30.540  -31.891  -19.149 0.5000000000
48258  29.949  -31.144  -18.949 0.6000000238
49220  29.395  -30.533  -18.216 0.6000000238
49187  31.541  -30.889  -16.903 0.6999999881
49188  31.058  -30.215  -17.093 0.6000000238
50059  30.259  -30.039  -17.218 0.6000000238
133488  30.449  -30.390  -16.919 0.6000000238
50075  29.852  -29.394  -17.603 0.6000000238
50058  30.868  -29.447  -17.501 0.6000000238
48270  30.946  -31.440  -19.526 0.5000000000
49230  29.845  -30.009  -18.865 0.6000000238
50092  29.455  -29.693  -18.189 0.6000000238
50076  29.546  -29.549  -17.860 0.6000000238
50916  30.176  -28.690  -17.952 0.6000000238
50108  30.746  -29.949  -19.669 0.6000000238
125631  29.819  -29.082  -19.287 0.6000000238
49228  31.412  -30.841  -19.826 0.5000000000
50126  31.502  -29.538  -20.167 0.4000000060
50957  31.222  -28.507  -20.292 0.5000000000
50074  31.648  -29.713  -17.327 0.6000000238
50109  29.494  -29.087  -18.731 0.6000000238
50917  29.583  -28.890  -18.090 0.6000000238
115668  31.216  -28.834  -17.777 0.6000000238
50941  29.413  -28.451  -19.187 0.6000000238
50940  29.343  -27.854  -19.297 0.6000000238
120348  30.401  -28.963  -19.830 0.5000000000
50127  29.539  -28.332  -19.588 0.6000000238
124056  29.890  -28.217  -20.040 0.5000000000
51754  29.971  -27.542  -20.294 0.4000000060
50927  29.616  -28.264  -18.658 0.6000000238
51714  31.109  -28.184  -18.270 0.5000000000
129337  31.898  -28.556  -17.665 0.5000000000
50073  32.450  -29.544  -17.405 0.5000000000
50928  29.512  -28.611  -18.723 0.6000000238
51715  30.045  -27.994  -18.623 0.5000000000
50958  29.239  -27.603  -19.793 0.6000000238
51755  29.100  -26.636  -20.095 0.5000000000
50915  32.733  -28.722  -17.588 0.4000000060
51728  29.380  -27.348  -19.076 0.6000000238
51727  30.203  -27.149  -18.891 0.5000000000
52492  28.945  -25.956  -19.892 0.4000000060
51743  29.147  -26.795  -19.656 0.6000000238
52478  29.237  -26.349  -19.424 0.6000000238
118515  31.026  -26.691  -19.009 0.4000000060
53295  29.394  -25.373  -20.076 0.4000000060
51726  31.658  -27.346  -18.523 0.4000000060
53278  29.355  -25.571  -19.670 0.4000000060
52477  30.025  -26.055  -19.210 0.4000000060
52503  29.269  -25.691  -20.269 0.4000000060
53277  30.215  -25.368  -19.544 0.4000000060
51724  33.996  -27.263  -18.183 0.4000000060
51725  32.879  -27.317  -18.307 0.4000000060
132165  31.035  -26.100  -19.299 0.4000000060
53310  29.937  -24.881  -20.299 0.4000000060
53294  29.797  -24.957  -19.932 0.4000000060
53293  30.842  -24.799  -19.931 0.4000000060
52475  33.511  -26.578  -18.569 0.4000000060
52476  32.191  -26.561  -18.938 0.4000000060
53276  31.667  -25.626  -19.503 0.4000000060
52474  34.347  -26.503  -18.313 0.4000000060
53275  33.051  -25.886  -19.229 0.4000000060
32682  23.604  -48.954  -12.104 0.8000000119
118858  23.561  -49.201  -11.434 0.8999999762
33403  24.312  -48.748  -10.653 0.8999999762
32651  23.838  -49.529  -10.693 0.8999999762
120858  24.415  -50.355  -10.436 0.8999999762
128409  29.833  -49.641  -9.523 0.8999999762
115360  29.845  -48.827  -9.699 1.0000000000
121658  30.443  -47.968  -9.682 1.0000000000
31820  26.453  -50.789  -10.284 0.8999999762
112005  28.460  -50.046  -9.990 0.8999999762
33409  28.071  -48.416  -10.473 0.8999999762
119349  29.511  -47.975  -10.097 1.0000000000
33401  26.106  -49.035  -10.627 0.8999999762
133315  27.647  -48.752  -10.487 0.8999999762
128491  27.389  -48.392  -10.657 0.8999999762
33402  25.185  -48.882  -10.537 0.8999999762
111331  27.052  -47.446  -11.174 0.8999999762
51713  32.314  -28.028  -17.979 0.4000000060
51712  33.331  -28.009  -17.970 0.4000000060
27449  30.165  -55.472  -4.035 0.8999999762
27497  31.133  -55.673  -6.692 1.0000000000
25888  28.574  -57.644  -8.402 0.8000000119
114331  28.157  -54.829  -3.279 0.8999999762
28307  31.492  -54.876  -5.399 1.0000000000
26718  28.307  -56.246  -8.912 0.8000000119
30975  31.318  -52.082  -4.717 0.8999999762
132497  29.846  -52.680  -8.942 0.8999999762
28345  29.145  -54.540  -8.805 0.8000000119
30111  32.156  -51.953  -7.913 1.0000000000
133916  27.319  -52.347  -9.882 0.8999999762
30130  26.104  -52.938  -10.300 0.8000000119
32649  25.574  -49.736  -10.497 0.8999999762
31821  24.892  -51.179  -10.343 0.8000000119
31022  30.122  -51.122  -9.299 0.8999999762
33410  26.613  -48.427  -10.726 0.8999999762
31772  29.805  -50.560  -4.255 0.8999999762
32595  28.438  -49.712  -4.485 1.0000000000
33361  25.164  -48.088  -5.102 0.6000000238
34066  23.444  -47.526  -5.589 0.4000000060
34065  24.092  -47.243  -5.507 0.4000000060
31816  31.177  -49.930  -9.183 1.0000000000
119470  23.584  -49.809  -12.244 0.6999999881
34879  23.234  -46.174  -12.790 0.8000000119
33346  31.419  -48.697  -4.650 0.8999999762
34101  24.783  -48.037  -10.657 0.8999999762
34119  23.485  -47.455  -11.739 0.8999999762
34054  28.196  -47.529  -4.517 0.6999999881
34807  23.588  -46.754  -5.723 0.4000000060
34100  25.718  -48.262  -10.694 0.8999999762
123485  23.560  -46.059  -11.495 0.8999999762
120304  23.008  -45.159  -12.298 0.8999999762
34875  27.020  -46.565  -13.357 0.6999999881
35765  26.886  -45.573  -13.490 0.6999999881
121620  30.275  -46.951  -4.413 0.8000000119
133725  31.879  -47.558  -4.842 0.8999999762
35725  30.661  -45.642  -10.075 1.0000000000
34108  27.801  -47.731  -10.759 0.8999999762
34850  27.009  -46.637  -11.371 0.8999999762
34109  26.319  -47.806  -10.960 0.8999999762
36576  23.395  -45.147  -11.634 0.8999999762
34803  32.761  -46.672  -5.439 0.8000000119
35671  27.034  -45.233  -4.674 0.5000000000
34077  33.691  -47.520  -7.326 1.0000000000
119600  24.270  -44.921  -11.180 0.8999999762
34802  33.409  -46.248  -5.902 0.6999999881
35712  33.821  -45.990  -8.285 0.8999999762
112496  27.100  -43.743  -13.536 0.6999999881
37401  23.358  -42.956  -12.682 0.8999999762
118139  25.285  -42.838  -13.546 0.8000000119
114021  28.686  -45.363  -4.522 0.6000000238
35668  32.135  -45.623  -4.833 0.8000000119
36516  33.818  -44.689  -6.280 0.6999999881
36525  34.577  -44.516  -7.792 0.6999999881
133166  30.717  -43.560  -10.312 1.0000000000
37380  26.015  -43.143  -11.467 1.0000000000
127861  30.160  -43.779  -4.340 0.6000000238
36491  28.397  -44.613  -4.529 0.5000000000
38220  31.356  -42.486  -10.285 0.8999999762
40095  24.398  -40.561  -12.394 0.8999999762
38158  31.822  -42.196  -4.730 0.5000000000
119366  34.633  -42.147  -6.583 0.6999999881
121600  31.998  -40.727  -12.183 0.8000000119
132142  31.506  -40.357  -12.707 0.8000000119
42806  25.687  -37.673  -14.134 0.8999999762
127000  32.437  -41.932  -4.947 0.5000000000
39062  34.258  -41.486  -6.013 0.6999999881
40074  34.417  -40.491  -10.486 0.6999999881
41013  33.643  -39.768  -12.101 0.8000000119
41026  29.976  -40.228  -12.884 0.8999999762
41962  27.964  -38.527  -15.651 0.8000000119
41963  26.794  -38.112  -15.423 0.8000000119
40994  35.449  -39.758  -9.560 0.6999999881
41011  35.140  -39.119  -11.057 0.6999999881
42780  32.797  -38.046  -14.171 0.8000000119
42805  26.009  -37.093  -14.314 0.8999999762
41892  35.561  -38.987  -9.832 0.6999999881
43587  28.598  -36.856  -14.541 0.8999999762
120551  35.756  -38.448  -9.331 0.6000000238
43623  27.870  -35.844  -17.126 0.6999999881
44407  27.377  -34.943  -15.108 0.8999999762
46274  27.453  -33.542  -16.908 0.6999999881
46285  28.024  -33.160  -17.375 0.6000000238
48235  28.206  -32.146  -16.855 0.8000000119
128022  29.427  -31.655  -16.445 0.6999999881
46283  29.793  -32.823  -18.538 0.6000000238
116614  29.499  -29.105  -18.280 0.6000000238
49229  30.542  -30.709  -19.440 0.6000000238
52467  34.857  -26.841  -18.095 0.4000000060
53292  32.485  -24.955  -19.853 0.4000000060
32650  24.714  -49.603  -10.466 0.8999999762
19650  26.213  -64.288  -1.871 0.4000000060
20482  26.181  -63.339  -1.718 0.4000000060
129498  25.330  -63.338  -1.295 0.4000000060
20507  27.901  -63.440  -3.512 0.4000000060
21372  26.512  -62.493  -1.792 0.4000000060
128671  25.624  -62.346  -1.505 0.4000000060
21402  28.612  -62.140  -4.124 0.3000000119
21380  27.298  -62.426  -2.289 0.4000000060
130300  28.428  -62.365  -4.728 0.4000000060
21415  28.171  -62.339  -6.064 0.4000000060
22342  28.075  -61.831  -6.830 0.4000000060
22349  27.926  -61.290  -7.536 0.4000000060
133229  26.257  -61.995  -1.645 0.5000000000
22273  25.165  -61.475  -1.517 0.4000000060
21379  27.976  -61.985  -2.803 0.4000000060
22286  27.449  -61.464  -2.251 0.4000000060
134510  28.673  -61.865  -4.713 0.5000000000
22341  28.604  -61.450  -6.075 0.4000000060
22348  28.455  -61.165  -6.904 0.4000000060
23317  28.455  -60.466  -7.396 0.5000000000
123061  27.473  -60.104  -8.476 0.5000000000
114644  27.436  -59.397  -8.656 0.6000000238
24225  26.811  -59.947  -8.821 0.5000000000
24232  26.008  -59.788  -9.161 0.6000000238
25076  25.556  -58.874  -9.473 0.4000000060
122897  26.850  -60.954  -1.880 0.5000000000
23244  25.458  -60.875  -1.640 0.5000000000
23245  24.766  -60.845  -1.689 0.5000000000
22288  23.252  -61.065  -2.396 0.5000000000
22285  28.136  -61.129  -2.686 0.6000000238
23257  27.543  -60.599  -2.349 0.6000000238
22300  29.101  -60.733  -3.749 0.5000000000
24162  29.357  -59.836  -3.770 0.6000000238
22320  29.170  -60.919  -4.499 0.5000000000
23300  29.112  -60.724  -5.681 0.5000000000
23310  28.878  -60.634  -6.523 0.4000000060
24216  28.690  -59.685  -7.538 0.6000000238
24224  28.143  -58.924  -8.435 0.6000000238
25071  27.383  -58.432  -8.870 0.6000000238
25894  26.178  -57.395  -9.629 0.6000000238
25072  26.581  -59.118  -9.054 0.6000000238
125702  26.376  -58.211  -9.335 0.6000000238
25895  25.427  -57.899  -9.707 0.6000000238
130620  24.695  -57.544  -9.998 0.6000000238
112324  26.853  -60.088  -2.184 0.5000000000
23259  25.224  -60.177  -1.993 0.5000000000
23260  24.474  -60.396  -2.105 0.5000000000
23261  23.851  -60.387  -2.517 0.5000000000
23256  28.243  -60.337  -2.704 0.6000000238
24146  27.686  -59.691  -2.491 0.6000000238
23285  29.426  -60.317  -4.466 0.6000000238
25010  29.468  -59.002  -3.897 0.6000000238
23299  29.541  -60.147  -5.254 0.5000000000
24180  29.719  -59.484  -4.643 0.6000000238
23309  29.409  -60.047  -6.101 0.6000000238
24215  29.201  -59.066  -7.362 0.6000000238
25889  27.848  -57.610  -8.789 0.6000000238
118337  25.236  -57.044  -10.026 0.6000000238
26725  24.570  -56.174  -10.275 0.6999999881
24148  25.340  -59.462  -2.434 0.6000000238
24149  24.539  -59.727  -2.560 0.5000000000
24150  23.695  -59.786  -3.047 0.5000000000
24145  28.411  -59.710  -2.761 0.6000000238
24147  26.832  -59.174  -2.372 0.6000000238
132501  24.599  -58.547  -3.287 0.5000000000
24165  23.444  -59.225  -3.626 0.5000000000
24993  28.460  -58.521  -2.724 0.6000000238
25039  30.071  -58.719  -6.082 0.6000000238
27529  24.985  -55.319  -10.359 0.6999999881
24995  26.934  -58.159  -2.536 0.6000000238
24996  25.889  -58.768  -2.547 0.6000000238
24997  24.991  -58.993  -2.850 0.6000000238
24994  27.695  -58.780  -2.512 0.6000000238
25802  25.993  -57.803  -2.800 0.6000000238
25012  25.204  -58.244  -3.095 0.6000000238
123494  24.612  -57.944  -3.549 0.6000000238
25031  23.435  -58.462  -4.115 0.6000000238
116202  27.944  -57.944  -2.542 0.6000000238
25032  22.704  -58.508  -4.522 0.5000000000
25011  29.140  -58.383  -3.316 0.6000000238
25843  22.359  -57.794  -4.940 0.6000000238
28358  24.438  -54.552  -10.391 0.6999999881
25816  25.316  -57.442  -3.340 0.6000000238
25800  27.465  -57.319  -2.625 0.6000000238
25801  26.666  -57.355  -2.741 0.6000000238
25815  26.046  -56.970  -3.074 0.6000000238
25817  24.639  -57.182  -3.862 0.6000000238
25842  23.246  -57.577  -4.576 0.6000000238
25814  28.715  -57.643  -2.914 0.6000000238
25841  24.025  -56.961  -4.392 0.6000000238
25813  29.402  -57.700  -3.525 0.6000000238
25839  30.320  -57.749  -4.871 0.6000000238
121164  24.444  -53.193  -10.359 0.6999999881
111686  24.399  -52.362  -10.372 0.6999999881
26643  28.570  -56.800  -2.961 0.6000000238
26644  26.157  -56.261  -3.324 0.6999999881
118620  25.371  -56.499  -3.630 0.6999999881
26642  29.269  -56.975  -3.393 0.6000000238
31822  24.174  -50.994  -10.499 0.6999999881
26627  26.947  -56.543  -2.925 0.6999999881
122567  29.033  -56.216  -3.352 0.6999999881
133946  28.366  -56.179  -3.117 0.6999999881
27452  25.862  -55.653  -3.690 0.6999999881
27468  25.166  -55.708  -4.126 0.6999999881
26665  24.643  -56.384  -4.200 0.6000000238
27469  24.567  -55.708  -4.401 0.6999999881
28293  24.893  -54.963  -4.421 0.6000000238
129121  23.511  -55.833  -4.806 0.5000000000
32662  23.474  -49.999  -11.116 0.8000000119
27436  27.708  -55.745  -3.138 0.6999999881
27451  26.701  -55.658  -3.371 0.6999999881
28276  26.393  -54.917  -3.774 0.6999999881
28277  25.661  -55.001  -4.174 0.6999999881
133899  22.649  -55.188  -5.174 0.5000000000
134070  25.474  -54.419  -4.373 0.6999999881
28294  24.320  -54.488  -4.553 0.6000000238
28295  23.610  -54.515  -4.665 0.6000000238
43603  30.360  -36.638  -15.113 0.6999999881
41928  33.792  -38.408  -13.060 0.6999999881
124354  33.125  -38.350  -13.582 0.6999999881
42802  32.486  -37.619  -14.894 0.6999999881
41916  34.564  -38.088  -12.465 0.6000000238
126049  31.734  -37.571  -15.140 0.6999999881
43602  31.313  -36.923  -15.372 0.6999999881
44405  29.925  -35.702  -15.208 0.6999999881
41915  35.220  -37.783  -11.823 0.6000000238
42778  34.276  -37.555  -13.195 0.6000000238
42779  33.555  -37.807  -13.718 0.6999999881
43600  33.068  -37.041  -15.180 0.6999999881
42769  35.506  -36.917  -11.887 0.6000000238
44404  30.886  -36.094  -15.561 0.6999999881
44415  30.588  -35.187  -15.570 0.6999999881
45310  30.295  -34.262  -15.629 0.6999999881
42770  34.964  -37.233  -12.576 0.6000000238
43586  34.768  -36.705  -13.457 0.6000000238
127479  34.369  -36.639  -14.256 0.6000000238
43608  33.605  -36.401  -15.303 0.6999999881
43609  32.715  -36.358  -15.575 0.6999999881
45309  31.371  -34.717  -16.020 0.6999999881
46256  30.946  -33.712  -16.064 0.6999999881
43579  35.426  -36.439  -12.657 0.6000000238
44402  35.348  -35.418  -14.352 0.5000000000
43607  34.308  -36.294  -14.894 0.6000000238
114228  33.668  -35.129  -15.906 0.5000000000
45308  32.374  -34.649  -16.304 0.6999999881
47259  32.541  -32.664  -16.689 0.6999999881
54097  31.298  -24.507  -21.545 0.3000000119
120401  30.695  -24.899  -21.088 0.3000000119
20483  25.695  -63.985  -1.421 0.4000000060
19639  25.099  -64.124  -1.023 0.3000000119
20478  23.814  -63.797  -0.740 0.4000000060
19665  27.287  -64.102  -3.083 0.3000000119
20485  23.873  -62.978  -1.063 0.4000000060
20525  28.054  -62.853  -5.200 0.4000000060
21374  23.911  -62.102  -1.469 0.4000000060
21416  27.715  -63.065  -6.072 0.4000000060
21427  27.668  -62.567  -6.761 0.4000000060
22355  27.289  -61.500  -8.282 0.4000000060
23322  27.123  -60.685  -8.588 0.5000000000
23332  25.611  -60.492  -9.259 0.4000000060
21382  23.098  -61.751  -1.957 0.4000000060
25077  24.546  -58.299  -9.872 0.5000000000
22302  22.557  -61.081  -3.039 0.5000000000
26726  23.593  -56.075  -10.208 0.6000000238
23271  23.130  -60.438  -2.965 0.5000000000
114172  23.105  -59.941  -3.407 0.5000000000
23286  22.144  -60.457  -4.126 0.5000000000
27530  23.945  -55.354  -10.328 0.6000000238
24182  22.217  -59.487  -4.481 0.5000000000
25033  21.964  -58.618  -4.943 0.4000000060
120778  24.123  -53.965  -10.374 0.6999999881
26667  22.650  -56.898  -5.080 0.5000000000
31029  23.922  -51.634  -10.571 0.6999999881
26678  22.842  -55.928  -5.185 0.5000000000
31839  23.479  -50.591  -11.433 0.8000000119
27482  22.143  -55.482  -5.310 0.5000000000
28296  22.843  -54.604  -4.927 0.6000000238
39078  34.737  -41.406  -6.724 0.6000000238
40049  35.034  -40.245  -7.182 0.6000000238
42760  35.705  -37.402  -10.995 0.6000000238
44383  35.942  -35.646  -12.544 0.5000000000
44390  35.901  -34.972  -13.694 0.5000000000
45306  35.312  -34.433  -15.426 0.5000000000
46254  34.647  -34.077  -16.173 0.5000000000
46261  34.158  -33.333  -16.551 0.5000000000
47258  33.640  -32.633  -16.834 0.5000000000
48230  33.048  -31.874  -17.129 0.5000000000
54111  31.522  -23.813  -22.052 0.3000000119
54098  31.153  -23.957  -21.430 0.3000000119
25840  29.805  -58.255  -4.141 0.6000000238
133319  29.802  -58.856  -4.438 0.6000000238
24191  29.837  -59.432  -5.628 0.6000000238
28292  26.088  -54.304  -4.210 0.8000000119
26724  25.597  -56.137  -10.226 0.6999999881
121654  24.893  -53.743  -10.388 0.6999999881
126388  24.581  -51.649  -10.360 0.6999999881
45296  29.544  -34.763  -15.290 0.6999999881
48231  32.024  -31.698  -16.786 0.6000000238
52516  29.955  -24.979  -20.585 0.3000000119
31044  23.545  -51.274  -11.607 0.6999999881
42801  33.308  -37.449  -14.446 0.6999999881
21381  26.825  -63.085  -2.179 0.4000000060
21392  27.851  -62.779  -2.916 0.4000000060
20506  28.252  -62.863  -4.243 0.3000000119
22321  28.904  -61.442  -4.250 0.5000000000
22274  24.375  -61.434  -1.600 0.5000000000
126649  26.676  -61.180  -8.693 0.3000000119
122659  24.706  -59.112  -9.701 0.4000000060
117202  22.649  -61.553  -2.574 0.5000000000
27470  24.020  -55.271  -4.600 0.6000000238
44413  32.262  -35.529  -15.980 0.6999999881
42800  34.019  -37.171  -13.945 0.6999999881
118641  33.821  -36.884  -14.726 0.6999999881
44412  33.234  -35.739  -15.746 0.6999999881
113219  35.500  -35.839  -13.459 0.6000000238
45295  35.183  -35.073  -15.035 0.5000000000
44411  34.070  -35.742  -15.451 0.6000000238
122143  32.952  -35.153  -16.125 0.6999999881
112270  31.805  -34.022  -16.361 0.6999999881
46263  31.677  -33.186  -16.393 0.6999999881
132519  35.957  -35.365  -13.153 0.5000000000
45294  35.668  -34.696  -14.616 0.5000000000
115936  34.537  -34.969  -15.601 0.5000000000
45307  33.212  -34.560  -16.315 0.5000000000
46262  33.329  -33.270  -16.665 0.5000000000
44382  36.305  -34.922  -12.039 0.5000000000
46253  35.584  -33.568  -15.851 0.5000000000
46260  34.934  -33.350  -16.384 0.5000000000
48229  34.216  -31.879  -17.055 0.5000000000
30144  23.666  -52.471  -10.685 0.6000000238
31854  25.186  -50.783  -12.525 0.5000000000
111677  23.734  -51.893  -11.835 0.6000000238
131225  23.735  -50.415  -12.288 0.6000000238
32697  27.237  -49.658  -13.492 0.5000000000
32679  25.697  -50.054  -12.678 0.5000000000
117107  24.361  -50.067  -12.545 0.6000000238
30076  22.689  -52.305  -4.543 0.5000000000
32681  24.058  -49.185  -12.411 0.6000000238
33436  27.889  -49.049  -13.535 0.5000000000
128729  27.127  -48.886  -13.261 0.5000000000
121650  28.505  -48.442  -13.643 0.5000000000
30983  22.118  -51.682  -4.726 0.4000000060
30993  21.440  -51.205  -4.901 0.4000000060
117694  21.984  -49.972  -5.234 0.4000000060
34135  29.726  -47.838  -14.118 0.5000000000
32611  21.395  -49.515  -5.480 0.4000000060
34873  30.073  -47.051  -14.106 0.5000000000
131442  29.016  -47.923  -13.798 0.5000000000
113669  21.595  -48.768  -5.703 0.4000000060
35680  26.220  -45.186  -5.157 0.4000000060
35681  25.430  -45.494  -5.469 0.4000000060
112313  24.593  -45.738  -5.612 0.4000000060
35682  23.756  -45.955  -5.802 0.3000000119
128713  30.438  -42.227  -4.549 0.4000000060
38140  29.735  -42.322  -4.476 0.4000000060
36492  27.534  -44.518  -4.573 0.4000000060
36493  26.702  -44.485  -4.760 0.4000000060
39044  30.103  -41.651  -4.593 0.4000000060
37286  27.132  -43.778  -4.593 0.4000000060
128993  26.062  -44.414  -5.108 0.4000000060
38143  26.682  -43.080  -4.626 0.4000000060
36508  26.311  -43.798  -4.835 0.4000000060
36509  25.525  -44.704  -5.438 0.4000000060
122790  24.796  -44.936  -5.685 0.4000000060
127330  28.742  -43.243  -4.429 0.4000000060
38141  28.825  -42.448  -4.382 0.4000000060
120762  28.096  -43.734  -4.499 0.4000000060
39043  31.003  -41.654  -4.654 0.4000000060
39045  29.310  -41.561  -4.515 0.4000000060
39046  28.400  -41.615  -4.438 0.4000000060
37285  28.227  -42.960  -4.402 0.4000000060
114020  27.945  -42.328  -4.379 0.4000000060
115289  27.102  -42.334  -4.519 0.4000000060
37303  25.515  -43.870  -5.324 0.4000000060
39048  26.651  -41.591  -4.535 0.4000000060
115682  25.449  -42.441  -5.001 0.4000000060
36510  24.981  -44.308  -5.638 0.4000000060
113954  33.141  -42.099  -5.215 0.4000000060
40005  30.358  -40.875  -4.671 0.4000000060
130906  29.822  -41.189  -4.604 0.4000000060
40006  28.776  -40.853  -4.581 0.4000000060
39064  32.668  -41.382  -5.228 0.4000000060
130629  31.299  -40.670  -4.875 0.4000000060
125828  29.556  -40.752  -4.641 0.4000000060
40929  28.344  -40.237  -4.631 0.4000000060
39047  27.552  -41.586  -4.444 0.4000000060
40008  27.123  -40.817  -4.463 0.4000000060
39049  25.740  -41.686  -4.721 0.4000000060
124914  34.760  -40.807  -6.771 0.5000000000
40018  34.419  -40.931  -6.280 0.5000000000
40942  33.226  -39.957  -5.652 0.5000000000
40020  32.944  -40.722  -5.496 0.4000000060
129576  31.749  -40.182  -5.238 0.4000000060
111463  31.159  -39.879  -5.216 0.4000000060
40023  29.976  -40.109  -4.801 0.4000000060
40007  27.969  -40.869  -4.518 0.4000000060
40036  34.011  -39.853  -5.904 0.5000000000
40943  32.379  -40.083  -5.438 0.4000000060
40945  30.450  -39.597  -5.244 0.4000000060
40946  29.672  -39.426  -5.177 0.4000000060
40962  33.482  -39.137  -5.975 0.4000000060
130835  32.701  -38.692  -5.942 0.4000000060
40944  31.780  -39.543  -5.462 0.4000000060
41831  31.027  -39.147  -5.579 0.4000000060
41832  30.188  -38.878  -5.589 0.4000000060
41854  33.219  -38.339  -6.372 0.4000000060
42706  32.891  -37.560  -6.658 0.4000000060
42707  31.966  -37.434  -6.546 0.4000000060
41856  31.599  -38.022  -6.270 0.4000000060
42708  31.106  -37.494  -6.554 0.4000000060
130713  35.400  -39.960  -7.946 0.5000000000
125022  34.696  -37.953  -7.414 0.5000000000
42705  33.936  -37.860  -6.863 0.4000000060
42730  32.403  -36.819  -6.971 0.4000000060
43514  31.491  -36.825  -6.932 0.4000000060
43515  30.621  -36.881  -6.969 0.3000000119
41853  33.972  -38.657  -6.530 0.5000000000
41855  32.358  -38.128  -6.275 0.4000000060
40964  31.834  -38.688  -5.804 0.4000000060
41857  30.825  -38.278  -6.044 0.4000000060
41873  35.233  -38.501  -7.962 0.5000000000
42728  34.428  -37.238  -7.373 0.5000000000
42729  33.456  -36.910  -7.175 0.4000000060
43535  32.763  -36.243  -7.457 0.4000000060
43537  31.012  -36.331  -7.497 0.3000000119
42739  35.659  -37.854  -8.674 0.5000000000
42727  35.113  -37.555  -7.886 0.5000000000
43534  34.216  -36.485  -7.542 0.4000000060
130008  33.510  -36.215  -7.525 0.4000000060
43536  31.877  -36.233  -7.404 0.3000000119
44326  30.540  -35.818  -8.012 0.3000000119
42738  35.884  -37.037  -9.075 0.5000000000
42746  35.928  -37.654  -9.543 0.4000000060
127042  34.779  -36.038  -7.901 0.3000000119
126101  33.135  -35.647  -7.769 0.4000000060
44324  32.258  -35.643  -7.816 0.3000000119
44325  31.399  -35.739  -7.938 0.3000000119
44345  30.071  -35.301  -8.473 0.3000000119
43550  35.605  -36.358  -8.746 0.3000000119
43557  35.958  -36.348  -9.463 0.4000000060
125001  36.208  -36.308  -10.036 0.4000000060
43568  36.272  -35.809  -10.660 0.4000000060
43569  35.901  -36.448  -11.253 0.4000000060
116359  35.752  -36.212  -11.973 0.4000000060
44341  34.641  -35.228  -8.220 0.3000000119
44342  33.648  -35.083  -8.103 0.3000000119
125925  32.698  -35.052  -8.194 0.3000000119
44343  31.800  -35.157  -8.370 0.3000000119
44344  30.941  -35.269  -8.462 0.3000000119
44346  29.113  -35.277  -8.634 0.3000000119
44340  35.277  -35.760  -8.413 0.3000000119
45237  30.458  -34.722  -8.846 0.3000000119
132094  29.728  -34.836  -8.859 0.3000000119
116846  29.135  -34.624  -9.215 0.3000000119
44360  35.686  -35.685  -9.123 0.3000000119
44359  36.142  -35.657  -9.840 0.3000000119
44369  36.473  -34.975  -11.165 0.3000000119
44370  36.161  -35.676  -11.600 0.4000000060
116230  36.240  -34.928  -12.887 0.4000000060
45281  36.316  -34.348  -13.306 0.4000000060
46241  36.001  -34.010  -15.016 0.4000000060
45238  28.370  -34.863  -9.119 0.3000000119
46173  35.370  -34.319  -9.070 0.3000000119
45232  34.907  -34.576  -8.601 0.3000000119
45249  35.828  -34.932  -9.468 0.3000000119
128396  36.458  -34.284  -10.911 0.3000000119
45273  36.465  -34.107  -12.501 0.4000000060
46219  36.655  -33.156  -12.449 0.3000000119
46229  36.553  -33.546  -13.412 0.4000000060
46252  36.343  -33.292  -15.284 0.4000000060
47245  36.191  -32.768  -15.921 0.4000000060
47256  35.453  -32.829  -16.372 0.4000000060
47257  34.599  -32.704  -16.624 0.4000000060
44363  36.354  -34.799  -10.293 0.3000000119
113321  36.786  -32.883  -14.040 0.3000000119
47244  36.733  -32.618  -15.251 0.4000000060
48217  36.735  -31.934  -15.788 0.4000000060
118532  35.094  -32.183  -16.629 0.4000000060
49186  35.839  -30.536  -16.820 0.4000000060
48245  34.413  -31.049  -17.304 0.4000000060
48246  33.532  -31.098  -17.413 0.4000000060
48247  32.526  -31.045  -17.258 0.5000000000
47227  36.882  -32.649  -13.184 0.3000000119
47226  37.240  -32.130  -13.966 0.3000000119
48212  37.243  -32.056  -14.940 0.3000000119
128069  36.930  -31.116  -15.910 0.4000000060
49185  36.633  -30.494  -16.289 0.4000000060
50057  36.286  -29.790  -16.697 0.3000000119
121414  35.445  -29.718  -17.263 0.4000000060
50071  34.540  -29.334  -17.598 0.3000000119
50072  33.445  -29.454  -17.556 0.3000000119
49204  32.008  -30.269  -17.230 0.4000000060
50914  33.819  -28.665  -17.752 0.3000000119
48201  37.550  -31.343  -13.603 0.3000000119
115109  37.775  -30.819  -14.070 0.3000000119
48216  37.363  -31.313  -15.294 0.3000000119
49175  37.349  -30.422  -15.611 0.3000000119
49184  36.960  -29.771  -16.147 0.3000000119
50056  36.677  -29.209  -16.499 0.3000000119
50912  35.372  -28.771  -17.480 0.3000000119
50913  34.673  -28.423  -17.794 0.3000000119
49161  37.697  -30.559  -13.363 0.3000000119
49167  37.768  -30.670  -14.790 0.3000000119
119242  37.486  -29.618  -15.635 0.3000000119
50055  37.276  -29.077  -16.077 0.3000000119
50907  36.845  -28.456  -16.611 0.3000000119
50070  36.117  -29.001  -16.999 0.3000000119
50911  36.069  -28.060  -17.299 0.3000000119
119562  35.301  -28.033  -17.699 0.3000000119
118320  34.137  -28.016  -17.997 0.3000000119
51710  35.590  -27.246  -17.807 0.3000000119
51711  34.773  -27.639  -17.957 0.3000000119
52466  35.426  -26.472  -18.006 0.3000000119
40035  34.497  -40.303  -6.296 0.5000000000
30132  23.811  -53.213  -10.480 0.6000000238
29223  23.046  -53.779  -10.914 0.5000000000
30160  23.270  -53.050  -11.114 0.5000000000
31057  24.813  -51.481  -12.341 0.5000000000
124305  23.969  -52.740  -12.078 0.5000000000
32696  28.083  -49.849  -13.637 0.5000000000
122416  26.919  -51.011  -13.436 0.5000000000
126006  25.798  -51.473  -12.521 0.5000000000
29142  24.109  -53.632  -4.568 0.6000000238
29143  23.111  -53.826  -4.649 0.6000000238
120781  23.323  -52.930  -4.509 0.6000000238
29144  22.438  -53.242  -4.666 0.5000000000
30077  21.843  -52.569  -4.697 0.5000000000
30984  21.443  -51.902  -4.729 0.5000000000
30994  20.765  -51.640  -4.875 0.5000000000
121342  20.725  -50.951  -5.087 0.4000000060
31786  20.295  -50.426  -5.471 0.4000000060
32612  20.586  -49.737  -5.641 0.4000000060
33365  20.771  -49.006  -5.933 0.4000000060
35690  23.239  -45.517  -6.248 0.3000000119
35689  23.901  -45.081  -6.034 0.4000000060
127892  24.980  -42.472  -5.291 0.4000000060
36517  24.312  -44.321  -5.914 0.4000000060
39066  24.890  -41.881  -5.141 0.4000000060
40024  29.105  -39.986  -4.724 0.4000000060
128666  26.166  -40.761  -4.575 0.4000000060
40025  25.539  -40.299  -4.757 0.4000000060
40947  28.335  -39.532  -4.828 0.4000000060
40930  27.587  -40.020  -4.632 0.4000000060
41833  29.331  -38.743  -5.516 0.4000000060
134013  27.053  -38.884  -5.050 0.4000000060
42709  30.236  -37.530  -6.505 0.4000000060
43538  30.143  -36.352  -7.504 0.4000000060
41858  29.807  -38.142  -5.986 0.4000000060
44327  29.646  -35.836  -8.032 0.3000000119
44328  28.733  -35.870  -8.017 0.3000000119
130517  28.792  -49.986  -13.686 0.5000000000
34067  21.970  -47.198  -6.035 0.4000000060
123835  25.233  -41.022  -4.829 0.4000000060
41834  28.393  -38.721  -5.328 0.4000000060
40948  27.642  -39.135  -4.934 0.4000000060
34068  21.796  -47.992  -5.871 0.4000000060
32680  25.071  -49.280  -12.634 0.5000000000
38139  31.100  -42.587  -4.518 0.4000000060
40978  35.505  -39.332  -8.327 0.5000000000
43560  36.068  -36.712  -10.459 0.5000000000
39065  31.898  -41.413  -4.897 0.4000000060
41883  35.635  -38.699  -8.689 0.5000000000
45293  36.168  -34.181  -14.071 0.4000000060
48228  35.267  -31.376  -16.845 0.4000000060
31855  24.229  -50.857  -12.363 0.6000000238
31853  26.184  -50.829  -12.807 0.5000000000
31870  27.478  -50.439  -13.579 0.5000000000
118103  26.232  -42.382  -4.681 0.4000000060
38144  25.864  -43.113  -4.943 0.4000000060
38159  25.070  -43.041  -5.435 0.4000000060
39063  33.518  -41.454  -5.548 0.5000000000
40021  32.142  -40.735  -5.211 0.4000000060
40931  26.794  -40.174  -4.582 0.4000000060
40961  34.479  -39.422  -6.545 0.5000000000
40979  35.103  -39.351  -7.496 0.5000000000
41874  34.625  -38.610  -7.089 0.5000000000
117580  35.458  -36.976  -8.327 0.5000000000
43533  34.952  -36.750  -7.757 0.4000000060
133956  35.247  -36.366  -8.173 0.4000000060
46240  36.461  -33.509  -14.436 0.4000000060
125342  36.702  -32.992  -14.744 0.4000000060
46186  35.928  -34.074  -9.722 0.3000000119
48227  36.285  -31.290  -16.402 0.4000000060
47236  36.961  -32.548  -14.595 0.3000000119
49202  34.108  -30.265  -17.515 0.4000000060
48211  37.552  -31.415  -14.467 0.3000000119
49160  37.963  -29.991  -14.053 0.3000000119
50041  37.884  -29.825  -15.008 0.3000000119
50047  37.840  -28.945  -15.321 0.3000000119
40932  26.169  -39.848  -4.697 0.4000000060
25844  21.728  -57.973  -5.291 0.4000000060
25852  21.828  -57.207  -5.332 0.4000000060
26680  21.099  -56.530  -5.549 0.4000000060
26679  22.027  -56.306  -5.318 0.4000000060
27484  20.709  -55.531  -5.528 0.3000000119
122658  23.366  -56.747  -10.278 0.5000000000
28308  22.154  -54.673  -5.194 0.5000000000
28309  20.820  -54.643  -5.356 0.3000000119
27531  23.057  -55.352  -10.192 0.5000000000
123257  22.796  -54.961  -10.362 0.5000000000
26727  22.828  -55.962  -10.260 0.5000000000
124048  22.461  -54.055  -4.878 0.5000000000
29154  21.843  -53.829  -4.990 0.4000000060
118901  23.449  -54.652  -10.382 0.5000000000
26728  22.313  -55.921  -10.682 0.5000000000
27556  22.053  -55.114  -11.015 0.3000000119
29210  23.257  -53.923  -10.622 0.5000000000
28374  22.422  -54.914  -10.694 0.4000000060
29239  22.908  -53.889  -11.112 0.4000000060
27567  22.406  -55.150  -11.336 0.3000000119
28402  22.544  -54.549  -11.176 0.3000000119
28400  24.126  -54.208  -12.211 0.3000000119
29253  23.798  -53.506  -12.030 0.3000000119
29251  25.392  -53.245  -12.419 0.3000000119
29252  24.573  -53.596  -12.320 0.3000000119
118903  24.491  -52.894  -12.262 0.4000000060
30176  23.357  -53.280  -11.505 0.4000000060
30995  19.888  -51.237  -5.335 0.3000000119
31055  27.224  -51.832  -13.067 0.4000000060
30172  26.146  -52.822  -12.520 0.4000000060
30173  25.355  -52.289  -12.374 0.4000000060
32613  19.916  -49.953  -5.950 0.3000000119
33370  20.990  -48.242  -6.197 0.3000000119
36518  23.527  -44.248  -6.307 0.3000000119
38160  24.352  -43.076  -5.928 0.3000000119
37312  23.992  -43.637  -6.125 0.3000000119
117558  24.535  -42.482  -5.595 0.3000000119
39079  23.928  -42.474  -6.120 0.3000000119
39067  24.126  -41.842  -5.712 0.3000000119
40026  24.823  -40.377  -5.070 0.3000000119
40949  26.913  -39.487  -4.770 0.3000000119
113953  26.286  -38.981  -5.029 0.3000000119
40950  25.346  -39.580  -4.945 0.3000000119
122237  24.535  -39.806  -5.244 0.3000000119
40965  23.220  -40.017  -6.005 0.3000000119
41859  28.895  -38.069  -5.891 0.3000000119
41836  26.868  -38.457  -5.296 0.3000000119
41837  25.396  -38.694  -5.198 0.3000000119
42710  29.340  -37.493  -6.443 0.3000000119
42711  28.462  -37.431  -6.337 0.3000000119
42688  27.169  -37.897  -5.626 0.3000000119
42689  26.211  -37.996  -5.399 0.3000000119
42712  27.600  -37.337  -6.178 0.3000000119
42713  26.710  -37.273  -5.995 0.3000000119
43516  29.749  -36.897  -6.955 0.3000000119
43517  28.877  -36.876  -6.886 0.3000000119
43518  28.011  -36.805  -6.748 0.3000000119
43519  27.146  -36.714  -6.586 0.3000000119
25896  23.931  -57.526  -10.156 0.5000000000
127127  26.524  -51.469  -12.958 0.4000000060
32619  19.977  -49.331  -6.251 0.3000000119
41835  27.534  -38.501  -5.341 0.3000000119
114120  23.911  -39.447  -5.434 0.3000000119
42687  28.016  -37.989  -5.787 0.3000000119
115505  21.004  -53.885  -5.041 0.3000000119
30078  20.973  -52.446  -4.754 0.3000000119
30085  20.101  -52.181  -5.014 0.3000000119
21376  22.076  -62.662  -1.927 0.4000000060
21384  21.365  -62.596  -2.407 0.4000000060
22289  22.036  -61.757  -3.082 0.4000000060
21403  20.082  -61.902  -4.173 0.4000000060
22323  20.255  -61.612  -4.479 0.3000000119
22303  21.345  -61.714  -3.668 0.4000000060
22304  20.751  -61.670  -4.069 0.4000000060
127736  21.626  -61.002  -4.214 0.4000000060
23323  26.351  -60.545  -8.896 0.3000000119
23273  22.004  -61.226  -3.780 0.4000000060
23288  20.779  -60.424  -4.931 0.3000000119
24183  21.311  -59.413  -5.053 0.3000000119
23287  21.527  -60.353  -4.544 0.4000000060
25041  19.745  -58.882  -5.799 0.3000000119
24194  19.578  -59.891  -5.719 0.3000000119
25853  20.094  -57.590  -5.843 0.3000000119
24192  20.697  -58.724  -5.528 0.3000000119
128253  20.948  -57.707  -5.606 0.3000000119
21385  20.707  -62.464  -2.898 0.4000000060
21394  20.593  -62.028  -3.633 0.4000000060
26681  20.233  -56.934  -5.742 0.3000000119
21375  22.960  -62.562  -1.478 0.3000000119
116613  19.526  -57.978  -6.009 0.3000000119
19640  24.400  -64.346  -0.715 0.3000000119
20477  24.570  -63.537  -0.945 0.4000000060
20484  24.693  -62.710  -1.252 0.4000000060
20494  27.384  -63.316  -2.708 0.4000000060
20495  26.768  -63.800  -2.369 0.4000000060
21373  24.744  -62.007  -1.435 0.4000000060
21383  22.445  -62.090  -2.300 0.4000000060
21386  20.149  -62.360  -3.330 0.4000000060
21391  28.268  -62.497  -3.480 0.4000000060
21393  21.334  -62.134  -3.110 0.4000000060
21395  19.836  -62.189  -3.903 0.4000000060
22271  26.788  -61.771  -1.795 0.5000000000
22272  26.065  -61.417  -1.630 0.4000000060
22275  23.702  -61.420  -1.822 0.4000000060
22287  24.035  -60.891  -1.933 0.5000000000
22301  28.589  -61.549  -3.409 0.5000000000
22322  20.955  -61.146  -4.425 0.4000000060
22334  29.278  -60.703  -4.998 0.5000000000
22335  28.899  -61.318  -5.092 0.5000000000
23258  26.101  -60.507  -1.836 0.5000000000
23270  28.840  -60.112  -3.144 0.6000000238
23272  22.588  -60.491  -3.523 0.4000000060
23318  27.745  -60.655  -8.088 0.4000000060
24163  28.902  -59.247  -3.090 0.6000000238
24164  24.218  -59.125  -3.202 0.5000000000
24166  22.711  -59.771  -3.858 0.5000000000
24181  22.908  -59.085  -4.119 0.5000000000
24193  20.392  -59.681  -5.421 0.3000000119
24206  29.626  -59.303  -6.525 0.6000000238
24207  29.111  -59.888  -6.934 0.4000000060
24217  28.132  -59.800  -8.131 0.6000000238
24233  25.172  -59.743  -9.492 0.4000000060
25013  24.026  -58.490  -3.619 0.6000000238
25040  21.363  -58.493  -5.332 0.3000000119
25054  29.761  -58.567  -6.878 0.8000000119
25799  28.136  -57.256  -2.641 0.6000000238
25818  23.987  -57.763  -4.017 0.6000000238
25880  30.354  -56.960  -7.294 0.8999999762
25890  27.038  -57.540  -9.168 0.8000000119
26626  27.889  -56.622  -2.781 0.6999999881
26666  23.403  -56.567  -4.790 0.5000000000
26694  31.418  -55.924  -5.998 1.0000000000
27467  30.838  -55.467  -4.605 0.8999999762
27471  23.217  -55.233  -4.929 0.6000000238
27483  21.515  -55.779  -5.439 0.5000000000
27507  31.281  -55.001  -6.851 1.0000000000
27528  26.007  -55.267  -10.163 0.8000000119
27532  22.522  -55.362  -10.447 0.5000000000
27545  22.162  -55.372  -10.834 0.5000000000
28334  31.612  -54.420  -6.619 1.0000000000
28346  28.358  -54.532  -9.330 0.8000000119
28359  22.970  -54.508  -10.506 0.5000000000
28387  22.538  -54.536  -10.957 0.4000000060
28401  23.218  -54.588  -11.734 0.3000000119
29126  29.604  -53.362  -3.641 0.8999999762
29127  28.905  -53.368  -3.561 0.8999999762
29128  28.123  -53.440  -3.585 0.8999999762
29130  26.846  -54.054  -3.753 0.8999999762
29141  24.940  -54.043  -4.504 0.6000000238
29145  21.325  -53.197  -4.800 0.5000000000
29153  31.777  -53.530  -5.271 0.8999999762
29155  20.347  -53.138  -4.979 0.3000000119
29182  30.102  -53.954  -8.115 0.8999999762
29208  25.787  -53.640  -10.336 0.8000000119
29209  23.640  -53.924  -10.457 0.6000000238
29254  23.138  -53.954  -11.511 0.3000000119
30063  27.651  -52.893  -3.830 0.8999999762
30083  32.437  -52.462  -5.858 1.0000000000
30129  26.686  -52.397  -10.118 0.8999999762
30145  23.441  -53.298  -10.711 0.6000000238
30159  23.438  -52.243  -11.280 0.5000000000
30174  24.314  -52.104  -12.184 0.5000000000
30175  23.501  -52.629  -11.520 0.5000000000
31028  25.047  -51.907  -10.269 0.8000000119
31034  23.537  -51.623  -11.029 0.8000000119
31056  26.380  -52.111  -12.667 0.4000000060
31058  24.048  -51.450  -12.211 0.6000000238
31059  23.719  -51.013  -12.051 0.6000000238
31784  22.740  -49.974  -5.209 0.5000000000
31785  21.237  -50.349  -5.193 0.4000000060
31805  33.024  -49.700  -7.914 1.0000000000
31829  23.651  -50.828  -10.885 0.8000000119
31856  23.438  -50.428  -11.990 0.6999999881
31871  26.671  -50.248  -13.298 0.5000000000
32596  27.498  -49.595  -4.537 0.6999999881
32597  26.565  -49.808  -4.551 0.6999999881
32607  32.508  -49.783  -5.410 1.0000000000
32610  22.204  -49.331  -5.388 0.4000000060
32634  32.251  -48.952  -8.840 1.0000000000
32646  30.515  -49.377  -9.399 1.0000000000
32647  29.176  -49.491  -9.814 0.8999999762
32648  26.402  -49.893  -10.465 0.8999999762
32660  28.031  -49.224  -10.314 0.8999999762
32661  27.082  -49.111  -10.502 0.8999999762
32668  23.340  -49.675  -11.839 0.6999999881
32698  26.303  -49.271  -12.966 0.5000000000
33400  28.873  -48.735  -10.170 1.0000000000
33417  23.459  -48.718  -11.946 0.8999999762
33423  25.484  -48.513  -12.798 0.6000000238
33425  23.601  -47.938  -12.253 0.8000000119
34052  29.729  -47.674  -4.387 0.8000000119
34136  29.136  -47.083  -13.669 0.6000000238
34139  24.051  -47.088  -13.044 0.8000000119
34140  23.470  -46.817  -12.750 0.8000000119
34796  26.189  -46.674  -5.096 0.6000000238
34804  25.991  -45.960  -5.310 0.5000000000
34867  23.283  -46.434  -12.598 0.8999999762
35748  23.148  -45.684  -12.057 0.8999999762
36489  29.879  -44.641  -4.433 0.6000000238
36572  28.730  -45.168  -10.921 1.0000000000
36606  30.144  -44.630  -13.785 0.6000000238
36609  27.344  -44.372  -13.498 0.6999999881
36612  23.963  -44.469  -13.443 0.8000000119
36613  23.272  -44.745  -13.184 0.8000000119
37284  29.475  -43.107  -4.381 0.4000000060
37301  33.513  -43.869  -5.605 0.6999999881
37304  24.705  -43.709  -5.730 0.4000000060
37357  34.464  -43.253  -9.100 0.8000000119
37375  31.004  -43.155  -10.227 1.0000000000
37414  27.473  -43.122  -13.595 0.6999999881
37418  23.118  -44.205  -13.092 0.8999999762
37427  30.025  -42.936  -14.263 0.6000000238
38142  27.531  -43.037  -4.477 0.4000000060
38172  23.798  -43.038  -6.307 0.3000000119
38222  29.822  -42.763  -10.666 1.0000000000
38223  28.667  -42.766  -11.102 1.0000000000
38224  27.326  -42.390  -11.424 1.0000000000
38225  26.586  -42.596  -11.526 1.0000000000
38226  25.006  -42.493  -11.512 0.8999999762
38227  24.271  -42.663  -11.573 0.8999999762
38241  28.230  -42.127  -11.262 1.0000000000
38263  26.979  -42.465  -13.634 0.6999999881
38276  29.045  -41.917  -14.388 0.6999999881
39142  28.462  -41.441  -11.558 0.8999999762
39184  29.555  -41.264  -14.746 0.6000000238
39186  27.223  -41.256  -14.091 0.6999999881
39189  24.561  -40.541  -13.286 0.8999999762
40019  33.899  -40.646  -5.782 0.5000000000
40022  30.660  -40.201  -4.906 0.4000000060
40102  31.119  -40.753  -12.307 0.8000000119
40112  24.534  -40.109  -13.209 0.8999999762
40951  24.726  -39.226  -5.195 0.3000000119
40963  32.565  -39.329  -5.647 0.4000000060
41017  24.736  -39.733  -12.744 0.8999999762
41029  25.119  -38.935  -13.263 1.0000000000
41035  32.989  -38.878  -13.163 0.6999999881
41038  30.343  -39.673  -13.361 0.8000000119
41041  24.756  -39.522  -13.163 0.8999999762
41064  26.332  -38.664  -15.057 0.8000000119
41076  30.615  -38.707  -16.009 0.6000000238
41918  27.568  -38.922  -13.190 0.8999999762
41920  26.228  -38.755  -12.912 1.0000000000
41929  32.378  -38.622  -13.757 0.8000000119
41932  29.581  -39.114  -13.727 0.8000000119
41934  25.461  -38.355  -13.713 0.8999999762
41964  25.833  -37.851  -14.963 0.8999999762
42750  36.125  -36.927  -9.784 0.4000000060
42812  25.866  -37.059  -14.492 0.8000000119
42819  25.794  -36.082  -15.021 0.8000000119
43585  34.877  -36.115  -14.247 0.6000000238
43601  32.198  -37.039  -15.413 0.6999999881
43610  31.790  -36.288  -15.682 0.6999999881
43622  29.109  -35.994  -17.405 0.6000000238
44323  34.011  -35.754  -7.757 0.4000000060
44403  34.763  -35.637  -14.960 0.6000000238
44414  31.382  -35.579  -15.814 0.6999999881
44430  31.466  -35.107  -18.143 0.5000000000
45316  33.670  -33.948  -16.459 0.5000000000
45317  26.960  -34.759  -16.346 0.8000000119
45334  30.774  -34.312  -18.197 0.6000000238
46255  32.651  -33.771  -16.547 0.5000000000
46258  27.737  -33.186  -16.054 0.8000000119
46265  27.583  -33.294  -16.478 0.6999999881
47262  27.878  -32.742  -16.594 0.8000000119
48218  35.952  -32.138  -16.448 0.4000000060
48260  28.680  -31.695  -17.508 0.6000000238
49189  29.841  -30.571  -16.809 0.6000000238
49190  29.202  -30.774  -17.092 0.6000000238
49201  34.995  -30.511  -17.273 0.4000000060
49203  33.004  -30.297  -17.475 0.3000000119
54086  30.727  -24.502  -20.850 0.3000000119
112169  29.198  -43.055  -10.859 1.0000000000
112772  23.425  -42.914  -13.072 0.8999999762
114597  25.184  -50.469  -10.388 0.8000000119
114740  28.252  -59.187  -2.660 0.6000000238
115562  28.786  -46.143  -13.533 0.6000000238
115566  28.486  -62.046  -5.331 0.4000000060
115872  25.665  -52.223  -10.270 0.8000000119
115991  27.332  -51.795  -9.965 0.8999999762
116017  27.061  -48.010  -10.919 0.8999999762
116994  30.662  -30.764  -16.709 0.6000000238
117633  26.161  -49.051  -4.630 0.6999999881
117841  28.648  -60.781  -3.067 0.6000000238
117850  28.737  -49.299  -13.720 0.5000000000
118154  26.034  -59.675  -2.215 0.5000000000
119982  31.848  -29.088  -17.440 0.5000000000
120009  28.619  -59.173  -7.918 0.6999999881
120741  27.149  -36.149  -16.641 0.8000000119
121172  35.354  -35.054  -8.743 0.3000000119
121259  25.624  -52.161  -4.472 0.6999999881
121395  30.350  -43.234  -10.406 1.0000000000
121543  26.968  -46.720  -4.677 0.6000000238
122096  27.543  -62.099  -7.551 0.4000000060
122138  24.591  -45.887  -13.344 0.6999999881
122234  22.775  -54.413  -10.726 0.4000000060
123289  29.352  -54.014  -3.588 0.8999999762
123459  21.506  -55.078  -5.395 0.3000000119
123493  27.603  -56.882  -9.029 0.8000000119
123660  31.606  -54.273  -5.323 0.8999999762
124307  20.237  -58.169  -5.783 0.3000000119
124393  24.044  -56.138  -4.547 0.5000000000
125404  23.385  -52.917  -10.900 0.5000000000
126389  23.787  -50.327  -10.675 0.6999999881
126441  22.933  -51.426  -4.716 0.6000000238
126496  21.501  -54.435  -5.229 0.5000000000
126497  27.359  -52.889  -9.765 0.8999999762
126615  28.056  -45.475  -11.191 1.0000000000
126620  30.604  -47.723  -4.446 0.8999999762
127062  32.419  -52.959  -6.288 1.0000000000
127324  32.948  -51.063  -7.362 1.0000000000
127657  27.429  -48.854  -4.518 0.8000000119
127766  29.105  -44.800  -4.509 0.5000000000
127864  34.791  -29.972  -17.472 0.4000000060
127886  31.519  -33.877  -18.499 0.5000000000
127955  32.606  -49.501  -8.453 1.0000000000
128004  32.056  -53.893  -5.756 0.8999999762
128029  23.600  -48.344  -11.590 0.8999999762
128211  29.751  -32.737  -16.193 0.8000000119
128448  26.998  -34.883  -16.798 0.8000000119
128694  31.385  -55.886  -5.399 1.0000000000
129128  28.980  -39.266  -5.096 0.4000000060
129557  26.098  -56.733  -9.912 0.6000000238
129771  25.727  -38.556  -12.933 1.0000000000
131031  31.715  -30.280  -20.080 0.5000000000
131493  29.918  -40.315  -15.402 0.6000000238
131517  21.873  -62.251  -2.601 0.4000000060
131675  29.193  -47.944  -4.424 0.6999999881
131732  21.349  -61.412  -4.055 0.4000000060
131768  24.236  -56.878  -10.171 0.6000000238
131808  23.876  -41.731  -12.131 0.8999999762
131813  31.437  -44.171  -4.477 0.5000000000
131840  24.110  -40.894  -12.608 0.8999999762
131963  23.584  -54.090  -11.916 0.3000000119
132083  29.203  -30.824  -17.726 0.6000000238
132205  28.888  -44.532  -13.490 0.6000000238
132571  27.646  -51.298  -9.905 0.8999999762
132703  33.953  -34.555  -16.122 0.5000000000
133014  30.862  -48.340  -4.472 0.8999999762
133171  21.867  -53.219  -4.789 0.5000000000
133430  30.321  -56.667  -4.177 0.8999999762
134144  23.494  -52.294  -10.915 0.6000000238
134615  29.283  -28.027  -19.479 0.6000000238
