#!ascii label  , from subject bert vox2ras=TkReg
1410
1678  32.539  -93.868  -6.789 0.5000000000
7757  24.778  -81.148  -6.544 0.6000000238
8359  24.173  -80.686  -6.348 0.6000000238
8373  23.128  -80.472  -7.542 0.6000000238
8360  23.518  -80.275  -6.576 0.6999999881
8361  22.837  -80.168  -7.025 0.6000000238
8951  23.518  -79.699  -5.933 0.6999999881
8969  22.965  -79.765  -6.552 0.6000000238
4378  26.719  -88.078  -12.167 0.5000000000
126660  28.923  -89.572  -13.517 0.6000000238
3888  28.493  -89.037  -13.673 0.6000000238
4387  26.687  -88.380  -12.899 0.5000000000
3443  29.184  -90.191  -12.147 0.5000000000
127098  29.103  -90.151  -12.893 0.4000000060
3455  27.434  -89.921  -13.471 0.5000000000
3456  26.882  -89.490  -13.312 0.6000000238
5891  23.200  -84.326  -8.568 0.5000000000
129807  30.884  -90.546  -7.617 0.4000000060
5903  23.276  -84.088  -9.389 0.5000000000
5892  22.729  -84.504  -7.917 0.5000000000
6530  23.169  -83.360  -9.283 0.6000000238
7789  23.886  -81.409  -8.743 0.6000000238
7772  25.303  -81.449  -7.240 0.6000000238
7756  25.734  -81.585  -6.281 0.6999999881
7773  24.457  -81.068  -7.711 0.6000000238
7742  25.202  -81.216  -5.580 0.6999999881
7727  26.422  -81.279  -4.465 0.6000000238
7728  25.575  -81.078  -4.723 0.6999999881
8315  27.237  -80.491  -3.776 0.6000000238
8316  26.443  -80.284  -3.709 0.6000000238
8331  25.260  -80.385  -4.332 0.6999999881
8930  27.380  -79.551  -3.586 0.6999999881
8970  22.511  -79.672  -7.208 0.6000000238
121268  27.345  -87.054  -11.718 0.5000000000
4386  27.303  -87.564  -13.136 0.6000000238
4377  27.069  -87.438  -12.844 0.5000000000
3884  29.466  -89.512  -13.284 0.6000000238
3887  29.388  -88.998  -13.604 0.6999999881
3885  27.004  -88.735  -13.275 0.6000000238
3433  29.678  -89.692  -11.191 0.4000000060
6545  24.061  -83.468  -10.958 0.5000000000
5918  23.384  -83.937  -10.299 0.5000000000
2614  32.728  -92.287  -6.861 0.5000000000
126625  23.661  -82.779  -10.057 0.5000000000
7156  26.462  -81.777  -8.366 0.6999999881
7139  25.807  -81.634  -7.819 0.6000000238
131187  24.345  -81.681  -9.500 0.6000000238
7788  24.905  -81.306  -8.326 0.6000000238
7100  26.583  -81.876  -6.503 0.6999999881
7739  27.664  -81.609  -5.277 0.6000000238
130632  26.464  -81.736  -5.808 0.6000000238
8330  27.873  -80.710  -4.319 0.6000000238
7741  26.023  -81.465  -5.314 0.6000000238
8939  28.582  -79.343  -4.242 0.6000000238
8929  28.004  -79.082  -3.719 0.6999999881
9615  24.098  -78.239  -5.948 0.6999999881
9631  21.705  -78.766  -8.134 0.5000000000
8932  26.143  -79.382  -3.622 0.6999999881
8941  24.508  -79.269  -4.601 0.6999999881
9617  22.688  -79.199  -6.770 0.6000000238
119591  27.441  -86.142  -13.402 0.5000000000
4869  27.171  -86.315  -13.170 0.5000000000
5329  27.180  -85.742  -12.031 0.5000000000
4877  29.097  -87.339  -13.638 0.6999999881
3876  30.227  -89.121  -13.072 0.5000000000
3883  30.223  -88.835  -13.269 0.6999999881
4390  29.839  -88.187  -13.578 0.6999999881
4391  28.854  -88.293  -13.683 0.6000000238
4878  28.079  -87.383  -13.495 0.6000000238
3849  29.520  -88.615  -10.066 0.4000000060
3863  29.569  -89.107  -11.368 0.4000000060
3877  29.483  -89.597  -12.522 0.5000000000
6544  24.511  -83.625  -11.735 0.5000000000
118498  26.381  -82.030  -10.383 0.5000000000
7192  24.928  -82.902  -11.119 0.5000000000
7177  24.586  -82.309  -10.377 0.5000000000
7155  27.131  -81.933  -8.927 0.6000000238
113483  25.170  -81.674  -9.858 0.5000000000
7137  27.392  -82.098  -7.837 0.6999999881
7116  29.291  -82.127  -6.583 0.6000000238
7117  28.385  -82.253  -6.771 0.6999999881
7138  26.621  -81.889  -7.379 0.6999999881
7755  29.803  -81.668  -6.392 0.6000000238
7097  28.641  -81.929  -6.166 0.6000000238
7098  27.966  -82.004  -6.027 0.6999999881
8968  29.936  -79.493  -6.335 0.6999999881
7737  29.127  -81.465  -5.966 0.6000000238
7738  28.400  -81.607  -5.564 0.6000000238
10276  29.803  -78.428  -6.201 0.6000000238
8949  29.501  -79.517  -5.723 0.6999999881
130270  28.577  -80.377  -4.812 0.6999999881
10926  30.255  -76.848  -6.493 0.6000000238
10275  29.925  -77.681  -6.371 0.6000000238
9593  29.661  -78.825  -5.304 0.6999999881
133212  22.987  -77.440  -8.736 0.6000000238
9581  29.191  -78.770  -4.442 0.6999999881
9594  24.309  -78.644  -5.101 0.6999999881
10292  22.556  -77.998  -7.804 0.6000000238
121592  30.555  -76.052  -6.535 0.6999999881
10259  29.926  -77.873  -5.221 0.6000000238
128796  29.196  -78.091  -4.173 0.8000000119
115884  27.815  -78.330  -3.468 0.6999999881
121854  26.404  -78.652  -3.511 0.6999999881
9582  25.684  -78.439  -3.807 0.6999999881
5352  26.792  -85.220  -13.536 0.6000000238
4876  30.169  -87.165  -13.579 0.6999999881
119535  29.248  -86.258  -13.566 0.6999999881
129432  28.347  -86.521  -13.489 0.6000000238
4385  31.121  -88.321  -13.082 0.5000000000
4389  30.829  -87.996  -13.385 0.6999999881
124966  29.546  -87.549  -10.035 0.4000000060
4376  29.720  -88.720  -11.743 0.5000000000
6557  24.655  -83.964  -12.387 0.5000000000
5930  24.519  -84.123  -12.207 0.5000000000
7204  26.148  -83.015  -11.930 0.5000000000
7174  27.051  -81.892  -9.959 0.6000000238
7154  28.542  -82.528  -8.654 0.6000000238
123733  27.800  -82.247  -9.331 0.6999999881
7175  26.192  -81.757  -9.537 0.6999999881
122586  29.207  -82.682  -7.917 0.6999999881
127059  27.833  -82.249  -8.480 0.6999999881
7754  30.444  -81.470  -6.586 0.6000000238
7135  29.744  -82.489  -7.252 0.6000000238
117865  29.012  -82.451  -7.195 0.6999999881
124822  31.365  -79.226  -7.862 0.6999999881
8967  30.728  -79.791  -6.769 0.6999999881
126070  30.568  -80.924  -6.477 0.6999999881
133450  24.847  -76.567  -8.471 0.6000000238
9628  30.030  -78.512  -7.576 0.6000000238
8986  30.695  -79.164  -7.428 0.6999999881
7736  29.871  -80.999  -6.168 0.6999999881
11606  30.665  -75.724  -8.001 0.6000000238
10936  30.329  -76.541  -7.480 0.6000000238
116578  29.910  -77.333  -8.223 0.6000000238
10289  29.855  -77.883  -7.940 0.6000000238
9613  29.872  -78.749  -6.718 0.6999999881
10290  24.389  -76.911  -7.845 0.6000000238
11593  30.705  -75.490  -7.051 0.6000000238
120299  29.912  -77.475  -7.336 0.6000000238
10240  26.023  -77.531  -3.836 0.6999999881
10260  25.359  -77.378  -5.211 0.6000000238
10261  24.814  -77.796  -5.673 0.6999999881
10279  23.909  -77.723  -6.803 0.6000000238
12279  30.748  -74.758  -7.630 0.5000000000
134666  30.473  -75.417  -5.384 0.8000000119
10907  29.988  -76.222  -3.986 0.8000000119
113982  29.227  -76.554  -3.698 0.8000000119
133755  28.267  -77.737  -3.556 0.8000000119
9577  26.345  -78.073  -3.581 0.6999999881
10250  25.409  -77.797  -4.317 0.6999999881
10249  30.003  -77.005  -4.516 0.8000000119
10237  29.019  -77.474  -3.804 0.8000000119
5361  28.166  -85.569  -13.538 0.6999999881
5362  27.032  -85.055  -14.017 0.6999999881
5341  26.361  -84.944  -12.892 0.6000000238
120659  31.702  -87.793  -13.310 0.6999999881
5941  26.105  -84.400  -12.897 0.6000000238
4384  32.142  -87.993  -13.034 0.6000000238
5929  25.335  -84.408  -12.505 0.5000000000
6569  25.987  -83.801  -12.959 0.5000000000
11597  22.552  -75.087  -6.742 0.6000000238
7203  27.108  -82.707  -12.075 0.5000000000
12283  23.286  -74.784  -8.203 0.5000000000
7190  27.834  -82.478  -11.359 0.5000000000
12282  24.236  -74.446  -8.057 0.6000000238
6529  29.247  -82.988  -10.130 0.6999999881
7173  27.787  -82.324  -10.327 0.6000000238
7153  30.075  -82.874  -8.014 0.6999999881
7172  28.573  -82.592  -9.661 0.6999999881
11607  25.670  -75.200  -8.043 0.6000000238
7114  30.899  -81.873  -7.005 0.6999999881
7134  30.556  -82.443  -7.392 0.6000000238
8985  32.144  -79.682  -7.949 0.6999999881
125463  31.926  -80.240  -7.524 0.6999999881
7753  31.149  -81.157  -6.832 0.6999999881
10938  25.061  -76.442  -8.017 0.6000000238
10944  25.312  -75.924  -8.462 0.6000000238
9627  30.695  -78.680  -8.164 0.6000000238
8372  31.365  -80.425  -7.070 0.6999999881
10927  25.585  -76.175  -6.599 0.6000000238
10945  24.914  -76.413  -9.006 0.6000000238
10312  30.366  -77.110  -9.819 0.6000000238
133935  29.931  -77.694  -8.620 0.6000000238
10908  26.442  -75.913  -4.497 0.6999999881
10277  25.315  -77.084  -6.181 0.6000000238
10928  25.198  -76.684  -7.064 0.6000000238
10943  30.260  -76.619  -8.535 0.6000000238
12215  29.851  -74.456  -4.112 0.6000000238
11535  28.764  -75.274  -3.604 0.6000000238
117614  27.655  -75.970  -3.592 0.6999999881
10909  25.942  -76.866  -4.575 0.6000000238
10278  24.739  -77.441  -6.506 0.6000000238
114215  30.379  -74.042  -4.876 0.6000000238
122972  28.557  -75.937  -3.585 0.8000000119
12214  30.476  -74.875  -5.204 0.6000000238
11558  29.995  -75.279  -3.942 0.6999999881
10896  28.216  -76.853  -3.583 0.8000000119
5359  30.446  -85.959  -13.534 0.6999999881
5360  29.253  -85.160  -13.552 0.6999999881
5951  28.167  -84.440  -13.581 0.6999999881
4874  32.065  -87.192  -13.477 0.6999999881
4875  31.199  -87.113  -13.498 0.6999999881
5952  27.202  -84.113  -13.539 0.6000000238
6568  26.867  -83.463  -12.989 0.6000000238
114920  22.550  -75.192  -4.855 0.6000000238
123040  20.994  -75.503  -5.093 0.6000000238
11578  22.663  -75.201  -5.792 0.6000000238
122657  21.985  -75.224  -6.107 0.6000000238
7211  27.362  -83.021  -12.731 0.6000000238
11596  23.450  -74.818  -6.386 0.5000000000
6543  29.798  -83.160  -10.831 0.6999999881
7201  28.624  -82.684  -11.613 0.6999999881
12238  25.045  -73.843  -6.510 0.4000000060
12264  24.439  -74.236  -7.120 0.5000000000
6511  30.504  -83.267  -8.793 0.6999999881
6528  30.072  -83.328  -9.757 0.8000000119
12263  25.457  -73.999  -7.252 0.5000000000
6491  30.985  -82.829  -8.057 0.6000000238
6512  29.447  -82.999  -8.947 0.6999999881
12280  25.713  -74.546  -7.661 0.6000000238
7770  31.935  -81.032  -7.451 0.6999999881
7133  31.335  -82.271  -7.534 0.6999999881
11575  26.405  -75.089  -5.446 0.6999999881
11595  26.003  -74.860  -7.400 0.6000000238
9012  32.276  -79.124  -9.478 0.6999999881
8998  32.467  -79.510  -8.680 0.6999999881
12216  27.089  -74.282  -4.595 0.5000000000
124512  25.955  -75.356  -6.907 0.6000000238
9670  31.439  -78.291  -10.714 0.6000000238
130866  30.913  -78.058  -9.816 0.6000000238
8999  31.603  -78.995  -8.658 0.6999999881
9671  30.850  -77.717  -10.218 0.6000000238
9654  30.315  -77.696  -9.399 0.6000000238
12189  28.506  -74.600  -3.721 0.5000000000
11560  26.739  -75.037  -4.555 0.6000000238
125160  30.386  -76.601  -9.403 0.6000000238
12890  30.204  -73.027  -4.864 0.6000000238
12876  29.077  -74.085  -3.852 0.5000000000
11537  26.890  -75.769  -3.804 0.6999999881
12909  30.815  -73.301  -5.536 0.6000000238
5948  31.171  -85.229  -13.352 0.6999999881
5950  29.288  -84.341  -13.363 0.6999999881
6574  28.833  -83.584  -13.188 0.6000000238
114632  28.256  -83.224  -13.043 0.6000000238
11562  21.643  -75.436  -4.354 0.4000000060
11563  20.768  -75.428  -4.358 0.5000000000
7209  28.804  -82.784  -12.367 0.6000000238
11561  23.125  -74.798  -4.581 0.5000000000
11580  20.452  -75.302  -5.658 0.6000000238
6554  30.280  -83.331  -11.682 0.6999999881
7202  27.993  -82.666  -12.277 0.6000000238
12239  24.169  -74.338  -5.978 0.5000000000
128848  30.873  -83.513  -9.521 0.6999999881
12912  25.492  -73.721  -5.994 0.4000000060
8384  34.423  -80.845  -9.404 0.6999999881
7786  33.418  -81.298  -8.393 0.6999999881
126067  33.045  -82.654  -8.595 0.6999999881
12261  26.022  -73.947  -6.308 0.6000000238
9028  33.382  -79.596  -10.247 0.6999999881
8397  33.977  -80.098  -9.731 0.6999999881
7769  32.745  -81.232  -7.904 0.6999999881
7152  31.746  -82.697  -7.984 0.6999999881
12910  26.274  -73.710  -5.647 0.5000000000
12237  26.281  -74.278  -5.866 0.5000000000
9669  32.055  -78.940  -10.525 0.6000000238
116940  32.777  -79.263  -10.153 0.6999999881
9011  33.124  -79.723  -9.300 0.6999999881
8371  32.566  -80.450  -7.810 0.6999999881
12217  26.621  -74.287  -5.260 0.5000000000
10323  31.104  -77.610  -10.972 0.5000000000
9681  31.803  -79.038  -11.648 0.6000000238
9013  31.484  -78.574  -9.717 0.6000000238
5939  31.567  -84.799  -13.065 0.6999999881
6564  30.971  -84.093  -12.848 0.6999999881
11515  21.157  -74.964  -3.028 0.4000000060
5928  31.725  -84.562  -12.516 0.6999999881
121708  29.480  -83.370  -12.806 0.6999999881
12193  20.304  -74.989  -3.165 0.4000000060
6553  31.066  -83.853  -12.183 0.6999999881
11564  20.100  -75.229  -4.861 0.6000000238
6541  31.859  -84.336  -10.625 0.8000000119
111134  31.140  -83.920  -11.084 0.6999999881
6526  33.249  -83.788  -9.360 0.6000000238
132009  32.058  -83.633  -9.350 0.6000000238
12222  17.657  -74.089  -4.547 0.6000000238
7785  34.069  -81.415  -8.909 0.6999999881
6508  33.671  -83.037  -8.946 0.6999999881
6509  32.652  -83.354  -8.964 0.6000000238
8406  34.624  -80.474  -10.220 0.6000000238
9039  33.415  -79.678  -11.915 0.6000000238
13574  16.531  -71.950  -5.568 0.5000000000
9695  31.823  -78.990  -12.291 0.6000000238
118171  32.814  -79.355  -11.172 0.6999999881
10342  31.798  -78.422  -12.507 0.5000000000
5914  31.831  -84.449  -11.593 0.6999999881
12173  19.643  -74.570  -2.631 0.4000000060
12194  19.417  -74.839  -3.494 0.5000000000
118018  34.113  -83.921  -9.448 0.8000000119
12175  17.862  -74.013  -3.169 0.4000000060
12174  18.671  -74.422  -2.985 0.4000000060
6527  32.455  -84.093  -9.805 0.6999999881
12196  17.452  -73.748  -3.836 0.4000000060
133771  18.782  -74.630  -3.592 0.5000000000
126490  35.071  -80.354  -11.440 0.6000000238
7799  34.707  -81.620  -9.426 0.6000000238
7171  34.897  -82.340  -9.395 0.6999999881
111970  17.547  -72.185  -2.708 0.4000000060
8417  34.384  -80.004  -11.687 0.6000000238
8407  33.958  -79.866  -10.886 0.6000000238
121408  17.037  -71.346  -5.092 0.4000000060
12898  16.844  -73.098  -4.725 0.6000000238
9040  32.412  -79.325  -12.188 0.6000000238
122913  32.420  -78.945  -12.681 0.5000000000
132494  32.267  -78.209  -12.837 0.5000000000
12159  19.990  -74.106  -1.939 0.4000000060
5913  32.737  -84.743  -10.910 0.8000000119
12865  19.038  -73.993  -2.147 0.4000000060
5900  33.338  -84.483  -9.903 0.6999999881
126819  17.811  -72.960  -2.295 0.4000000060
7170  35.359  -82.939  -9.587 0.6000000238
6525  34.570  -83.079  -9.226 0.6999999881
8405  35.303  -80.872  -10.690 0.6000000238
7798  35.581  -81.858  -9.891 0.6000000238
13522  17.934  -71.443  -2.410 0.4000000060
13545  17.201  -72.004  -3.623 0.4000000060
129064  34.112  -79.761  -12.262 0.6000000238
14297  17.404  -71.035  -4.394 0.4000000060
9694  33.393  -79.039  -12.863 0.4000000060
128162  19.884  -72.858  -1.118 0.4000000060
5899  34.812  -84.632  -9.790 0.6999999881
13520  19.157  -72.869  -1.288 0.4000000060
6524  35.927  -83.719  -9.902 0.6999999881
116801  35.061  -83.800  -9.549 0.6000000238
120696  18.043  -72.321  -1.959 0.4000000060
8416  35.614  -80.798  -11.596 0.6000000238
7817  35.992  -81.501  -10.959 0.6000000238
14283  17.682  -71.200  -3.358 0.4000000060
113273  34.820  -79.780  -12.491 0.6000000238
15074  17.599  -70.348  -3.873 0.3000000119
9693  34.208  -79.055  -12.954 0.4000000060
113484  33.971  -78.441  -13.085 0.4000000060
113639  35.023  -78.581  -13.176 0.4000000060
123825  18.311  -71.618  -1.657 0.4000000060
14256  18.205  -70.880  -2.071 0.4000000060
8428  35.992  -80.573  -12.264 0.6000000238
9054  35.624  -79.885  -12.754 0.6000000238
134627  36.412  -80.179  -12.678 0.6000000238
9705  36.050  -78.413  -13.386 0.4000000060
9058  36.807  -78.787  -13.311 0.5000000000
10351  35.740  -77.692  -13.597 0.4000000060
15821  15.570  -69.372  -1.835 0.3000000119
9704  37.052  -77.845  -13.705 0.4000000060
15798  20.350  -68.958  0.185 0.4000000060
16561  17.436  -68.016  -1.969 0.3000000119
16565  13.964  -68.558  -0.912 0.4000000060
17269  21.787  -67.805  0.332 0.4000000060
16544  20.112  -68.037  -0.120 0.4000000060
17301  17.691  -67.385  -1.764 0.3000000119
17300  18.356  -67.334  -1.617 0.3000000119
16563  15.577  -68.686  -1.383 0.3000000119
16562  16.580  -68.189  -1.772 0.3000000119
17304  14.880  -67.902  -1.063 0.3000000119
17287  21.315  -67.063  -0.034 0.4000000060
17288  20.450  -67.182  -0.342 0.4000000060
17289  19.700  -67.356  -0.753 0.4000000060
17302  16.908  -67.504  -1.638 0.3000000119
17303  15.980  -67.661  -1.366 0.3000000119
18062  12.130  -65.977  -3.798 0.4000000060
18855  11.597  -65.670  -5.883 0.3000000119
18870  11.814  -65.686  -7.006 0.3000000119
18038  15.468  -66.717  -1.272 0.3000000119
112955  14.380  -66.878  -1.316 0.3000000119
18027  19.994  -66.595  -0.814 0.4000000060
18033  19.372  -66.816  -1.125 0.4000000060
18034  18.753  -66.676  -1.378 0.3000000119
18035  17.947  -66.579  -1.606 0.3000000119
18036  16.746  -66.352  -1.448 0.3000000119
18048  13.085  -66.441  -2.487 0.3000000119
18037  16.192  -66.113  -1.363 0.3000000119
111738  12.413  -65.705  -4.817 0.3000000119
19694  13.619  -65.510  -6.139 0.4000000060
18854  12.621  -65.674  -5.913 0.3000000119
19693  14.639  -65.212  -6.524 0.3000000119
18868  13.654  -65.523  -7.354 0.3000000119
18811  19.390  -66.019  -1.229 0.4000000060
122174  18.499  -65.874  -1.416 0.4000000060
120849  17.662  -65.632  -1.480 0.3000000119
18843  13.080  -65.740  -3.854 0.4000000060
124743  16.832  -65.787  -1.454 0.3000000119
115723  13.481  -65.776  -2.889 0.3000000119
19686  13.490  -65.355  -4.826 0.4000000060
18842  13.876  -65.262  -3.623 0.4000000060
19703  14.397  -65.219  -7.989 0.3000000119
18820  19.805  -65.112  -1.316 0.4000000060
115728  18.958  -65.181  -1.392 0.4000000060
115192  17.742  -64.718  -1.571 0.4000000060
19656  17.142  -64.208  -1.804 0.4000000060
18824  15.619  -65.683  -1.447 0.3000000119
19669  15.094  -64.570  -2.803 0.3000000119
19676  14.571  -64.813  -3.412 0.3000000119
19675  15.282  -64.418  -3.930 0.3000000119
19684  15.230  -64.778  -5.261 0.5000000000
19685  14.287  -65.117  -5.365 0.4000000060
20549  15.243  -64.151  -8.554 0.3000000119
19655  18.495  -64.507  -1.601 0.4000000060
20490  17.947  -63.908  -1.962 0.4000000060
20500  17.324  -63.598  -2.679 0.3000000119
20511  17.109  -63.609  -3.845 0.3000000119
20518  17.757  -63.412  -4.740 0.3000000119
20527  17.406  -63.500  -5.659 0.3000000119
19668  15.864  -64.417  -2.276 0.3000000119
20501  16.411  -63.810  -2.978 0.3000000119
20520  15.973  -64.322  -4.768 0.3000000119
20519  16.868  -63.956  -5.036 0.3000000119
20528  16.760  -63.993  -6.206 0.3000000119
127507  15.533  -64.763  -6.328 0.3000000119
19702  15.269  -64.792  -7.386 0.3000000119
20560  14.972  -63.948  -8.823 0.3000000119
19653  21.545  -63.979  -1.303 0.3000000119
20487  20.849  -63.681  -1.621 0.3000000119
124701  20.267  -63.431  -1.886 0.3000000119
20498  19.182  -63.049  -2.671 0.3000000119
21396  19.153  -62.470  -4.134 0.3000000119
21418  18.368  -62.539  -5.352 0.3000000119
20489  18.807  -63.735  -2.018 0.3000000119
20509  18.790  -62.838  -3.521 0.3000000119
20510  17.998  -63.263  -3.660 0.3000000119
20517  18.471  -62.922  -4.419 0.3000000119
21419  17.580  -63.019  -5.901 0.3000000119
130801  16.992  -63.103  -6.612 0.3000000119
20538  16.327  -63.858  -7.130 0.3000000119
21429  16.498  -63.312  -7.272 0.3000000119
20539  15.689  -64.278  -7.860 0.3000000119
20548  15.968  -63.696  -8.056 0.3000000119
19652  22.358  -63.449  -1.278 0.3000000119
20496  20.770  -63.002  -2.155 0.3000000119
20497  20.032  -62.867  -2.608 0.3000000119
20508  19.534  -62.541  -3.388 0.3000000119
21404  19.441  -62.140  -4.423 0.3000000119
21428  18.004  -62.451  -5.909 0.3000000119
118875  17.390  -62.539  -6.531 0.3000000119
21438  16.226  -62.761  -8.171 0.3000000119
116926  15.077  -62.492  -8.781 0.3000000119
21417  19.111  -62.099  -4.930 0.3000000119
22337  18.699  -61.843  -5.623 0.3000000119
22350  17.180  -61.816  -7.258 0.3000000119
22351  16.664  -61.850  -8.114 0.3000000119
22358  16.284  -61.911  -8.506 0.3000000119
130659  16.130  -61.608  -8.626 0.3000000119
22336  19.684  -61.559  -5.076 0.3000000119
121661  19.282  -61.035  -5.679 0.3000000119
22343  17.865  -61.820  -6.398 0.3000000119
117557  20.362  -61.156  -4.825 0.3000000119
23301  19.998  -60.654  -5.354 0.3000000119
23302  18.970  -60.337  -6.007 0.3000000119
116259  18.049  -60.131  -6.556 0.3000000119
131625  17.128  -60.505  -7.743 0.3000000119
23324  16.816  -60.200  -8.162 0.3000000119
121663  16.290  -60.125  -8.501 0.3000000119
114553  32.723  -93.319  -6.854 0.5000000000
125537  32.700  -91.900  -7.453 0.5000000000
2623  32.413  -91.531  -8.199 0.4000000060
8344  24.505  -80.809  -5.730 0.6999999881
9595  23.717  -79.029  -5.581 0.6999999881
3424  30.000  -89.433  -10.084 0.4000000060
2972  31.796  -91.377  -6.488 0.5000000000
8343  28.701  -81.139  -5.306 0.6000000238
124397  26.921  -82.162  -11.063 0.5000000000
8342  29.138  -80.746  -5.608 0.6000000238
6542  30.605  -83.520  -10.484 0.8000000119
123705  29.411  -82.872  -11.746 0.6999999881
6510  31.611  -83.287  -8.801 0.6000000238
129789  31.448  -78.384  -11.845 0.5000000000
8385  33.702  -80.548  -8.779 0.6999999881
12880  16.968  -72.832  -4.084 0.4000000060
10976  31.883  -77.395  -12.766 0.5000000000
8429  35.018  -80.219  -12.088 0.6000000238
9706  33.015  -78.341  -12.960 0.4000000060
7188  36.117  -82.840  -10.150 0.6000000238
131140  36.296  -81.207  -11.685 0.6000000238
15039  18.046  -70.424  -2.935 0.3000000119
9059  35.769  -79.182  -13.168 0.4000000060
9053  36.510  -79.585  -13.011 0.4000000060
17270  20.906  -67.677  0.104 0.4000000060
114518  20.196  -64.218  -1.537 0.3000000119
20486  21.482  -63.197  -1.727 0.3000000119
113078  37.874  -84.406  -10.479 0.5000000000
5897  36.783  -84.562  -10.276 0.5000000000
5318  35.496  -85.415  -10.296 0.6999999881
5927  32.621  -84.895  -12.129 0.6000000238
6540  36.898  -83.648  -10.402 0.5000000000
5898  35.726  -84.580  -9.948 0.6000000238
127290  34.567  -85.266  -10.416 0.6000000238
5350  32.903  -86.281  -13.042 0.6000000238
5358  31.577  -86.269  -13.435 0.6000000238
5327  36.150  -86.364  -10.700 0.6999999881
5348  34.439  -86.837  -12.389 0.6000000238
5349  33.754  -86.573  -12.730 0.6000000238
134259  34.659  -86.301  -11.893 0.6999999881
5338  34.020  -85.962  -12.198 0.6000000238
5351  32.050  -85.630  -13.194 0.6000000238
117433  37.941  -83.465  -10.752 0.5000000000
4355  36.136  -87.824  -10.650 0.6999999881
4859  34.663  -87.663  -12.214 0.6999999881
121679  34.517  -87.920  -12.088 0.6000000238
4382  33.946  -87.729  -12.549 0.6000000238
4848  36.331  -87.228  -10.822 0.6000000238
5336  35.742  -86.940  -11.297 0.6999999881
4867  34.080  -87.340  -12.640 0.6000000238
4846  37.674  -86.770  -9.763 0.6000000238
7186  38.929  -83.127  -10.851 0.5000000000
7187  36.981  -82.790  -10.712 0.5000000000
4847  36.922  -87.307  -10.164 0.6999999881
4371  35.467  -88.068  -11.148 0.6000000238
4383  33.075  -87.769  -12.910 0.6000000238
7199  39.041  -82.070  -11.200 0.5000000000
7200  37.964  -82.566  -11.173 0.5000000000
126595  39.610  -80.557  -11.391 0.5000000000
9051  39.456  -78.964  -12.069 0.4000000060
8374  22.489  -80.179  -7.873 0.4000000060
7758  24.001  -80.701  -7.144 0.4000000060
7775  22.559  -80.925  -8.464 0.4000000060
7774  23.409  -80.934  -8.334 0.5000000000
7790  22.428  -81.798  -8.758 0.5000000000
8414  37.995  -80.988  -12.096 0.5000000000
120252  23.053  -81.660  -8.937 0.5000000000
5874  21.644  -84.742  -6.813 0.6000000238
8413  39.100  -80.508  -11.868 0.4000000060
116970  23.345  -82.220  -9.287 0.5000000000
7158  22.513  -82.876  -8.815 0.5000000000
6492  22.073  -84.632  -7.390 0.5000000000
8387  21.753  -80.820  -8.667 0.5000000000
7791  21.596  -82.117  -8.710 0.5000000000
7159  21.742  -83.211  -8.435 0.5000000000
7160  20.553  -83.773  -8.718 0.5000000000
6493  21.123  -84.597  -7.473 0.5000000000
8426  38.131  -80.188  -12.380 0.5000000000
6514  22.011  -84.153  -8.098 0.5000000000
9690  39.450  -78.234  -12.364 0.4000000060
129183  38.172  -79.559  -12.684 0.4000000060
9691  39.329  -78.533  -12.620 0.4000000060
9642  22.080  -78.042  -8.749 0.5000000000
8415  36.955  -81.264  -12.016 0.5000000000
9052  37.579  -79.228  -13.067 0.4000000060
119328  23.974  -77.088  -9.379 0.5000000000
10314  24.083  -77.168  -10.550 0.5000000000
10338  23.542  -78.011  -12.271 0.5000000000
10315  22.881  -77.596  -9.838 0.5000000000
9692  38.702  -78.910  -12.959 0.4000000060
10303  24.438  -76.660  -9.841 0.5000000000
10326  24.050  -77.294  -11.588 0.5000000000
10955  24.542  -76.318  -10.097 0.5000000000
10968  24.388  -76.381  -11.755 0.5000000000
10337  23.878  -77.436  -12.241 0.5000000000
9683  23.030  -78.666  -12.907 0.4000000060
115947  24.579  -75.941  -10.633 0.5000000000
10969  24.029  -76.712  -12.265 0.6000000238
10355  22.979  -77.651  -13.088 0.6000000238
10954  24.996  -76.059  -9.207 0.5000000000
12330  24.289  -75.330  -10.428 0.5000000000
11629  24.400  -75.775  -11.408 0.5000000000
11639  23.191  -75.167  -12.396 0.6000000238
10981  22.628  -76.666  -13.159 0.6000000238
10356  22.354  -77.657  -13.322 0.6000000238
10347  20.654  -78.863  -13.157 0.5000000000
10348  19.545  -78.521  -12.901 0.5000000000
10349  18.751  -78.286  -12.395 0.5000000000
11623  24.645  -75.753  -9.737 0.5000000000
12316  24.507  -75.149  -9.369 0.5000000000
119119  23.342  -74.676  -9.743 0.5000000000
12331  23.867  -75.048  -11.271 0.5000000000
12318  22.757  -74.516  -10.396 0.6000000238
11640  22.352  -75.072  -12.406 0.6000000238
11649  22.001  -75.837  -12.775 0.6000000238
128123  20.410  -77.499  -12.890 0.6000000238
10983  19.259  -77.558  -12.497 0.5000000000
12975  16.161  -73.524  -10.953 0.5000000000
10340  18.139  -77.255  -11.332 0.5000000000
12299  25.397  -74.792  -8.191 0.5000000000
12301  23.963  -74.682  -8.999 0.5000000000
12302  22.908  -74.658  -8.976 0.6000000238
12303  21.947  -74.666  -9.054 0.6000000238
112560  20.973  -74.711  -9.189 0.6000000238
12347  21.681  -74.577  -11.721 0.6000000238
12334  21.122  -74.406  -10.953 0.6000000238
11641  21.222  -75.111  -12.210 0.6000000238
12348  20.582  -74.585  -11.552 0.6000000238
11650  20.787  -76.061  -12.592 0.6000000238
10970  19.591  -76.443  -12.326 0.5000000000
10971  18.559  -76.977  -11.872 0.5000000000
11642  18.303  -75.609  -11.501 0.5000000000
10973  16.876  -76.019  -10.967 0.5000000000
11644  16.608  -75.213  -11.192 0.5000000000
12284  22.330  -74.917  -8.253 0.6000000238
111138  21.345  -74.936  -8.293 0.6000000238
12304  20.378  -74.911  -8.360 0.6000000238
111700  20.005  -74.710  -9.263 0.6000000238
12320  20.556  -74.540  -10.116 0.6000000238
12335  20.044  -74.414  -10.847 0.6000000238
12321  19.554  -74.383  -10.093 0.6000000238
124947  19.534  -74.487  -11.330 0.5000000000
12336  18.898  -74.170  -10.702 0.5000000000
12349  18.977  -74.814  -11.560 0.5000000000
117057  18.135  -73.831  -10.959 0.5000000000
12957  17.883  -73.632  -10.436 0.6000000238
12350  17.343  -74.166  -11.216 0.5000000000
12337  17.472  -73.456  -10.819 0.5000000000
115523  17.184  -73.262  -10.491 0.5000000000
13628  15.862  -72.569  -10.089 0.5000000000
12286  19.786  -74.832  -7.511 0.6000000238
114316  18.849  -74.422  -8.354 0.6000000238
12306  18.504  -74.238  -9.242 0.6000000238
12322  18.672  -74.048  -9.993 0.6000000238
12958  17.273  -73.222  -9.916 0.6000000238
12959  16.616  -72.912  -10.096 0.5000000000
12266  19.421  -74.767  -6.567 0.6000000238
12323  17.911  -73.780  -9.647 0.6000000238
116754  16.490  -72.969  -9.254 0.6000000238
13620  15.875  -72.402  -9.563 0.5000000000
12221  18.336  -74.492  -4.749 0.6000000238
12241  18.672  -74.482  -6.432 0.6000000238
12267  17.943  -74.172  -6.224 0.6000000238
12288  17.660  -74.049  -7.836 0.6000000238
12949  17.209  -73.627  -8.770 0.6000000238
13611  15.894  -72.349  -8.650 0.5000000000
12928  17.150  -73.543  -5.985 0.6000000238
113566  17.445  -73.839  -6.940 0.6000000238
12929  16.430  -72.676  -6.154 0.6000000238
12942  17.090  -73.574  -7.681 0.6000000238
13590  16.184  -71.683  -6.387 0.6000000238
14320  16.157  -70.661  -6.736 0.5000000000
125527  16.798  -70.781  -5.906 0.4000000060
5938  32.377  -85.222  -12.790 0.6000000238
5328  34.299  -85.619  -11.315 0.6999999881
7816  36.864  -81.971  -11.326 0.5000000000
7815  37.935  -81.757  -11.700 0.5000000000
7813  39.866  -81.047  -10.961 0.5000000000
7814  39.512  -81.190  -11.329 0.5000000000
6515  20.811  -84.312  -8.122 0.6000000238
12346  22.660  -74.685  -11.813 0.6000000238
12333  22.176  -74.387  -11.071 0.6000000238
128795  19.940  -75.147  -12.022 0.6000000238
127777  18.759  -74.234  -11.176 0.5000000000
120302  18.143  -74.267  -7.082 0.6000000238
12307  17.974  -74.230  -8.646 0.6000000238
13601  16.099  -72.466  -7.043 0.6000000238
13591  15.790  -71.558  -7.219 0.6000000238
112783  32.453  -94.038  -4.933 0.4000000060
1939  32.453  -93.724  -1.980 0.5000000000
2226  32.173  -92.738  -2.124 0.5000000000
1951  32.620  -93.901  -2.877 0.4000000060
114480  32.387  -93.318  -3.992 0.4000000060
2257  32.428  -92.571  -4.942 0.4000000060
112103  32.528  -93.231  -5.178 0.4000000060
2216  32.095  -92.356  -1.319 0.5000000000
2215  32.716  -93.581  -1.082 0.5000000000
2581  31.631  -91.531  -3.912 0.5000000000
2594  32.097  -91.860  -4.847 0.5000000000
2605  32.445  -92.193  -5.865 0.4000000060
2918  31.307  -90.718  -2.107 0.5000000000
114943  31.456  -91.080  -3.019 0.5000000000
2934  31.081  -90.585  -3.821 0.5000000000
2948  31.487  -91.122  -4.679 0.5000000000
2606  31.847  -91.474  -5.669 0.4000000060
118281  31.395  -90.916  -6.021 0.4000000060
3345  30.981  -89.756  -2.001 0.5000000000
3357  31.022  -90.165  -2.899 0.5000000000
3782  30.142  -89.007  -3.283 0.5000000000
3368  30.603  -89.746  -3.474 0.5000000000
3389  30.380  -90.193  -5.086 0.5000000000
119082  31.191  -90.943  -6.884 0.4000000060
4359  32.013  -87.844  -11.859 0.5000000000
4360  30.930  -87.738  -11.560 0.4000000060
4850  30.551  -87.165  -10.399 0.4000000060
4839  29.895  -87.110  -9.844 0.4000000060
4337  29.579  -87.250  -9.292 0.4000000060
123848  29.413  -88.111  -9.090 0.4000000060
3369  30.069  -89.402  -3.914 0.5000000000
119994  29.499  -88.670  -7.948 0.4000000060
3410  29.712  -89.386  -7.918 0.4000000060
2981  30.245  -90.066  -7.792 0.4000000060
3783  29.523  -88.728  -3.947 0.4000000060
118069  29.672  -89.430  -4.735 0.5000000000
2973  30.254  -90.339  -6.838 0.4000000060
2962  30.692  -90.481  -5.960 0.4000000060
4849  31.328  -87.242  -10.937 0.4000000060
4827  29.727  -86.816  -8.446 0.4000000060
4322  29.442  -87.510  -8.517 0.4000000060
4244  28.791  -87.236  -3.536 0.4000000060
3830  29.399  -88.831  -7.218 0.4000000060
3402  29.636  -89.688  -6.977 0.4000000060
4256  28.774  -87.297  -4.369 0.4000000060
3807  29.287  -88.987  -5.477 0.4000000060
3821  29.307  -88.982  -6.311 0.4000000060
130557  29.721  -89.840  -5.885 0.4000000060
4373  32.684  -87.944  -12.619 0.5000000000
4836  32.205  -87.323  -10.799 0.4000000060
114672  32.321  -87.001  -9.535 0.4000000060
4825  31.315  -86.315  -8.720 0.4000000060
4826  30.386  -86.337  -8.374 0.4000000060
4813  29.843  -86.572  -7.592 0.4000000060
4286  29.456  -86.850  -6.849 0.4000000060
115997  29.309  -87.428  -6.972 0.4000000060
4773  28.750  -86.664  -4.725 0.4000000060
4785  28.960  -86.822  -5.451 0.4000000060
4287  29.086  -87.345  -6.130 0.4000000060
4372  33.732  -87.869  -12.390 0.5000000000
4358  33.146  -87.890  -11.776 0.5000000000
4357  34.328  -88.042  -11.462 0.6000000238
4336  33.358  -87.586  -10.479 0.5000000000
5310  31.014  -85.894  -7.938 0.4000000060
5299  31.237  -86.049  -7.052 0.4000000060
5291  30.579  -86.155  -6.466 0.4000000060
113407  29.891  -85.776  -5.215 0.4000000060
4321  33.564  -87.443  -8.985 0.4000000060
4356  35.216  -88.105  -10.729 0.5000000000
4823  33.459  -87.191  -7.774 0.4000000060
4798  32.189  -85.931  -6.790 0.4000000060
4320  34.319  -87.523  -8.105 0.5000000000
130661  34.143  -87.272  -7.417 0.4000000060
4810  32.738  -86.576  -7.274 0.4000000060
4333  36.094  -87.985  -9.358 0.6000000238
123977  35.857  -88.014  -10.199 0.6000000238
4809  35.184  -87.100  -7.177 0.5000000000
4795  34.755  -86.668  -6.570 0.4000000060
5911  36.587  -85.514  -10.363 0.5000000000
11608  21.778  -75.111  -7.410 0.5000000000
11598  20.330  -75.101  -6.551 0.5000000000
12220  19.160  -74.817  -5.030 0.5000000000
127374  21.138  -75.180  -6.831 0.5000000000
11581  19.738  -75.028  -5.754 0.5000000000
12285  20.769  -75.059  -7.493 0.5000000000
2240  31.858  -92.088  -3.063 0.5000000000
2239  32.267  -93.071  -3.025 0.5000000000
4837  31.307  -86.889  -9.934 0.4000000060
4838  30.495  -86.670  -9.377 0.4000000060
4270  28.859  -87.418  -5.210 0.4000000060
4824  32.484  -86.803  -8.303 0.4000000060
4799  29.891  -86.432  -6.695 0.4000000060
5279  29.872  -86.159  -5.860 0.4000000060
4335  34.513  -87.827  -10.038 0.5000000000
117201  31.502  -85.875  -6.205 0.4000000060
121301  34.669  -87.715  -8.956 0.5000000000
4299  35.583  -87.382  -7.884 0.6000000238
4796  33.943  -86.553  -6.377 0.5000000000
4822  36.222  -87.365  -8.268 0.5000000000
10300  36.850  -77.551  -8.584 0.3000000119
8982  37.618  -78.996  -8.347 0.3000000119
9010  38.274  -79.293  -9.198 0.3000000119
10299  37.633  -77.941  -8.963 0.3000000119
10952  36.205  -77.026  -9.094 0.3000000119
11614  35.089  -75.738  -8.963 0.3000000119
10953  35.655  -76.330  -9.535 0.3000000119
8997  37.453  -79.887  -8.357 0.3000000119
8383  37.346  -80.737  -8.254 0.4000000060
7783  38.154  -81.597  -8.562 0.4000000060
9625  36.846  -78.592  -7.882 0.3000000119
7797  39.829  -81.908  -9.561 0.4000000060
8381  38.551  -80.295  -9.261 0.4000000060
7185  39.725  -82.668  -10.558 0.4000000060
6539  38.809  -84.071  -10.580 0.4000000060
10287  36.434  -77.764  -7.853 0.3000000119
9009  39.123  -80.026  -9.866 0.3000000119
8404  39.835  -80.893  -10.653 0.4000000060
10322  37.228  -77.453  -10.650 0.3000000119
9027  38.787  -79.265  -10.164 0.3000000119
6507  37.259  -83.437  -8.044 0.4000000060
113312  37.618  -84.452  -8.189 0.4000000060
5308  38.573  -86.243  -8.943 0.4000000060
5317  38.714  -85.792  -9.247 0.4000000060
8368  36.619  -80.733  -7.796 0.4000000060
7147  37.913  -82.596  -8.358 0.4000000060
6506  38.352  -83.741  -8.433 0.4000000060
134294  38.881  -85.610  -8.965 0.4000000060
5324  38.906  -85.029  -9.735 0.4000000060
114893  36.352  -79.966  -7.688 0.3000000119
7146  39.090  -83.021  -8.743 0.4000000060
5885  39.452  -84.130  -9.152 0.4000000060
5910  37.721  -85.426  -10.248 0.4000000060
9626  35.956  -78.347  -7.409 0.3000000119
6537  39.979  -83.055  -9.992 0.4000000060
5909  38.586  -84.934  -10.186 0.4000000060
133389  35.877  -77.125  -7.564 0.3000000119
7184  40.140  -82.261  -10.161 0.4000000060
8412  39.673  -80.324  -11.197 0.4000000060
5870  35.904  -84.868  -7.041 0.4000000060
5297  37.097  -86.438  -8.121 0.4000000060
6490  35.747  -83.773  -7.039 0.4000000060
6489  36.653  -84.275  -7.612 0.4000000060
5869  36.661  -85.518  -7.630 0.4000000060
117815  37.227  -87.124  -8.621 0.4000000060
8354  35.041  -80.130  -6.862 0.3000000119
7765  36.226  -81.345  -7.573 0.4000000060
10273  35.429  -77.239  -6.336 0.3000000119
10288  35.789  -77.530  -7.129 0.3000000119
5325  38.256  -85.924  -9.805 0.4000000060
10934  35.593  -76.756  -6.944 0.3000000119
4808  35.805  -87.073  -7.395 0.4000000060
5298  36.201  -86.478  -7.460 0.4000000060
9037  39.431  -79.490  -11.553 0.3000000119
10320  39.005  -78.234  -11.590 0.3000000119
9667  39.153  -79.059  -11.181 0.3000000119
5326  37.220  -86.551  -10.267 0.4000000060
4835  37.437  -87.225  -9.369 0.4000000060
4317  36.574  -87.652  -8.974 0.4000000060
4794  35.460  -86.461  -6.805 0.4000000060
8382  37.994  -80.571  -8.761 0.3000000119
10311  37.077  -77.447  -9.486 0.3000000119
10958  36.362  -76.850  -10.235 0.3000000119
7784  37.061  -81.640  -7.966 0.4000000060
8396  39.421  -80.928  -9.685 0.4000000060
7145  39.773  -82.741  -9.235 0.4000000060
7796  40.224  -81.972  -9.964 0.4000000060
5908  39.158  -84.391  -10.197 0.4000000060
9026  39.534  -79.970  -10.733 0.4000000060
115100  36.300  -83.127  -7.602 0.4000000060
5888  37.759  -85.543  -8.281 0.4000000060
5887  38.586  -84.806  -8.575 0.4000000060
8369  35.743  -80.661  -7.351 0.3000000119
6505  39.172  -84.048  -8.766 0.4000000060
123287  35.685  -79.800  -7.351 0.3000000119
7131  35.365  -82.672  -7.105 0.4000000060
7766  35.521  -81.626  -7.221 0.3000000119
8965  35.314  -79.093  -6.904 0.3000000119
2208  29.704  -93.147  -0.616 0.3000000119
2227  29.019  -92.854  -2.041 0.3000000119
2549  30.031  -92.505  -0.069 0.3000000119
2560  29.375  -92.004  -0.870 0.3000000119
122034  30.277  -94.012  -0.520 0.3000000119
1928  29.667  -93.828  -1.303 0.3000000119
2197  31.555  -92.597  1.151 0.3000000119
2538  30.521  -91.807  0.505 0.3000000119
112269  29.753  -91.479  -0.243 0.3000000119
120209  31.822  -93.920  1.122 0.3000000119
2207  30.558  -93.543  -0.013 0.3000000119
1620  30.342  -94.805  -1.629 0.3000000119
1642  32.496  -94.602  -2.758 0.3000000119
3310  31.166  -89.909  1.993 0.3000000119
2890  30.563  -90.852  0.843 0.3000000119
2519  31.641  -91.652  1.697 0.3000000119
2520  31.048  -91.505  1.149 0.3000000119
2891  30.013  -90.818  0.146 0.3000000119
1611  32.196  -95.464  0.189 0.3000000119
1926  32.937  -94.501  -1.110 0.3000000119
1618  32.791  -95.150  -0.757 0.3000000119
2183  32.453  -92.705  1.750 0.3000000119
1912  32.046  -94.776  0.887 0.3000000119
1882  32.388  -94.234  1.072 0.3000000119
1899  32.766  -93.920  0.915 0.3000000119
115301  33.001  -94.164  0.439 0.3000000119
1610  32.805  -95.284  -0.037 0.3000000119
2206  32.874  -92.980  0.083 0.3000000119
3760  31.440  -88.640  -1.357 0.4000000060
2899  31.868  -91.030  -0.678 0.4000000060
3725  26.222  -88.007  1.371 0.3000000119
3303  25.929  -89.374  1.716 0.3000000119
115910  29.231  -91.117  -0.776 0.3000000119
2561  28.690  -91.145  -1.299 0.3000000119
4166  29.166  -87.471  1.208 0.3000000119
4179  28.719  -87.959  0.593 0.3000000119
4181  27.102  -87.500  0.594 0.3000000119
3738  26.498  -88.174  0.538 0.3000000119
3314  25.994  -88.849  0.973 0.3000000119
3716  30.924  -88.594  2.600 0.3000000119
133453  29.260  -88.693  0.458 0.3000000119
4180  27.781  -87.778  0.346 0.3000000119
3340  26.237  -89.419  -0.466 0.3000000119
3754  26.175  -89.058  0.205 0.3000000119
3312  30.047  -89.256  0.745 0.3000000119
3337  29.614  -90.074  -0.125 0.3000000119
3751  27.868  -89.087  -0.669 0.3000000119
3348  27.243  -89.938  -1.361 0.3000000119
3338  28.765  -89.646  -0.493 0.3000000119
2908  28.046  -90.392  -1.479 0.3000000119
1913  31.218  -94.681  0.063 0.3000000119
1619  31.058  -95.825  -1.100 0.3000000119
1603  32.656  -94.816  0.538 0.3000000119
3717  26.293  -88.007  2.394 0.3000000119
2920  27.006  -90.836  -2.176 0.3000000119
3311  30.548  -89.200  1.546 0.3000000119
4167  28.014  -87.123  0.898 0.3000000119
3736  28.273  -88.571  -0.110 0.3000000119
3753  26.694  -88.740  -0.159 0.3000000119
121922  25.933  -90.338  -1.468 0.3000000119
2548  32.258  -91.983  -0.695 0.3000000119
129416  32.954  -83.573  0.075 0.3000000119
5762  32.518  -84.626  0.351 0.3000000119
5208  31.303  -85.432  -0.198 0.3000000119
4721  30.652  -85.953  -0.761 0.4000000060
4734  30.103  -86.411  -1.370 0.4000000060
4227  29.794  -87.764  -2.242 0.3000000119
3770  29.450  -88.086  -3.147 0.3000000119
6395  31.789  -83.530  -0.686 0.3000000119
5782  30.540  -84.397  -1.370 0.4000000060
5221  29.770  -85.253  -1.767 0.4000000060
5818  29.591  -85.041  -3.040 0.4000000060
4229  28.661  -86.540  -3.209 0.3000000119
5262  30.623  -85.418  -4.725 0.4000000060
5263  29.492  -85.640  -4.481 0.4000000060
4772  29.186  -86.187  -5.153 0.3000000119
5278  30.673  -85.839  -5.652 0.3000000119
5772  37.037  -84.914  -0.410 0.3000000119
124001  34.826  -84.357  0.377 0.3000000119
5193  33.018  -85.412  0.362 0.4000000060
4702  31.934  -86.075  -0.075 0.4000000060
4199  30.859  -86.858  -1.025 0.3000000119
4212  30.303  -87.364  -1.563 0.3000000119
3761  30.651  -88.372  -1.791 0.3000000119
6391  35.306  -83.612  -0.039 0.3000000119
6393  33.596  -83.206  -0.129 0.3000000119
6394  32.642  -83.173  -0.530 0.3000000119
113710  31.858  -83.449  -1.568 0.3000000119
6410  31.078  -83.966  -1.598 0.3000000119
134715  30.107  -84.741  -2.556 0.4000000060
130384  32.337  -83.416  -2.106 0.3000000119
5798  32.626  -83.744  -2.823 0.3000000119
5799  31.806  -83.987  -2.369 0.3000000119
116744  30.851  -84.424  -2.423 0.4000000060
5817  30.490  -84.813  -3.131 0.4000000060
5834  32.825  -84.911  -3.863 0.3000000119
5835  32.121  -85.107  -3.707 0.4000000060
5261  31.855  -85.443  -4.401 0.4000000060
5849  34.238  -85.478  -5.454 0.3000000119
5275  33.629  -85.726  -5.100 0.4000000060
5276  32.717  -85.735  -4.917 0.4000000060
5277  31.645  -85.634  -5.304 0.4000000060
5861  34.680  -84.973  -6.045 0.3000000119
5289  34.120  -86.169  -5.808 0.4000000060
5288  34.731  -85.943  -6.166 0.3000000119
4176  39.266  -87.659  -0.876 0.3000000119
4192  38.880  -88.200  -1.567 0.3000000119
3732  38.311  -88.380  -1.241 0.3000000119
3745  37.044  -88.712  -1.314 0.3000000119
5771  37.923  -85.488  -0.987 0.3000000119
5206  38.048  -86.598  -1.635 0.3000000119
4715  36.773  -87.412  -1.131 0.3000000119
125779  35.528  -87.933  -0.880 0.3000000119
6407  37.278  -83.300  -1.189 0.3000000119
6389  37.630  -84.316  -0.968 0.3000000119
5207  37.231  -86.262  -0.653 0.3000000119
4698  35.377  -86.314  0.001 0.3000000119
4699  34.486  -86.239  0.144 0.3000000119
4718  33.234  -86.959  -0.333 0.3000000119
4197  32.964  -87.774  -0.600 0.3000000119
4198  32.039  -88.029  -0.845 0.3000000119
3750  32.033  -89.103  -0.900 0.3000000119
3335  32.618  -89.710  -0.578 0.3000000119
7021  35.809  -82.772  -0.692 0.3000000119
5833  33.355  -84.576  -4.206 0.3000000119
5259  33.200  -85.280  -4.471 0.3000000119
6469  33.715  -84.103  -4.701 0.3000000119
5850  33.863  -85.020  -4.761 0.3000000119
6476  34.467  -83.866  -6.175 0.3000000119
6475  35.171  -84.390  -6.572 0.3000000119
5860  35.325  -85.456  -6.549 0.3000000119
4682  39.370  -86.249  0.864 0.3000000119
4208  39.328  -87.709  -1.888 0.3000000119
4209  38.892  -88.063  -2.184 0.3000000119
4210  38.333  -88.082  -2.130 0.3000000119
4713  38.739  -86.718  -2.528 0.3000000119
4714  38.131  -87.517  -2.157 0.3000000119
2898  32.493  -90.713  -0.432 0.3000000119
5183  39.417  -85.143  1.576 0.3000000119
112774  39.694  -86.139  -0.225 0.3000000119
5204  40.168  -86.285  -1.643 0.3000000119
4732  39.308  -87.357  -2.524 0.3000000119
4733  38.811  -87.535  -2.425 0.3000000119
5781  38.453  -84.946  -1.664 0.3000000119
5190  39.584  -85.262  0.483 0.3000000119
5205  40.128  -85.512  -0.664 0.3000000119
5219  40.308  -86.369  -2.772 0.3000000119
4750  39.336  -86.855  -2.962 0.3000000119
112871  31.501  -90.388  -1.337 0.3000000119
3346  30.754  -89.036  -2.168 0.3000000119
3769  30.292  -88.634  -2.569 0.3000000119
4228  28.994  -87.097  -2.719 0.3000000119
5264  28.770  -86.014  -4.215 0.4000000060
4784  33.400  -86.036  -5.696 0.4000000060
7112  34.969  -83.473  -6.691 0.3000000119
6379  33.535  -83.880  0.336 0.3000000119
6381  31.555  -84.049  -0.391 0.3000000119
5760  34.142  -84.519  0.474 0.3000000119
5209  30.559  -85.112  -0.660 0.4000000060
4735  29.502  -85.932  -1.835 0.4000000060
4751  28.889  -86.140  -2.581 0.4000000060
5245  31.093  -85.027  -3.852 0.4000000060
6390  36.542  -83.699  -0.568 0.3000000119
127167  35.655  -85.603  0.156 0.3000000119
4700  33.581  -86.210  0.118 0.3000000119
5192  33.916  -85.410  0.407 0.3000000119
4719  32.268  -86.927  -0.479 0.4000000060
131942  31.567  -87.198  -0.823 0.3000000119
7022  34.888  -82.571  -0.503 0.3000000119
7023  34.028  -82.629  -0.607 0.3000000119
7025  32.853  -82.750  -1.249 0.3000000119
5816  31.501  -84.648  -3.099 0.4000000060
6468  34.232  -84.486  -5.384 0.3000000119
115486  35.901  -87.314  -0.643 0.3000000119
4716  35.006  -87.153  -0.436 0.3000000119
6477  33.744  -83.268  -5.617 0.3000000119
6513  22.712  -83.946  -8.680 0.4000000060
1305  32.478  -95.582  -0.348 0.3000000119
1630  32.562  -94.516  -1.825 0.5000000000
1881  32.744  -93.469  1.340 0.3000000119
1900  31.345  -94.064  0.612 0.3000000119
1911  33.122  -94.722  -0.199 0.3000000119
1927  30.668  -94.827  -0.810 0.3000000119
1962  32.459  -93.865  -4.283 0.4000000060
1975  32.425  -93.491  -6.018 0.5000000000
2198  31.000  -93.033  0.507 0.3000000119
2217  29.243  -92.794  -1.246 0.3000000119
2272  32.639  -92.826  -6.294 0.5000000000
2550  29.409  -90.586  -0.449 0.3000000119
2580  32.041  -92.432  -3.982 0.4000000060
2615  32.365  -91.838  -6.636 0.5000000000
2622  32.802  -92.115  -7.906 0.5000000000
2877  31.083  -90.797  1.545 0.3000000119
2900  28.752  -90.375  -0.997 0.3000000119
2907  31.665  -91.331  -1.303 0.5000000000
2909  27.423  -90.482  -1.777 0.3000000119
2910  26.665  -90.306  -1.668 0.3000000119
2921  26.229  -90.683  -1.973 0.3000000119
2949  30.944  -90.518  -4.600 0.5000000000
2961  31.189  -90.715  -5.307 0.4000000060
2979  31.747  -90.936  -8.001 0.4000000060
3302  30.874  -89.144  2.219 0.3000000119
3324  30.654  -90.011  1.173 0.3000000119
3325  30.140  -90.044  0.411 0.3000000119
3326  29.366  -89.358  0.115 0.3000000119
3327  25.849  -89.450  0.444 0.3000000119
3336  31.485  -89.481  -1.377 0.4000000060
3339  27.034  -89.275  -0.788 0.3000000119
3341  25.741  -89.695  -0.154 0.3000000119
3347  27.974  -89.670  -1.096 0.3000000119
3349  26.404  -89.829  -1.108 0.3000000119
3358  30.680  -89.368  -2.759 0.3000000119
3379  30.434  -90.005  -4.242 0.5000000000
3450  28.785  -90.147  -13.267 0.4000000060
3454  28.209  -89.992  -13.564 0.6000000238
3723  30.439  -88.494  1.922 0.3000000119
3724  29.830  -88.376  1.087 0.3000000119
3737  27.177  -88.097  0.001 0.3000000119
3743  38.536  -88.251  -1.854 0.3000000119
3744  37.928  -88.309  -1.600 0.3000000119
3752  27.337  -88.684  -0.400 0.3000000119
3797  29.073  -88.299  -4.776 0.4000000060
3808  29.030  -88.203  -5.761 0.4000000060
3822  29.181  -88.128  -6.659 0.4000000060
3831  29.357  -87.940  -7.612 0.4000000060
3840  29.436  -88.231  -8.372 0.4000000060
3850  29.387  -87.833  -9.707 0.4000000060
3864  29.541  -88.154  -10.536 0.4000000060
3886  26.386  -89.095  -12.972 0.5000000000
3889  27.634  -89.258  -13.554 0.6000000238
4165  29.914  -87.837  1.662 0.3000000119
4193  37.454  -88.062  -1.733 0.3000000119
4194  36.371  -88.309  -1.296 0.3000000119
4211  31.165  -87.766  -1.231 0.3000000119
4213  29.463  -86.793  -1.991 0.3000000119
4255  29.078  -87.918  -3.959 0.4000000060
4285  34.440  -87.028  -6.980 0.4000000060
4300  34.843  -87.374  -7.592 0.5000000000
4301  33.652  -86.881  -6.979 0.4000000060
4302  29.450  -87.055  -7.675 0.4000000060
4318  35.933  -87.804  -8.678 0.6000000238
4319  35.211  -87.645  -8.398 0.6000000238
4334  35.489  -87.939  -9.458 0.6000000238
4354  36.495  -87.728  -9.777 0.6000000238
4361  29.938  -87.766  -10.878 0.4000000060
4374  31.647  -88.199  -12.691 0.5000000000
4375  30.595  -88.481  -12.382 0.4000000060
4388  32.393  -87.641  -13.263 0.6000000238
4392  27.850  -88.401  -13.517 0.6000000238
4696  39.477  -86.877  -0.196 0.3000000119
4697  36.237  -86.381  -0.273 0.3000000119
4701  32.681  -86.172  0.035 0.3000000119
4712  39.726  -86.907  -1.152 0.3000000119
4717  34.139  -87.018  -0.363 0.3000000119
4720  31.417  -86.409  -0.526 0.3000000119
4722  30.107  -85.563  -1.264 0.4000000060
4731  39.803  -86.990  -2.322 0.3000000119
4749  39.869  -86.756  -3.103 0.3000000119
4764  28.629  -86.534  -3.906 0.3000000119
4797  33.103  -86.326  -6.419 0.5000000000
4800  29.396  -86.641  -6.005 0.4000000060
4807  36.429  -86.930  -8.030 0.4000000060
4811  31.774  -86.182  -7.682 0.4000000060
4812  30.448  -86.210  -7.368 0.4000000060
4821  38.074  -86.820  -8.940 0.4000000060
4834  38.232  -86.539  -9.291 0.4000000060
4858  35.501  -87.663  -11.478 0.6999999881
4860  27.045  -86.465  -12.875 0.5000000000
4868  33.500  -87.327  -13.009 0.6000000238
4873  32.762  -87.257  -13.328 0.6999999881
5191  34.849  -85.306  0.393 0.3000000119
5194  32.143  -85.395  0.250 0.4000000060
5210  30.225  -84.891  -1.246 0.4000000060
5220  38.588  -85.907  -1.744 0.3000000119
5235  29.048  -85.474  -2.863 0.4000000060
5236  28.661  -85.972  -3.390 0.4000000060
5246  30.029  -85.241  -3.808 0.4000000060
5247  29.102  -85.541  -3.608 0.4000000060
5260  32.564  -85.340  -4.264 0.4000000060
5290  32.477  -85.843  -5.861 0.4000000060
5309  38.078  -86.466  -8.625 0.4000000060
5337  35.160  -86.973  -11.936 0.6999999881
5339  33.228  -85.620  -12.485 0.6000000238
5340  26.808  -85.681  -13.174 0.5000000000
5357  32.311  -86.556  -13.375 0.6000000238
5363  26.650  -84.589  -13.485 0.6000000238
5758  36.323  -85.407  -0.093 0.3000000119
5759  35.521  -84.782  0.238 0.3000000119
5761  33.338  -84.629  0.446 0.3000000119
5763  31.736  -84.615  0.075 0.3000000119
5773  36.146  -84.435  -0.125 0.3000000119
5774  31.092  -84.559  -0.442 0.3000000119
5775  30.612  -84.517  -0.885 0.4000000060
5780  39.018  -85.670  -2.551 0.3000000119
5783  30.087  -84.793  -1.730 0.4000000060
5800  29.665  -84.983  -2.321 0.4000000060
5815  32.394  -84.486  -3.228 0.4000000060
5872  23.573  -84.632  -7.815 0.5000000000
5886  39.082  -84.974  -9.219 0.4000000060
5896  39.467  -84.056  -9.750 0.4000000060
5912  33.703  -85.057  -10.611 0.6000000238
5926  33.452  -85.248  -11.681 0.6999999881
5931  24.132  -84.181  -11.749 0.5000000000
5940  30.865  -84.489  -13.172 0.6999999881
5942  25.137  -84.073  -12.704 0.5000000000
5949  30.223  -84.786  -13.396 0.6999999881
5953  26.628  -83.937  -13.194 0.6000000238
6378  34.313  -83.717  0.264 0.3000000119
6380  32.228  -83.838  0.012 0.3000000119
6392  34.432  -83.097  -0.130 0.3000000119
6396  31.069  -83.959  -0.898 0.3000000119
6408  32.113  -83.124  -1.116 0.3000000119
6409  31.540  -83.545  -1.121 0.3000000119
6430  32.547  -82.993  -1.675 0.3000000119
6523  39.837  -83.292  -9.451 0.4000000060
6538  39.463  -83.598  -10.365 0.4000000060
6555  29.538  -83.056  -12.418 0.6999999881
6556  25.438  -83.691  -12.610 0.5000000000
6565  29.975  -84.021  -12.947 0.6999999881
6566  28.867  -83.084  -12.826 0.6000000238
6567  27.590  -83.235  -13.044 0.6000000238
6575  27.854  -83.558  -13.350 0.6000000238
6576  27.186  -83.550  -13.238 0.6000000238
7024  33.321  -82.774  -0.744 0.3000000119
7099  27.194  -81.921  -5.866 0.6000000238
7115  30.159  -82.085  -6.784 0.6000000238
7118  27.450  -82.119  -6.759 0.6999999881
7130  36.201  -82.143  -7.580 0.4000000060
7132  32.147  -81.980  -7.722 0.6999999881
7136  28.338  -82.414  -7.694 0.6999999881
7148  36.921  -82.558  -7.903 0.4000000060
7149  34.253  -82.260  -9.076 0.6999999881
7150  33.560  -82.098  -8.704 0.6999999881
7151  32.390  -82.720  -8.316 0.6000000238
7157  25.487  -81.523  -8.889 0.6000000238
7169  40.117  -82.536  -9.711 0.4000000060
7176  25.522  -82.119  -10.439 0.5000000000
7189  28.534  -82.672  -10.665 0.6999999881
7191  25.870  -82.611  -11.115 0.5000000000
7198  39.862  -81.795  -10.750 0.5000000000
7205  25.148  -83.389  -11.960 0.5000000000
7210  28.148  -82.989  -12.759 0.6000000238
7212  26.459  -83.325  -12.642 0.5000000000
7709  26.714  -80.964  -3.891 0.6000000238
7710  26.011  -80.785  -4.056 0.6000000238
7725  28.129  -81.192  -4.867 0.6000000238
7726  27.306  -81.234  -4.375 0.6000000238
7740  26.864  -81.579  -5.144 0.6000000238
7768  33.136  -80.702  -8.185 0.6999999881
7771  25.986  -81.766  -7.030 0.6999999881
7782  38.878  -81.254  -9.148 0.4000000060
7787  32.896  -81.979  -8.274 0.6999999881
7806  39.968  -81.614  -10.392 0.4000000060
7807  36.300  -82.189  -10.523 0.5000000000
7808  35.030  -81.086  -9.815 0.6000000238
8314  27.947  -79.933  -4.055 0.6000000238
8317  25.761  -80.075  -3.875 0.6999999881
8332  24.835  -80.709  -4.994 0.6999999881
8345  23.959  -80.296  -5.791 0.6999999881
8356  30.872  -80.535  -6.629 0.6999999881
8357  30.278  -80.318  -6.318 0.6999999881
8358  29.590  -80.177  -5.942 0.6000000238
8386  32.930  -80.075  -8.371 0.6999999881
8395  39.624  -80.679  -10.242 0.4000000060
8425  39.098  -79.488  -12.330 0.4000000060
8427  37.060  -80.583  -12.417 0.6000000238
8931  26.864  -79.096  -3.398 0.6999999881
8938  29.130  -79.524  -4.991 0.6999999881
8940  25.181  -79.441  -4.081 0.6999999881
8950  24.002  -79.632  -5.169 0.6999999881
8983  36.982  -79.402  -7.933 0.3000000119
8984  36.178  -79.179  -7.594 0.3000000119
8987  30.176  -79.091  -6.954 0.6999999881
8996  37.930  -79.763  -8.794 0.3000000119
9038  39.471  -79.872  -11.695 0.5000000000
9055  34.055  -79.417  -12.664 0.6000000238
9056  33.214  -79.373  -12.478 0.6000000238
9060  34.884  -79.368  -12.867 0.4000000060
9574  29.609  -77.620  -4.328 0.8000000119
9575  28.608  -78.406  -3.841 0.6999999881
9576  26.998  -78.297  -3.390 0.6999999881
9583  24.925  -78.582  -4.392 0.6999999881
9611  35.401  -78.065  -6.540 0.3000000119
9614  29.718  -79.018  -6.086 0.6000000238
9616  23.277  -78.890  -6.239 0.6999999881
9629  22.936  -78.415  -6.966 0.6000000238
9630  22.212  -78.959  -7.343 0.6000000238
9639  37.291  -78.191  -8.341 0.3000000119
9640  30.682  -78.360  -9.072 0.6000000238
9641  30.043  -78.139  -8.509 0.6000000238
9668  38.445  -78.593  -10.594 0.3000000119
9680  39.456  -78.466  -11.983 0.4000000060
9682  23.427  -78.053  -12.659 0.5000000000
9696  23.094  -78.393  -12.993 0.4000000060
9703  38.042  -78.442  -13.405 0.4000000060
10238  27.520  -77.567  -3.470 0.8000000119
10239  26.713  -77.462  -3.539 0.6999999881
10251  24.929  -78.034  -4.908 0.6999999881
10258  30.201  -76.994  -5.482 0.6000000238
10291  23.499  -77.637  -7.474 0.6000000238
10301  36.080  -77.091  -8.208 0.3000000119
10302  30.023  -77.266  -9.012 0.6000000238
10304  23.721  -77.189  -8.283 0.6000000238
10313  24.428  -76.784  -10.915 0.5000000000
10325  24.280  -76.835  -11.673 0.5000000000
10331  39.464  -77.816  -12.388 0.4000000060
10335  31.123  -77.418  -11.680 0.5000000000
10339  18.397  -78.025  -11.922 0.5000000000
10344  23.514  -77.574  -12.678 0.5000000000
10346  21.638  -78.222  -13.334 0.6000000238
10897  27.174  -76.687  -3.542 0.6999999881
10898  26.451  -76.674  -3.844 0.6000000238
10906  30.275  -76.374  -4.765 0.8000000119
10915  25.735  -76.566  -5.655 0.6000000238
10937  25.590  -75.778  -7.573 0.6000000238
10959  35.764  -76.161  -10.364 0.3000000119
10960  24.522  -76.414  -11.154 0.5000000000
10972  17.762  -76.340  -11.236 0.5000000000
10979  24.286  -76.004  -12.077 0.5000000000
10980  23.370  -76.665  -12.873 0.6000000238
10982  21.657  -76.954  -13.131 0.6000000238
11534  29.393  -75.706  -3.673 0.8000000119
11536  27.932  -75.206  -3.657 0.6000000238
11540  20.952  -75.304  -3.691 0.5000000000
11541  20.168  -75.235  -3.928 0.4000000060
11557  30.330  -75.570  -4.685 0.8000000119
11559  27.217  -74.993  -3.987 0.6000000238
11574  30.450  -76.066  -5.615 0.8000000119
11576  26.045  -75.640  -6.088 0.6999999881
11579  21.195  -75.361  -6.045 0.5000000000
11594  26.212  -74.663  -6.545 0.5000000000
11609  21.716  -75.201  -6.630 0.6000000238
11616  30.764  -75.864  -8.938 0.6000000238
11617  25.104  -75.435  -8.734 0.6000000238
11630  23.913  -75.357  -12.008 0.5000000000
11643  17.462  -75.314  -11.321 0.5000000000
11647  23.738  -75.851  -12.550 0.6000000238
11648  22.977  -75.686  -13.000 0.6000000238
12172  20.552  -74.551  -2.488 0.4000000060
12188  29.328  -74.894  -3.705 0.6000000238
12195  18.197  -74.395  -3.839 0.5000000000
12240  19.096  -74.721  -5.868 0.6000000238
12242  17.778  -74.137  -5.357 0.6000000238
12262  25.966  -74.224  -7.059 0.6000000238
12265  23.449  -74.729  -7.349 0.5000000000
12281  25.102  -74.289  -7.883 0.6000000238
12287  18.933  -74.509  -7.362 0.6000000238
12300  24.807  -74.747  -8.525 0.5000000000
12305  19.195  -74.428  -9.264 0.6000000238
12317  23.635  -74.746  -10.503 0.5000000000
12319  21.709  -74.523  -10.078 0.6000000238
12332  23.105  -74.596  -11.176 0.5000000000
12345  23.362  -74.918  -11.786 0.5000000000
12855  18.517  -73.156  -1.762 0.4000000060
12866  18.136  -73.693  -2.494 0.4000000060
12867  17.348  -73.143  -3.058 0.4000000060
12891  29.639  -73.586  -4.329 0.5000000000
12894  26.802  -73.478  -5.085 0.5000000000
12897  17.186  -73.537  -4.437 0.6000000238
12913  17.175  -73.623  -5.062 0.6000000238
12914  16.680  -72.905  -5.340 0.6000000238
12927  25.722  -73.862  -6.734 0.4000000060
12943  16.656  -73.269  -6.934 0.6000000238
12950  16.498  -72.911  -8.020 0.6000000238
12967  16.649  -73.142  -10.565 0.5000000000
12974  16.942  -73.446  -11.009 0.5000000000
13560  17.026  -71.854  -4.401 0.4000000060
13561  16.769  -72.316  -4.847 0.4000000060
13602  15.514  -71.620  -8.073 0.6000000238
13629  15.156  -71.882  -10.007 0.5000000000
14255  18.588  -70.940  -1.368 0.4000000060
16525  20.992  -68.388  0.321 0.4000000060
16545  19.355  -68.076  -0.907 0.4000000060
16564  14.669  -68.854  -1.001 0.3000000119
17299  19.043  -67.392  -1.257 0.3000000119
18810  20.293  -65.781  -0.946 0.4000000060
18821  18.265  -65.179  -1.456 0.4000000060
18822  16.979  -65.040  -1.495 0.3000000119
18823  16.291  -65.379  -1.502 0.3000000119
18834  12.827  -66.038  -3.166 0.4000000060
18869  12.760  -65.677  -7.048 0.3000000119
18882  12.858  -65.530  -7.905 0.3000000119
19654  19.309  -64.384  -1.579 0.3000000119
19657  16.427  -64.662  -1.731 0.4000000060
19658  15.858  -65.016  -1.658 0.3000000119
19667  16.606  -64.061  -2.242 0.3000000119
19683  16.162  -64.431  -5.746 0.3000000119
19692  16.028  -64.336  -6.805 0.3000000119
19711  14.880  -64.728  -8.505 0.3000000119
20488  19.616  -63.557  -1.968 0.3000000119
20512  16.198  -63.956  -3.926 0.3000000119
20537  16.921  -63.503  -6.430 0.3000000119
21405  18.754  -62.497  -4.758 0.3000000119
21406  18.115  -63.036  -5.209 0.3000000119
21437  16.800  -62.600  -7.330 0.3000000119
21439  15.580  -63.401  -8.609 0.3000000119
21448  15.789  -62.443  -8.701 0.3000000119
21449  15.306  -63.183  -8.816 0.3000000119
22324  19.717  -61.888  -4.576 0.3000000119
23311  18.452  -61.058  -6.243 0.3000000119
23312  17.491  -60.905  -7.044 0.3000000119
23319  16.906  -61.049  -7.920 0.3000000119
23325  16.492  -61.100  -8.447 0.3000000119
112430  39.157  -82.166  -8.986 0.4000000060
112830  37.498  -87.316  -1.607 0.3000000119
113092  18.178  -74.546  -11.293 0.5000000000
113156  21.848  -75.392  -5.357 0.6000000238
113461  30.617  -75.228  -6.031 0.8000000119
113575  22.525  -74.589  -9.647 0.6000000238
114213  24.748  -77.020  -7.244 0.6000000238
114456  30.226  -83.557  -12.511 0.6999999881
114964  29.574  -78.250  -4.659 0.6999999881
115386  15.728  -64.151  -3.168 0.3000000119
115626  29.307  -85.532  -2.264 0.4000000060
115696  32.124  -91.458  -7.330 0.4000000060
116294  23.346  -77.789  -11.254 0.5000000000
116575  33.064  -93.842  -0.207 0.3000000119
116998  31.756  -91.673  -2.171 0.5000000000
117080  29.748  -78.139  -7.090 0.6000000238
117192  34.747  -80.231  -10.984 0.6000000238
117680  24.567  -79.992  -4.643 0.6999999881
118393  31.067  -89.061  -1.752 0.4000000060
118754  18.885  -74.739  -4.154 0.5000000000
118759  39.927  -81.399  -10.103 0.4000000060
119322  19.539  -74.981  -4.277 0.6000000238
120019  29.642  -76.968  -3.949 0.8000000119
120639  35.216  -86.129  -11.133 0.6999999881
120893  24.558  -76.732  -8.833 0.6000000238
120949  16.398  -66.850  -1.407 0.3000000119
121932  37.261  -79.905  -12.697 0.4000000060
122140  35.598  -76.437  -8.581 0.3000000119
122341  31.497  -81.669  -7.319 0.6999999881
122406  31.494  -83.822  -9.894 0.6000000238
123098  38.652  -85.703  -8.759 0.4000000060
123286  31.428  -79.741  -7.378 0.6999999881
123519  35.921  -85.825  -7.033 0.4000000060
124142  36.956  -80.117  -8.010 0.4000000060
124374  24.303  -80.332  -5.220 0.6999999881
124746  19.052  -75.761  -11.815 0.5000000000
125025  32.549  -92.938  -0.626 0.3000000119
125318  26.838  -79.779  -3.508 0.6999999881
125340  19.482  -73.465  -1.546 0.4000000060
125496  14.453  -64.910  -4.363 0.4000000060
125838  30.334  -84.518  -1.979 0.4000000060
125859  32.836  -92.330  -7.454 0.5000000000
125937  18.494  -74.477  -5.598 0.6000000238
126448  19.562  -74.679  -8.426 0.6000000238
126608  17.128  -73.310  -10.727 0.5000000000
126669  17.192  -66.830  -1.568 0.3000000119
127674  24.044  -74.853  -9.841 0.5000000000
127767  31.438  -95.519  -0.416 0.3000000119
128025  39.054  -84.946  -8.885 0.4000000060
128242  18.291  -74.339  -7.836 0.6000000238
128614  31.866  -90.085  -0.757 0.3000000119
128702  22.597  -78.896  -13.126 0.4000000060
128730  39.568  -83.429  -9.058 0.4000000060
129308  29.958  -86.767  -9.076 0.4000000060
129376  15.942  -72.184  -7.797 0.6000000238
129710  32.243  -93.510  1.308 0.3000000119
130111  38.762  -81.306  -11.674 0.5000000000
130221  32.537  -92.673  -5.616 0.4000000060
130359  22.699  -75.004  -7.585 0.5000000000
130390  21.680  -75.196  -3.564 0.4000000060
130504  34.989  -88.114  -11.592 0.6000000238
130726  30.264  -74.836  -4.502 0.6999999881
131051  29.128  -80.061  -5.494 0.6999999881
131449  26.053  -89.718  2.202 0.3000000119
131486  40.015  -86.226  -0.890 0.3000000119
131579  37.831  -78.522  -8.766 0.3000000119
132272  35.330  -86.914  -6.950 0.4000000060
132365  27.900  -82.297  -7.232 0.6999999881
132402  29.815  -94.210  -1.925 0.3000000119
132620  32.893  -84.050  0.306 0.3000000119
132681  29.104  -82.935  -11.009 0.6999999881
132844  34.063  -84.718  -9.931 0.6999999881
132927  38.620  -82.329  -8.664 0.4000000060
133065  26.112  -76.019  -5.216 0.6999999881
133126  35.345  -80.103  -12.407 0.6000000238
133571  27.376  -75.462  -3.724 0.6999999881
133708  37.121  -84.934  -8.000 0.4000000060
134124  19.498  -60.495  -5.671 0.3000000119
134181  35.014  -88.037  -11.801 0.6000000238
134204  27.409  -78.873  -3.450 0.6999999881
134293  29.433  -87.645  -9.156 0.4000000060
134487  17.306  -66.247  -1.506 0.3000000119
134544  19.277  -74.591  -7.889 0.6000000238
