#!ascii label  , from subject bert vox2ras=TkReg
1690
4342  23.182  -87.496  -9.221 0.6999999881
4343  22.279  -87.170  -9.283 0.8000000119
4308  21.839  -86.886  -8.207 0.8000000119
4309  21.030  -87.255  -7.465 0.6999999881
3427  22.806  -88.443  -9.574 0.6000000238
3855  22.608  -87.739  -9.554 0.6000000238
4327  21.630  -86.860  -9.085 0.6000000238
3416  22.889  -89.510  -9.124 0.6000000238
4307  22.654  -87.082  -7.959 0.8000000119
122242  22.115  -87.349  -7.174 0.6999999881
4292  21.520  -87.617  -6.401 0.6999999881
4275  20.892  -87.860  -5.781 0.6999999881
3854  23.376  -88.045  -9.516 0.6000000238
4326  23.001  -87.078  -8.689 0.6999999881
131090  20.719  -87.686  -6.569 0.6999999881
2990  23.733  -90.812  -8.679 0.6000000238
2636  24.114  -91.562  -8.516 0.6000000238
2305  23.680  -92.062  -8.578 0.6000000238
1713  25.241  -93.997  -9.957 0.6000000238
127023  23.973  -93.267  -9.442 0.6000000238
4290  23.528  -87.535  -6.008 0.8000000119
4273  23.050  -87.515  -5.236 0.8000000119
4261  21.679  -87.567  -4.383 0.6999999881
116276  21.571  -87.421  -3.094 0.6999999881
4248  21.005  -87.903  -2.870 0.6999999881
120980  23.077  -87.390  -6.975 0.8000000119
4274  21.830  -87.620  -5.310 0.6999999881
4247  21.265  -87.721  -3.742 0.6999999881
4306  23.489  -87.320  -7.778 0.6999999881
4291  22.526  -87.603  -6.179 0.8000000119
4325  23.783  -87.442  -8.543 0.6999999881
3426  23.430  -88.820  -9.509 0.6999999881
2989  24.517  -91.178  -8.704 0.6000000238
3003  24.124  -90.369  -9.151 0.6000000238
2009  25.087  -92.941  -8.655 0.6000000238
2010  24.180  -92.831  -8.774 0.6000000238
1712  26.190  -94.180  -9.707 0.6000000238
1408  27.378  -95.095  -11.630 0.6999999881
1726  26.502  -94.741  -11.741 0.6000000238
864  28.050  -97.109  -11.528 0.5000000000
1414  27.277  -95.702  -12.204 0.6000000238
865  27.011  -97.304  -11.692 0.5000000000
4259  23.812  -87.043  -4.409 0.8999999762
4260  22.575  -87.361  -4.425 0.8000000119
4230  22.213  -86.852  -2.838 0.6999999881
119813  24.118  -87.491  -6.758 0.6999999881
4272  23.910  -87.368  -5.258 0.8999999762
4231  21.332  -87.325  -2.353 0.6999999881
4324  24.649  -87.657  -8.495 0.8000000119
4305  24.359  -87.506  -7.687 0.8000000119
4341  23.986  -87.813  -9.189 0.8000000119
3435  24.702  -89.315  -10.763 0.6999999881
3425  24.109  -89.266  -9.748 0.8000000119
2653  24.953  -90.864  -9.381 0.8000000119
2635  25.359  -91.525  -8.788 0.6999999881
2303  25.684  -92.279  -8.505 0.6999999881
2017  26.598  -93.675  -8.850 0.6000000238
1720  27.783  -94.845  -10.471 0.6999999881
1412  28.558  -96.004  -11.744 0.6999999881
4271  24.583  -87.090  -5.066 0.8999999762
4246  22.974  -86.905  -3.611 0.8000000119
4754  21.797  -86.694  -2.020 0.6999999881
112555  24.882  -87.433  -7.001 0.8000000119
4289  25.012  -87.296  -6.263 0.8000000119
114148  25.626  -87.588  -8.392 0.6999999881
3866  24.917  -88.754  -11.298 0.6999999881
3852  24.953  -88.375  -10.276 0.6000000238
3853  24.169  -88.416  -9.707 0.8000000119
3015  24.637  -90.029  -9.976 0.8000000119
2652  25.854  -91.334  -9.471 0.8000000119
2302  26.732  -92.130  -8.542 0.6999999881
114574  27.268  -93.329  -8.623 0.8000000119
2008  26.590  -92.868  -8.526 0.6999999881
1701  28.613  -93.945  -8.711 0.8000000119
1406  29.088  -95.689  -11.157 0.6999999881
1719  28.776  -95.001  -10.442 0.6999999881
1711  27.191  -94.350  -9.477 0.6999999881
1411  29.087  -96.082  -11.436 0.6999999881
1407  28.269  -95.425  -11.311 0.6999999881
117880  19.488  -78.769  -7.185 0.6000000238
9632  19.129  -78.491  -8.038 0.6000000238
10293  18.622  -77.730  -7.998 0.6000000238
129071  17.689  -77.304  -8.001 0.6999999881
134069  24.294  -86.398  -4.055 0.8999999762
4767  23.092  -86.325  -2.984 0.6999999881
125726  25.989  -87.642  -9.003 0.6000000238
3851  25.646  -88.162  -10.838 0.6000000238
4340  25.906  -87.942  -9.797 0.6000000238
3434  24.992  -89.546  -11.729 0.6999999881
3013  25.687  -91.066  -11.452 0.6999999881
3028  25.398  -90.476  -11.886 0.6999999881
5840  21.741  -84.309  -3.953 0.6999999881
7060  21.158  -83.358  -2.534 0.6999999881
2665  26.277  -91.332  -10.518 0.8000000119
2666  25.443  -90.932  -10.343 0.8000000119
5854  21.131  -84.533  -5.051 0.6000000238
6460  21.144  -84.011  -4.108 0.6000000238
7074  21.160  -83.223  -3.198 0.6999999881
2651  26.893  -91.535  -9.465 0.6999999881
7085  20.989  -83.247  -4.194 0.5000000000
7075  20.931  -82.328  -3.241 0.6999999881
2007  28.074  -93.378  -8.532 0.8000000119
2301  27.499  -92.610  -8.534 0.8000000119
6461  20.600  -84.091  -5.430 0.5000000000
7101  20.516  -83.182  -5.381 0.5000000000
1709  29.242  -94.524  -9.389 0.6999999881
7120  19.210  -84.031  -7.400 0.5000000000
129531  18.759  -84.168  -8.175 0.6000000238
7759  18.903  -83.237  -7.546 0.5000000000
121910  19.929  -81.725  -6.560 0.6000000238
8952  20.085  -79.703  -6.271 0.6999999881
7777  18.540  -82.427  -8.376 0.5000000000
7776  19.217  -81.748  -7.390 0.6000000238
8362  19.894  -80.584  -6.836 0.6000000238
9001  19.029  -79.531  -7.979 0.6000000238
7140  18.447  -83.677  -8.840 0.6000000238
8375  18.908  -80.835  -7.878 0.6000000238
123590  18.270  -80.650  -9.053 0.6000000238
7794  17.955  -82.951  -9.673 0.5000000000
8390  18.249  -81.771  -9.103 0.5000000000
9002  18.661  -79.384  -9.186 0.6000000238
9644  18.851  -78.263  -8.986 0.6000000238
127213  18.277  -77.515  -8.976 0.6999999881
10319  17.063  -76.872  -9.856 0.6000000238
10956  15.987  -76.919  -9.475 0.6999999881
8391  17.635  -82.054  -10.373 0.6000000238
114068  17.879  -80.689  -10.135 0.6000000238
9645  18.579  -78.874  -9.815 0.6000000238
10305  18.441  -78.160  -9.884 0.6999999881
129801  17.612  -77.151  -10.471 0.5000000000
4245  23.743  -86.401  -3.602 0.8999999762
127457  26.310  -87.322  -8.464 0.6000000238
4288  25.494  -87.060  -6.858 0.6999999881
4752  23.053  -85.785  -2.652 0.8000000119
4737  21.399  -86.255  -1.561 0.6999999881
5238  22.532  -85.497  -2.131 0.6999999881
5820  23.366  -84.695  -3.422 0.8000000119
3879  25.234  -89.030  -12.161 0.6999999881
5821  22.481  -84.331  -3.218 0.8000000119
6431  22.163  -84.288  -2.517 0.6000000238
5865  21.223  -84.679  -6.028 0.6000000238
2632  28.154  -92.241  -8.921 0.8000000119
124259  28.913  -92.214  -9.744 0.8000000119
2006  29.155  -93.216  -8.611 0.8000000119
5855  20.658  -84.435  -6.021 0.5000000000
7119  19.883  -83.961  -6.480 0.5000000000
6516  19.746  -84.319  -8.518 0.5000000000
7161  19.535  -83.980  -9.389 0.6000000238
6479  19.265  -84.371  -8.075 0.6000000238
7178  18.834  -83.691  -10.274 0.6000000238
7179  18.175  -83.402  -11.012 0.6000000238
127351  16.092  -75.838  -10.741 0.5000000000
8400  17.848  -82.802  -11.423 0.5000000000
10961  17.387  -76.591  -10.774 0.5000000000
111399  15.969  -76.753  -10.085 0.6000000238
8408  18.213  -81.722  -11.894 0.6000000238
118537  18.125  -80.379  -11.553 0.6999999881
9674  18.323  -79.229  -11.661 0.6999999881
10317  18.182  -78.025  -10.869 0.6999999881
8399  18.661  -82.644  -11.885 0.6000000238
10329  18.311  -78.176  -11.559 0.6000000238
9030  19.221  -81.443  -12.372 0.6999999881
9043  18.843  -79.855  -12.666 0.6000000238
9686  18.516  -79.079  -12.261 0.5000000000
4802  25.630  -86.687  -5.947 0.6999999881
4257  25.214  -86.624  -5.172 0.6999999881
4765  24.690  -86.003  -4.247 0.6999999881
5249  23.821  -85.291  -3.510 0.8000000119
5819  24.000  -84.963  -3.937 0.6999999881
123415  23.103  -84.651  -4.609 0.6999999881
5839  22.823  -84.460  -3.950 0.6999999881
12351  16.378  -74.301  -11.175 0.5000000000
7792  20.586  -82.510  -9.117 0.5000000000
11645  15.776  -75.339  -10.839 0.5000000000
8389  20.012  -82.197  -9.989 0.5000000000
8387  21.753  -80.820  -8.667 0.5000000000
7793  19.435  -83.539  -10.120 0.6000000238
7801  18.186  -83.183  -11.394 0.6000000238
10340  18.139  -77.255  -11.332 0.5000000000
8388  21.132  -80.784  -9.117 0.5000000000
9016  19.497  -81.832  -12.085 0.6000000238
9015  20.265  -80.658  -11.109 0.6000000238
4786  25.955  -85.941  -6.116 0.6999999881
5265  25.439  -85.554  -5.100 0.6999999881
5836  25.058  -85.107  -4.984 0.6999999881
9041  20.218  -80.817  -12.885 0.5000000000
8988  21.857  -79.690  -8.100 0.5000000000
9699  19.866  -79.497  -13.130 0.5000000000
9014  20.868  -79.650  -9.764 0.5000000000
133953  20.893  -80.175  -11.781 0.5000000000
9029  20.160  -80.973  -12.331 0.5000000000
9042  19.364  -80.551  -12.794 0.5000000000
9684  21.957  -79.213  -12.915 0.5000000000
10345  22.530  -78.530  -13.276 0.5000000000
10316  21.852  -78.236  -9.707 0.5000000000
10327  22.704  -78.529  -12.165 0.5000000000
9698  20.736  -79.774  -13.184 0.5000000000
9643  21.487  -78.832  -9.166 0.5000000000
9672  21.589  -79.220  -11.819 0.5000000000
9673  20.954  -80.215  -12.621 0.5000000000
8989  21.288  -79.647  -8.916 0.5000000000
9655  21.193  -79.129  -10.474 0.5000000000
10328  22.102  -78.218  -10.828 0.5000000000
114904  15.131  -72.634  -10.349 0.6000000238
113630  14.404  -73.535  -10.448 0.6000000238
127150  15.936  -73.006  -10.555 0.5000000000
13630  14.458  -71.733  -10.136 0.6999999881
133611  13.698  -73.403  -10.271 0.6000000238
12969  12.914  -73.739  -10.017 0.6000000238
12970  11.749  -73.066  -9.467 0.6999999881
14350  14.198  -70.814  -9.740 0.6000000238
14358  13.615  -71.393  -9.952 0.6999999881
13631  12.438  -72.955  -9.766 0.6999999881
12341  12.649  -73.921  -9.600 0.6999999881
13622  11.085  -72.744  -9.328 0.8000000119
14339  14.902  -71.076  -9.171 0.5000000000
13621  15.271  -71.788  -9.640 0.5000000000
14359  12.679  -72.021  -9.880 0.8000000119
14351  13.660  -70.708  -9.585 0.6000000238
14340  9.670  -71.469  -8.485 0.6999999881
14330  15.043  -71.036  -8.313 0.5000000000
13612  15.360  -71.710  -8.956 0.5000000000
15137  10.650  -71.237  -8.852 0.6999999881
13623  10.226  -72.247  -8.861 0.6999999881
15136  11.841  -70.996  -9.176 0.6999999881
15134  13.935  -70.200  -9.299 0.6999999881
13614  8.536  -72.112  -8.038 0.6999999881
15125  10.107  -70.650  -8.286 0.6999999881
15120  14.677  -70.509  -8.607 0.6000000238
15135  13.037  -70.560  -9.112 0.8000000119
133907  9.327  -69.517  -2.007 0.6999999881
15848  9.438  -69.783  -3.251 0.8000000119
14298  17.154  -70.624  -5.202 0.4000000060
14331  8.678  -71.625  -7.523 0.6999999881
15096  16.505  -69.954  -6.394 0.5000000000
15126  9.363  -70.866  -7.981 0.6999999881
15108  15.187  -70.310  -7.745 0.6000000238
15109  14.680  -70.060  -8.013 0.6000000238
15123  12.152  -70.274  -8.655 0.6999999881
119003  13.897  -69.896  -8.883 0.8000000119
15916  12.364  -69.774  -8.284 0.8000000119
20491  8.133  -63.539  -2.133 0.5000000000
20503  7.381  -62.973  -2.917 0.5000000000
20492  6.828  -63.786  -2.399 0.5000000000
18042  9.067  -66.710  -1.770 0.5000000000
17292  9.738  -68.137  -0.634 0.6000000238
117018  9.929  -66.673  -1.686 0.6000000238
18053  8.364  -66.627  -2.452 0.6000000238
18055  5.294  -66.776  -3.106 0.6000000238
16549  9.055  -68.660  -0.919 0.6999999881
17293  8.689  -67.993  -1.087 0.6999999881
114439  9.383  -69.148  -1.074 0.6999999881
15806  8.484  -69.092  -1.644 0.6999999881
15888  9.312  -69.635  -6.728 0.6999999881
113657  9.289  -69.118  -5.966 0.6999999881
15862  9.798  -69.046  -4.810 0.8000000119
15872  16.431  -69.527  -6.037 0.5000000000
15111  9.269  -70.288  -7.367 0.6999999881
15882  16.060  -69.484  -6.719 0.6000000238
15904  10.353  -69.722  -7.724 0.8000000119
15901  13.820  -69.559  -7.717 0.6999999881
15903  11.328  -69.568  -7.607 0.8000000119
15917  11.232  -69.900  -8.208 0.8000000119
133546  9.415  -62.844  -2.144 0.5000000000
21388  8.421  -62.459  -3.238 0.6000000238
21398  9.142  -61.898  -3.583 0.5000000000
21399  8.391  -62.296  -3.699 0.6000000238
20513  6.881  -63.048  -3.338 0.6000000238
20504  6.332  -63.473  -2.895 0.6000000238
20522  6.303  -64.117  -4.074 0.5000000000
134093  9.920  -66.050  -3.049 0.5000000000
18835  9.277  -65.829  -3.633 0.5000000000
17308  10.371  -67.330  -1.047 0.6000000238
18836  8.410  -66.141  -3.296 0.6000000238
113105  7.321  -66.501  -3.339 0.6999999881
19678  5.528  -64.991  -3.192 0.6000000238
17291  10.899  -68.012  -0.609 0.6000000238
134074  9.769  -68.855  -0.655 0.6999999881
16550  8.350  -68.539  -1.505 0.6999999881
18043  8.405  -67.280  -1.709 0.6999999881
17316  7.390  -67.237  -2.571 0.8000000119
132655  6.442  -66.331  -3.512 0.6999999881
15805  10.276  -69.279  -0.738 0.6999999881
15823  9.960  -69.492  -1.333 0.6999999881
15032  10.739  -69.954  -1.365 0.6999999881
15835  9.966  -69.599  -2.191 0.8000000119
15846  10.850  -69.631  -4.050 0.8000000119
15061  10.389  -69.700  -3.059 0.8000000119
130049  15.919  -69.183  -6.340 0.5000000000
15087  14.214  -69.223  -4.991 0.6000000238
15877  9.942  -68.968  -5.748 0.8000000119
15861  10.908  -69.365  -5.021 0.8000000119
15883  15.440  -69.146  -6.930 0.6000000238
115799  15.050  -68.981  -5.971 0.6999999881
15886  10.669  -69.368  -6.689 0.8000000119
118086  13.264  -69.326  -7.131 0.6999999881
15885  12.157  -69.381  -6.755 0.6999999881
15902  12.731  -69.475  -7.737 0.8000000119
22279  10.237  -62.038  -1.933 0.4000000060
22294  9.877  -61.726  -3.042 0.5000000000
22311  9.004  -61.745  -3.926 0.4000000060
21400  7.608  -62.780  -3.868 0.5000000000
20521  6.905  -63.558  -4.185 0.5000000000
18051  10.521  -66.295  -2.549 0.5000000000
18846  8.826  -65.577  -4.592 0.6000000238
112726  8.128  -65.335  -5.002 0.6000000238
18861  6.265  -64.770  -4.235 0.6000000238
17307  11.348  -67.399  -1.132 0.6000000238
18065  6.705  -65.907  -3.998 0.6999999881
18848  5.970  -65.396  -3.878 0.6999999881
122740  11.400  -68.735  -0.519 0.6000000238
15044  11.005  -70.157  -2.028 0.8000000119
15088  13.376  -69.537  -5.057 0.6999999881
15875  12.637  -69.391  -5.648 0.6999999881
15860  11.893  -69.510  -5.117 0.8000000119
15079  11.726  -69.722  -4.529 0.8000000119
15874  13.792  -69.125  -5.814 0.6999999881
22293  10.180  -61.552  -3.111 0.4000000060
22278  10.571  -61.777  -1.993 0.4000000060
125892  10.249  -61.471  -0.987 0.4000000060
134122  9.793  -61.452  -3.816 0.5000000000
23237  9.818  -60.681  -0.369 0.5000000000
20531  7.850  -63.254  -4.690 0.5000000000
19695  9.396  -64.800  -5.755 0.5000000000
19696  7.576  -64.325  -4.980 0.5000000000
19705  10.056  -64.751  -6.470 0.5000000000
18859  7.454  -65.064  -4.987 0.6999999881
15804  11.710  -69.498  -0.551 0.6000000238
122613  11.464  -70.189  -2.982 0.8000000119
15076  14.499  -69.813  -4.223 0.6000000238
15059  13.161  -70.494  -3.721 0.6000000238
119911  13.504  -70.881  -2.829 0.6999999881
15030  12.574  -70.641  -1.393 0.6999999881
15078  12.692  -69.911  -4.612 0.6999999881
114915  10.077  -59.764  0.075 0.3000000119
22309  10.381  -61.467  -3.626 0.4000000060
22292  11.081  -61.535  -2.537 0.3000000119
22277  10.855  -61.442  -1.733 0.4000000060
22266  10.513  -60.931  -0.735 0.4000000060
22328  10.050  -61.488  -4.144 0.4000000060
24125  10.841  -58.996  -0.042 0.3000000119
113506  9.131  -62.088  -4.391 0.4000000060
18886  9.954  -64.962  -6.341 0.5000000000
124073  9.646  -62.968  -5.487 0.4000000060
18872  10.062  -65.112  -6.404 0.6000000238
21411  9.811  -62.094  -4.719 0.4000000060
18885  10.425  -65.012  -6.902 0.4000000060
20530  9.478  -63.970  -5.731 0.5000000000
15031  11.548  -70.342  -1.234 0.6999999881
119755  12.543  -70.660  -2.922 0.6999999881
23229  9.081  -60.293  0.217 0.4000000060
23236  11.084  -59.921  -0.383 0.4000000060
22327  10.884  -61.646  -4.244 0.3000000119
21424  10.349  -62.816  -5.699 0.4000000060
19715  11.346  -64.961  -7.822 0.4000000060
20529  10.288  -63.883  -6.393 0.4000000060
22276  11.891  -61.076  -1.437 0.3000000119
23248  11.276  -60.755  -0.814 0.4000000060
23247  11.980  -60.161  -0.728 0.3000000119
24124  11.637  -59.244  -0.468 0.3000000119
22291  12.370  -61.503  -2.262 0.3000000119
21410  10.578  -62.102  -4.864 0.3000000119
21433  11.504  -63.147  -6.762 0.3000000119
21423  11.055  -62.795  -5.850 0.3000000119
130689  11.433  -63.725  -7.163 0.3000000119
23246  12.572  -60.457  -1.329 0.3000000119
24137  12.339  -59.378  -0.957 0.3000000119
23264  12.919  -61.053  -1.770 0.3000000119
24136  12.926  -59.759  -1.542 0.3000000119
21408  12.479  -62.429  -5.079 0.3000000119
21422  11.927  -62.840  -5.934 0.3000000119
21432  12.376  -63.012  -6.835 0.3000000119
24126  10.017  -58.561  0.421 0.3000000119
23263  13.571  -60.821  -2.285 0.3000000119
127470  12.895  -62.732  -5.949 0.3000000119
7729  20.964  -81.987  -4.181 0.6000000238
7743  20.540  -81.705  -5.359 0.6999999881
132876  20.634  -80.703  -5.004 0.6999999881
8346  20.469  -80.477  -5.772 0.6999999881
122806  8.508  -64.113  -5.306 0.4000000060
18874  8.402  -64.940  -5.404 0.6000000238
24990  11.939  -58.419  -0.833 0.3000000119
120699  21.809  -87.548  -9.730 0.6999999881
131206  20.815  -87.961  -4.702 0.6999999881
1721  26.811  -94.668  -10.610 0.6000000238
3841  25.002  -87.898  -9.299 0.6000000238
4736  22.096  -86.116  -1.845 0.6999999881
2633  27.289  -91.862  -8.834 0.8000000119
1710  28.190  -94.466  -9.334 0.6999999881
10318  17.812  -77.414  -9.896 0.6999999881
116660  19.785  -83.160  -6.474 0.5000000000
8971  19.671  -79.682  -7.124 0.6000000238
10957  15.266  -76.787  -9.874 0.6000000238
111066  18.580  -80.391  -12.238 0.6999999881
116563  22.829  -84.598  -2.782 0.8000000119
5866  20.598  -84.577  -6.873 0.5000000000
132147  20.040  -84.423  -7.214 0.6000000238
8398  19.541  -82.239  -11.437 0.6000000238
128581  10.186  -69.385  -7.303 0.8000000119
1381  23.713  -96.110  -5.942 0.4000000060
1670  23.905  -95.115  -4.745 0.4000000060
1102  25.509  -96.889  -7.261 0.3000000119
112416  23.602  -96.573  -6.718 0.4000000060
1093  23.061  -96.644  -6.169 0.4000000060
1369  23.578  -95.853  -5.209 0.4000000060
1076  28.224  -96.494  -5.833 0.4000000060
1365  27.695  -95.655  -5.245 0.5000000000
1366  26.773  -95.417  -5.600 0.5000000000
1089  27.762  -96.677  -6.619 0.3000000119
123573  26.954  -96.243  -6.621 0.4000000060
1379  25.493  -95.802  -6.161 0.4000000060
130932  27.053  -96.744  -7.245 0.3000000119
1091  25.044  -96.305  -6.642 0.3000000119
1380  24.568  -95.821  -6.062 0.3000000119
828  26.040  -97.503  -7.917 0.3000000119
1088  28.648  -96.927  -6.521 0.4000000060
1075  29.159  -96.749  -5.721 0.4000000060
113529  29.284  -96.107  -4.702 0.5000000000
1087  29.442  -96.973  -6.445 0.3000000119
817  28.011  -97.329  -7.516 0.3000000119
610  26.899  -98.493  -9.129 0.4000000060
602  28.029  -97.695  -8.344 0.3000000119
624  27.587  -98.054  -10.049 0.4000000060
117288  27.069  -98.576  -9.868 0.4000000060
128134  26.352  -97.951  -10.941 0.4000000060
1074  29.856  -96.782  -5.528 0.4000000060
1086  30.283  -96.783  -6.281 0.4000000060
814  30.115  -97.220  -7.070 0.4000000060
112102  30.796  -96.872  -7.200 0.4000000060
117681  31.887  -95.198  -7.287 0.5000000000
826  29.247  -97.484  -7.816 0.4000000060
1115  30.914  -96.827  -8.560 0.4000000060
615  27.516  -98.151  -9.433 0.4000000060
614  28.346  -97.762  -9.391 0.5000000000
114394  29.796  -97.334  -9.094 0.4000000060
857  28.190  -97.471  -10.548 0.4000000060
129382  26.794  -95.084  -12.174 0.6000000238
1131  26.898  -96.454  -12.240 0.4000000060
115444  32.523  -94.331  -7.450 0.6000000238
1388  32.286  -94.959  -7.996 0.6000000238
1114  31.520  -96.075  -8.903 0.6000000238
1396  31.860  -95.229  -8.554 0.6000000238
1123  30.968  -95.897  -9.675 0.6000000238
1707  31.221  -94.994  -9.425 0.6999999881
1125  29.917  -96.353  -10.630 0.5000000000
1404  30.464  -95.898  -10.284 0.6000000238
1708  30.317  -94.666  -9.451 0.6999999881
2296  32.757  -92.643  -8.025 0.6999999881
2297  32.276  -92.307  -8.509 0.6999999881
1687  32.724  -94.049  -7.858 0.6000000238
120873  32.566  -93.536  -8.140 0.6999999881
2299  30.175  -92.656  -8.931 0.6999999881
2300  29.050  -92.576  -8.959 0.6999999881
2664  27.372  -91.687  -10.676 0.6999999881
1699  30.923  -94.094  -8.637 0.6999999881
2005  30.480  -93.291  -8.643 0.6999999881
1700  29.740  -93.905  -8.730 0.6999999881
2647  31.809  -91.048  -9.603 0.5000000000
2648  31.441  -91.218  -10.004 0.6000000238
2298  31.396  -92.473  -8.800 0.6999999881
2313  29.889  -92.260  -9.758 0.6000000238
2649  29.457  -92.108  -10.663 0.6999999881
2662  29.252  -91.934  -11.429 0.6999999881
2004  31.799  -93.388  -8.537 0.6999999881
2663  28.558  -92.069  -11.012 0.6999999881
2674  27.719  -91.887  -11.877 0.6000000238
2318  30.107  -91.891  -10.761 0.6000000238
3012  29.683  -91.484  -11.353 0.6000000238
2673  28.485  -91.888  -11.961 0.6000000238
2672  28.917  -91.737  -11.909 0.6000000238
4362  26.617  -87.757  -11.169 0.5000000000
3809  20.366  -88.225  -5.494 0.6000000238
3823  20.180  -88.044  -6.214 0.6000000238
129826  27.075  -91.510  -12.370 0.6000000238
3027  25.995  -91.126  -12.284 0.6000000238
3453  25.900  -89.317  -12.503 0.5000000000
3865  25.688  -88.513  -11.736 0.5000000000
3370  20.027  -89.078  -3.356 0.6000000238
3784  20.637  -88.262  -3.619 0.6000000238
3798  20.249  -88.617  -4.205 0.6000000238
3025  28.361  -91.438  -12.396 0.6000000238
3452  26.345  -89.816  -12.897 0.5000000000
3445  25.685  -90.020  -12.342 0.5000000000
4217  18.560  -87.670  -1.505 0.6000000238
4215  19.766  -87.069  -1.276 0.6000000238
3762  19.690  -88.021  -1.538 0.6000000238
3360  19.070  -89.495  -2.354 0.6000000238
3785  20.406  -88.547  -2.642 0.6000000238
4214  20.821  -87.056  -1.657 0.6000000238
4232  20.594  -87.976  -1.937 0.6000000238
4801  25.996  -86.450  -6.832 0.6000000238
3033  27.540  -90.548  -13.190 0.6000000238
116126  18.981  -86.911  -1.218 0.6000000238
5787  20.009  -84.506  -1.496 0.6000000238
4738  20.500  -86.252  -1.292 0.6000000238
5785  21.380  -84.877  -1.500 0.6000000238
5224  20.404  -85.312  -1.300 0.6000000238
6432  21.468  -83.861  -2.205 0.5000000000
5222  21.829  -85.553  -1.614 0.6000000238
5802  21.873  -84.418  -1.896 0.5000000000
4218  17.991  -87.717  -1.779 0.6999999881
4740  18.443  -86.967  -1.601 0.6000000238
123716  19.605  -86.149  -1.201 0.6000000238
6412  20.440  -83.844  -1.731 0.6000000238
6433  20.759  -83.333  -2.095 0.6000000238
113283  17.778  -84.188  -4.289 0.6000000238
4739  18.852  -86.028  -1.479 0.6000000238
5226  18.919  -85.128  -1.698 0.6000000238
7044  20.057  -83.128  -1.928 0.5000000000
5803  18.748  -84.522  -2.084 0.6000000238
6435  18.874  -82.876  -2.260 0.6000000238
6450  18.264  -83.088  -2.951 0.6000000238
6451  17.763  -83.254  -3.767 0.6000000238
5239  18.557  -85.398  -2.114 0.6000000238
125564  20.237  -82.589  -2.322 0.6000000238
6414  19.000  -83.716  -1.926 0.6000000238
7062  19.619  -82.550  -2.185 0.5000000000
7063  19.188  -82.014  -2.567 0.6000000238
7076  18.564  -82.337  -2.782 0.5000000000
129204  17.876  -81.757  -3.649 0.5000000000
7712  19.472  -81.257  -2.988 0.6000000238
7713  18.582  -81.558  -3.157 0.6000000238
8319  18.927  -80.623  -3.423 0.6000000238
8944  18.651  -79.653  -4.421 0.6999999881
8336  17.891  -80.249  -4.452 0.6999999881
8347  17.076  -80.400  -5.120 0.6999999881
111189  17.207  -79.411  -5.183 0.6999999881
8318  19.771  -80.621  -3.632 0.6000000238
8334  19.265  -79.963  -3.961 0.6999999881
9596  18.775  -78.576  -5.595 0.6999999881
8954  18.769  -79.084  -4.990 0.6999999881
116610  18.029  -78.857  -5.173 0.6999999881
10262  18.083  -78.271  -5.611 0.6000000238
8972  19.687  -79.110  -6.523 0.6000000238
4339  26.503  -87.638  -10.220 0.5000000000
4851  27.285  -86.314  -10.728 0.5000000000
4338  27.099  -87.142  -10.381 0.5000000000
4840  26.998  -86.643  -9.696 0.6000000238
5330  26.233  -84.825  -11.830 0.6000000238
130673  26.919  -85.395  -10.962 0.6000000238
5319  26.812  -85.731  -10.022 0.6000000238
5312  26.571  -85.833  -8.395 0.6000000238
127478  26.353  -85.771  -7.685 0.6000000238
5915  24.909  -84.545  -11.715 0.5000000000
131265  25.505  -85.044  -9.825 0.6000000238
5292  25.683  -85.366  -6.324 0.6000000238
121968  24.626  -84.851  -9.583 0.6000000238
5871  24.610  -84.813  -7.610 0.5000000000
5301  25.509  -85.181  -7.259 0.6000000238
5851  25.274  -85.034  -5.632 0.6000000238
5890  23.944  -84.560  -8.861 0.5000000000
5862  25.032  -84.932  -6.563 0.6000000238
114155  21.768  -84.796  -5.430 0.5000000000
5873  22.803  -85.023  -7.028 0.5000000000
5852  23.871  -84.724  -5.137 0.6000000238
111692  24.032  -84.864  -6.873 0.6000000238
863  28.669  -96.844  -11.202 0.6000000238
1717  30.471  -95.478  -10.114 0.6999999881
4323  26.678  -87.310  -9.264 0.5000000000
7693  19.900  -81.910  -2.575 0.6000000238
8953  19.488  -79.076  -5.631 0.6999999881
4829  26.609  -86.826  -8.301 0.6000000238
133861  24.686  -84.851  -5.231 0.6000000238
5863  23.358  -85.023  -6.151 0.6000000238
1103  24.467  -96.751  -7.183 0.3000000119
1090  26.101  -96.419  -6.750 0.3000000119
1378  26.414  -95.854  -6.137 0.4000000060
603  27.370  -97.909  -8.544 0.3000000119
827  28.702  -97.427  -7.682 0.4000000060
608  28.095  -97.809  -8.874 0.4000000060
1085  31.193  -96.188  -6.939 0.4000000060
825  29.908  -97.429  -7.723 0.3000000119
1100  31.513  -96.600  -7.977 0.5000000000
1389  31.810  -95.768  -7.808 0.6000000238
607  28.973  -97.684  -8.918 0.5000000000
1124  30.445  -96.346  -10.040 0.5000000000
848  29.174  -97.463  -9.659 0.5000000000
1698  31.861  -94.484  -8.487 0.6000000238
2312  30.955  -91.865  -9.889 0.6999999881
5788  19.276  -84.472  -1.692 0.6000000238
131848  16.888  -78.949  -5.267 0.6000000238
121323  26.061  -84.956  -10.604 0.6000000238
5916  23.974  -84.317  -11.516 0.5000000000
5320  26.314  -85.387  -9.418 0.6000000238
5313  26.022  -85.375  -7.878 0.6000000238
5901  24.588  -84.750  -10.723 0.5000000000
5917  23.581  -84.162  -11.154 0.5000000000
5872  23.573  -84.632  -7.815 0.5000000000
1253  19.748  -95.817  5.168 0.4000000060
710  20.170  -97.483  6.126 0.4000000060
1252  20.676  -95.845  4.938 0.5000000000
1852  18.077  -93.494  4.143 0.5000000000
113313  18.626  -91.844  3.606 0.5000000000
2867  18.210  -90.732  2.712 0.5000000000
1851  18.941  -93.342  3.824 0.5000000000
1553  18.113  -94.596  4.626 0.5000000000
477  20.666  -98.182  6.309 0.4000000060
125893  20.713  -98.913  6.706 0.4000000060
489  21.426  -98.382  6.243 0.5000000000
1050  24.917  -95.807  -3.115 0.3000000119
1049  25.962  -96.096  -2.970 0.3000000119
1058  24.337  -96.250  -3.613 0.3000000119
791  23.965  -96.729  -4.164 0.3000000119
122218  17.881  -94.075  4.468 0.4000000060
127652  17.911  -92.941  4.312 0.5000000000
2159  18.315  -92.129  4.386 0.5000000000
1255  18.038  -95.217  5.041 0.4000000060
1254  18.799  -95.874  5.416 0.4000000060
711  19.339  -97.605  6.388 0.3000000119
702  18.412  -97.876  6.717 0.3000000119
327  23.095  -99.117  5.768 0.4000000060
320  21.096  -99.278  7.106 0.3000000119
125315  21.853  -99.195  6.916 0.4000000060
476  21.840  -98.911  6.483 0.5000000000
308  21.459  -99.327  7.567 0.3000000119
1316  25.711  -95.244  -1.711 0.3000000119
1041  26.129  -95.961  -2.101 0.3000000119
1340  24.015  -95.503  -3.332 0.3000000119
1341  23.723  -95.136  -3.731 0.3000000119
1066  23.438  -96.531  -4.573 0.3000000119
1256  17.384  -95.249  5.538 0.3000000119
1840  17.618  -93.533  4.763 0.4000000060
965  17.616  -96.857  6.267 0.3000000119
309  20.617  -99.460  7.839 0.3000000119
466  23.778  -98.373  7.706 0.4000000060
475  23.631  -98.870  6.634 0.4000000060
467  22.545  -98.784  7.883 0.4000000060
460  20.837  -98.968  8.806 0.3000000119
1902  25.978  -93.257  0.125 0.4000000060
1914  26.105  -94.090  -0.383 0.4000000060
1605  26.586  -94.141  0.337 0.4000000060
1588  26.927  -94.445  1.232 0.4000000060
1883  27.413  -94.642  1.988 0.4000000060
1277  28.243  -95.312  2.582 0.5000000000
1622  24.452  -94.177  -1.774 0.3000000119
1317  24.912  -94.829  -2.092 0.3000000119
1633  24.105  -94.477  -2.414 0.3000000119
1354  23.606  -95.704  -4.507 0.3000000119
113402  24.156  -95.462  -5.408 0.3000000119
966  16.774  -96.422  6.399 0.3000000119
112723  24.203  -96.932  9.150 0.3000000119
677  24.477  -97.360  8.866 0.3000000119
688  25.985  -96.807  8.285 0.4000000060
122000  25.896  -97.084  7.401 0.4000000060
669  20.743  -98.285  9.335 0.3000000119
667  22.683  -97.436  9.018 0.3000000119
450  22.038  -98.104  9.259 0.3000000119
459  22.350  -98.498  8.587 0.3000000119
1250  29.503  -95.563  5.278 0.5000000000
1251  29.476  -95.520  6.008 0.5000000000
2865  26.221  -90.898  2.815 0.3000000119
2502  26.003  -91.284  2.238 0.3000000119
2522  25.808  -91.280  1.507 0.3000000119
2199  26.204  -92.761  0.820 0.3000000119
1901  26.568  -93.526  0.975 0.4000000060
130033  28.207  -93.672  4.421 0.5000000000
1563  28.946  -95.122  4.068 0.5000000000
2185  26.007  -92.077  1.151 0.3000000119
1884  26.918  -93.825  1.826 0.4000000060
1869  27.474  -94.169  2.727 0.4000000060
1859  27.733  -93.896  3.681 0.5000000000
1858  28.420  -94.393  4.087 0.5000000000
1623  23.916  -93.911  -2.203 0.3000000119
1646  23.743  -94.326  -3.427 0.3000000119
1967  23.895  -93.873  -3.805 0.3000000119
1978  24.630  -93.967  -4.584 0.3000000119
1668  25.488  -94.669  -5.317 0.4000000060
124440  25.156  -96.252  9.097 0.3000000119
941  26.734  -95.848  8.554 0.4000000060
680  20.641  -97.764  9.317 0.3000000119
946  22.260  -96.948  8.921 0.3000000119
945  23.393  -96.796  8.915 0.3000000119
956  26.725  -96.210  8.158 0.4000000060
668  21.355  -97.927  9.411 0.3000000119
963  27.846  -95.962  6.562 0.4000000060
962  28.867  -95.820  6.217 0.5000000000
1502  30.167  -93.919  7.840 0.4000000060
1239  29.663  -95.038  6.669 0.5000000000
3697  27.079  -88.912  3.741 0.3000000119
1539  29.913  -94.338  6.176 0.5000000000
1532  30.003  -94.498  6.666 0.5000000000
2854  26.647  -90.471  3.559 0.3000000119
2149  29.784  -93.187  6.153 0.4000000060
1827  30.128  -93.558  6.562 0.5000000000
2866  25.914  -90.351  1.905 0.3000000119
2501  26.376  -91.780  2.740 0.4000000060
2482  26.933  -92.019  4.030 0.4000000060
2150  29.001  -92.526  5.696 0.5000000000
1845  29.568  -94.419  5.488 0.5000000000
2209  25.048  -91.987  -0.366 0.3000000119
2175  26.667  -92.568  2.499 0.4000000060
2174  27.127  -93.198  3.116 0.5000000000
1847  27.496  -92.851  4.019 0.5000000000
2231  23.981  -92.679  -2.343 0.3000000119
2244  24.174  -92.456  -2.956 0.4000000060
125855  24.470  -92.410  -3.541 0.3000000119
1966  24.317  -93.503  -4.192 0.4000000060
1965  25.056  -93.412  -4.497 0.4000000060
126193  22.292  -90.906  -12.138 0.5000000000
1667  26.306  -94.769  -5.336 0.3000000119
111184  20.577  -96.099  8.292 0.3000000119
1214  21.567  -96.215  8.171 0.3000000119
1208  27.122  -95.346  8.647 0.3000000119
947  21.256  -97.131  8.997 0.3000000119
1504  28.396  -94.494  8.849 0.3000000119
1503  29.423  -94.167  8.556 0.5000000000
1803  30.295  -93.279  8.052 0.4000000060
1804  30.035  -93.486  8.666 0.3000000119
3706  27.256  -88.050  4.024 0.3000000119
2125  30.236  -92.962  7.649 0.5000000000
3282  26.999  -89.769  3.858 0.3000000119
2443  29.603  -92.401  6.905 0.4000000060
2126  30.083  -92.785  7.361 0.4000000060
2467  27.005  -91.271  4.237 0.4000000060
2458  27.720  -91.135  4.976 0.4000000060
2457  28.480  -91.541  5.656 0.4000000060
2444  29.121  -91.948  6.238 0.4000000060
127239  25.347  -90.715  0.093 0.3000000119
132415  25.181  -91.005  -0.470 0.3000000119
2158  27.561  -92.026  4.592 0.4000000060
2157  28.302  -92.888  4.925 0.5000000000
2573  25.122  -91.437  -2.434 0.3000000119
2583  25.664  -91.769  -3.189 0.4000000060
2259  25.610  -92.821  -4.226 0.4000000060
110847  22.231  -90.944  -10.545 0.5000000000
1964  26.049  -93.587  -4.676 0.4000000060
2258  26.616  -92.982  -4.156 0.5000000000
110802  23.373  -92.846  -12.404 0.5000000000
115330  30.401  -91.964  9.205 0.3000000119
1791  30.103  -92.853  9.302 0.3000000119
3371  19.429  -89.646  -3.546 0.5000000000
2923  17.980  -90.286  -2.591 0.6000000238
4140  27.508  -87.329  4.286 0.3000000119
3696  27.449  -88.689  4.606 0.3000000119
3707  26.743  -88.061  3.310 0.3000000119
3281  27.370  -89.534  4.444 0.3000000119
123881  28.099  -89.862  5.572 0.3000000119
2424  29.746  -91.973  7.736 0.4000000060
2423  30.196  -92.151  8.395 0.4000000060
3832  19.996  -87.652  -7.125 0.5000000000
3788  16.049  -89.101  -4.156 0.5000000000
2833  27.752  -90.132  4.992 0.3000000119
2832  28.196  -90.625  5.627 0.3000000119
2825  28.708  -91.070  6.281 0.3000000119
117320  29.493  -91.005  7.711 0.3000000119
121575  21.071  -86.896  -8.553 0.5000000000
2901  25.418  -90.422  -0.485 0.3000000119
2911  25.416  -90.658  -1.213 0.3000000119
4344  21.063  -87.320  -9.859 0.5000000000
2922  25.576  -90.906  -1.885 0.3000000119
132553  21.367  -89.396  -10.753 0.5000000000
2572  26.196  -91.216  -2.571 0.4000000060
3016  21.770  -89.981  -10.691 0.6000000238
2571  27.351  -91.470  -2.704 0.4000000060
2241  27.116  -92.447  -3.668 0.5000000000
110480  22.656  -91.858  -9.785 0.5000000000
1953  28.447  -93.432  -3.579 0.4000000060
1954  27.112  -93.753  -4.443 0.3000000119
1657  26.666  -94.308  -4.898 0.4000000060
110832  23.277  -93.078  -11.203 0.6000000238
1631  30.767  -95.489  -2.091 0.3000000119
1643  30.356  -95.515  -2.974 0.4000000060
1656  28.502  -94.789  -4.203 0.4000000060
1353  27.604  -94.700  -4.636 0.3000000119
1723  24.948  -94.219  -11.088 0.6000000238
2024  24.141  -93.632  -12.703 0.5000000000
1326  31.152  -95.697  -1.738 0.3000000119
124314  30.935  -95.767  -2.699 0.5000000000
1351  30.117  -96.295  -4.361 0.4000000060
1363  29.679  -96.679  -5.005 0.4000000060
1728  24.878  -94.115  -12.317 0.6000000238
1324  32.301  -95.087  -1.725 0.3000000119
1337  31.245  -95.928  -3.440 0.5000000000
1350  30.725  -96.365  -4.199 0.4000000060
1065  30.246  -96.613  -4.831 0.4000000060
1336  31.738  -95.481  -3.880 0.4000000060
1349  31.177  -96.132  -4.275 0.5000000000
1064  30.615  -96.394  -4.834 0.4000000060
1362  31.103  -95.998  -5.110 0.5000000000
3362  17.889  -89.476  -2.038 0.6000000238
2924  17.114  -89.761  -2.604 0.6000000238
4656  27.837  -86.548  4.493 0.3000000119
4126  27.862  -87.338  5.183 0.3000000119
4125  28.168  -87.780  5.877 0.3000000119
3675  28.358  -88.444  6.222 0.3000000119
3772  17.423  -88.974  -2.199 0.6000000238
3773  16.850  -89.078  -2.749 0.6000000238
4149  27.089  -87.378  3.564 0.3000000119
3251  28.668  -89.203  6.692 0.3000000119
3242  29.194  -89.103  7.351 0.3000000119
4249  17.101  -87.940  -3.843 0.6000000238
4168  27.088  -86.985  1.232 0.3000000119
116892  28.506  -90.088  6.359 0.3000000119
2816  29.154  -89.988  7.396 0.3000000119
3799  16.880  -87.932  -4.822 0.6000000238
3350  25.779  -90.007  -0.832 0.3000000119
4788  17.167  -86.585  -5.637 0.6000000238
4276  16.822  -87.550  -5.533 0.6000000238
4803  16.778  -86.301  -6.591 0.5000000000
1941  28.740  -93.073  -2.852 0.4000000060
1644  29.546  -94.798  -3.340 0.4000000060
115709  32.329  -94.634  -3.809 0.4000000060
1654  31.966  -94.783  -4.666 0.5000000000
5145  28.394  -85.665  4.537 0.3000000119
4645  28.258  -86.400  5.285 0.3000000119
119834  28.410  -87.051  5.954 0.3000000119
3663  28.912  -88.451  6.914 0.3000000119
3662  29.630  -88.476  7.729 0.3000000119
3649  30.583  -89.014  8.572 0.3000000119
3764  18.075  -88.541  -1.753 0.5000000000
4663  27.532  -86.269  3.305 0.3000000119
4157  26.633  -87.234  2.462 0.3000000119
4233  17.647  -87.587  -2.735 0.5000000000
3786  17.167  -88.463  -2.802 0.6000000238
4672  27.650  -86.180  2.634 0.3000000119
3241  29.832  -89.478  8.075 0.3000000119
4685  27.808  -86.520  1.698 0.3000000119
4263  17.288  -87.250  -4.780 0.6000000238
2218  28.745  -91.977  -1.675 0.3000000119
2919  28.032  -91.099  -2.075 0.3000000119
5282  17.148  -85.602  -6.053 0.6000000238
5875  16.323  -84.516  -6.917 0.6000000238
4262  17.733  -86.993  -3.892 0.6000000238
5250  18.327  -85.718  -3.010 0.5000000000
5823  18.163  -85.079  -3.913 0.6000000238
5281  17.526  -85.700  -5.233 0.6000000238
5856  17.320  -84.892  -5.507 0.6000000238
5857  16.827  -84.686  -6.221 0.6000000238
5867  16.417  -83.704  -6.404 0.6000000238
6480  15.794  -83.076  -6.886 0.5000000000
4755  18.292  -86.289  -2.074 0.5000000000
5822  18.438  -84.744  -2.831 0.5000000000
122170  17.759  -85.011  -4.787 0.5000000000
113612  16.762  -83.038  -5.690 0.6000000238
7762  14.795  -81.259  -6.409 0.5000000000
8956  16.331  -79.311  -5.327 0.6000000238
8363  15.310  -80.773  -5.933 0.6000000238
8364  14.495  -80.461  -6.181 0.5000000000
8350  15.025  -80.010  -5.731 0.6000000238
131039  14.489  -79.704  -6.041 0.6000000238
118539  18.174  -84.030  -3.394 0.5000000000
7102  17.056  -82.165  -4.989 0.5000000000
7103  16.445  -82.196  -5.873 0.5000000000
125134  16.272  -82.802  -6.340 0.6000000238
7745  16.659  -81.430  -5.421 0.6000000238
7760  16.147  -81.653  -5.983 0.5000000000
7761  15.610  -81.506  -6.236 0.5000000000
7746  16.185  -80.910  -5.683 0.6000000238
129383  18.738  -78.096  -6.102 0.6000000238
8348  16.561  -80.098  -5.389 0.6000000238
8958  14.943  -79.170  -5.620 0.5000000000
12223  9.831  -74.685  -4.760 0.5000000000
119091  18.559  -83.797  -2.521 0.5000000000
6462  17.267  -83.356  -4.745 0.5000000000
7744  17.305  -81.096  -4.657 0.6000000238
12198  10.468  -74.377  -3.732 0.5000000000
126896  10.454  -74.872  -3.072 0.6000000238
12246  9.560  -73.754  -5.422 0.6000000238
11565  9.920  -75.463  -3.763 0.5000000000
12247  8.911  -74.884  -5.864 0.5000000000
12248  8.660  -75.304  -6.700 0.5000000000
10266  14.937  -77.369  -5.300 0.5000000000
9600  14.846  -78.189  -5.532 0.5000000000
15863  9.288  -69.233  -4.770 0.6000000238
15080  9.025  -69.843  -4.505 0.6999999881
121705  9.185  -70.844  -3.992 0.6999999881
13536  10.495  -72.262  -2.581 0.6000000238
13535  10.912  -72.891  -2.683 0.6000000238
14300  9.224  -70.528  -4.941 0.6000000238
114464  9.848  -71.663  -4.293 0.6000000238
15089  9.106  -69.377  -5.336 0.6000000238
14309  9.200  -70.487  -5.862 0.6000000238
13562  10.370  -72.539  -4.374 0.6000000238
13546  10.497  -72.370  -3.474 0.5000000000
12176  10.888  -74.004  -2.062 0.6000000238
123441  9.222  -69.810  -6.278 0.6000000238
14299  9.729  -71.697  -5.265 0.6000000238
12899  10.393  -73.539  -4.540 0.5000000000
12197  10.827  -74.212  -2.852 0.6000000238
121401  9.064  -71.684  -6.264 0.6000000238
13575  10.151  -72.764  -5.139 0.6000000238
117583  8.491  -72.092  -7.127 0.6000000238
13576  9.347  -72.730  -5.828 0.6000000238
13577  8.670  -72.910  -6.601 0.6000000238
12930  8.415  -73.974  -7.525 0.5000000000
11588  8.863  -75.838  -6.947 0.5000000000
11601  9.224  -75.967  -7.114 0.5000000000
132042  10.151  -75.797  -6.626 0.5000000000
11585  11.277  -75.462  -6.060 0.5000000000
14284  9.886  -71.660  -3.366 0.6000000238
14270  9.859  -71.836  -2.451 0.6999999881
15098  9.119  -70.197  -6.908 0.5000000000
13603  8.298  -72.565  -7.790 0.6000000238
12944  8.266  -73.419  -7.899 0.6000000238
123904  8.598  -74.876  -7.338 0.5000000000
12313  9.021  -74.183  -8.208 0.6000000238
12293  9.501  -74.872  -7.795 0.5000000000
12311  10.992  -74.030  -8.550 0.6000000238
12271  10.456  -75.113  -7.171 0.6000000238
16546  13.217  -69.061  -0.703 0.4000000060
120539  7.647  -70.350  -2.695 0.6999999881
15048  6.401  -70.148  -2.457 0.5000000000
14260  7.264  -71.283  -2.243 0.5000000000
15011  12.956  -70.221  -0.900 0.6000000238
15012  12.030  -70.178  -0.775 0.5000000000
14259  8.054  -71.618  -2.169 0.5000000000
15028  14.269  -70.463  -1.695 0.5000000000
15824  8.701  -69.508  -2.033 0.6000000238
14273  7.692  -71.176  -2.924 0.8000000119
15045  8.685  -69.991  -2.790 0.6999999881
14272  8.322  -71.016  -3.296 0.8000000119
14238  9.834  -72.025  -1.525 0.6999999881
12952  8.912  -73.313  -8.277 0.6000000238
12951  9.681  -73.475  -8.372 0.6000000238
15034  6.319  -70.591  -1.744 0.5000000000
16547  12.337  -68.862  -0.588 0.5000000000
16566  7.486  -69.094  -2.093 0.6999999881
15014  7.013  -71.291  -1.261 0.5000000000
130756  14.797  -69.666  -1.319 0.4000000060
15801  13.996  -69.347  -0.866 0.4000000060
15027  15.075  -69.994  -2.086 0.4000000060
15056  15.215  -69.960  -2.788 0.5000000000
15845  15.224  -69.494  -4.132 0.4000000060
15836  5.990  -69.408  -2.712 0.5000000000
129857  13.034  -68.311  -0.923 0.3000000119
17290  11.996  -68.001  -0.809 0.3000000119
15826  6.650  -69.798  -2.586 0.6000000238
15834  15.897  -69.340  -2.676 0.4000000060
15844  15.654  -69.526  -3.536 0.4000000060
15859  15.166  -69.194  -4.903 0.4000000060
17317  6.372  -68.000  -2.671 0.6000000238
17310  7.591  -68.134  -1.944 0.6000000238
15858  15.976  -69.348  -4.482 0.4000000060
16575  5.739  -68.618  -2.678 0.5000000000
15827  5.825  -69.851  -2.249 0.5000000000
18825  14.760  -65.880  -1.527 0.3000000119
17306  12.805  -67.577  -1.360 0.3000000119
18040  12.425  -66.912  -2.011 0.3000000119
18050  11.551  -66.574  -2.334 0.4000000060
15842  17.095  -69.668  -4.113 0.3000000119
130101  16.598  -69.616  -5.021 0.4000000060
15075  17.241  -70.179  -4.758 0.4000000060
18049  12.248  -66.320  -2.825 0.4000000060
18054  6.167  -66.867  -2.970 0.6000000238
16576  5.379  -68.050  -2.575 0.4000000060
18063  11.366  -66.112  -3.158 0.4000000060
18832  15.225  -65.094  -1.917 0.3000000119
18833  14.364  -65.302  -2.511 0.3000000119
17318  5.498  -67.814  -2.745 0.5000000000
18845  10.375  -65.867  -3.621 0.4000000060
18858  8.937  -65.248  -5.279 0.5000000000
18856  10.508  -65.658  -4.704 0.4000000060
112243  9.608  -65.598  -4.573 0.4000000060
18881  13.452  -65.345  -8.459 0.3000000119
19713  13.291  -65.029  -8.910 0.3000000119
18883  12.094  -65.561  -7.819 0.3000000119
18893  11.745  -65.197  -8.001 0.3000000119
20552  12.569  -64.254  -8.226 0.3000000119
22267  9.882  -61.942  -0.984 0.4000000060
19722  13.905  -64.939  -9.105 0.3000000119
3230  30.767  -89.960  9.005 0.3000000119
2228  28.283  -92.081  -2.636 0.4000000060
114085  10.645  -65.503  -5.773 0.3000000119
12326  10.733  -73.558  -8.651 0.6000000238
128768  9.530  -61.178  -0.390 0.4000000060
15040  14.449  -70.589  -2.602 0.5000000000
18871  10.886  -65.350  -6.918 0.3000000119
1352  28.466  -95.509  -4.659 0.3000000119
1655  29.240  -95.508  -4.274 0.4000000060
5841  17.368  -84.303  -4.965 0.5000000000
979  19.521  -96.673  5.798 0.4000000060
1265  18.951  -95.007  4.718 0.5000000000
118096  18.525  -91.021  3.670 0.5000000000
499  22.803  -98.488  5.469 0.5000000000
1612  25.996  -94.891  -0.831 0.4000000060
712  18.597  -96.783  6.048 0.4000000060
306  23.056  -98.796  7.302 0.4000000060
474  24.266  -98.952  6.008 0.4000000060
113348  25.654  -94.096  -0.929 0.4000000060
1308  26.618  -95.597  -0.435 0.4000000060
128995  26.839  -95.518  0.192 0.4000000060
1841  17.138  -93.913  5.639 0.3000000119
298  20.168  -99.324  8.484 0.3000000119
130086  23.457  -97.824  8.672 0.3000000119
690  24.578  -97.852  8.031 0.4000000060
699  24.807  -98.167  6.863 0.4000000060
120645  25.181  -92.609  -0.457 0.3000000119
1916  24.682  -92.927  -1.092 0.4000000060
675  25.794  -96.677  8.743 0.4000000060
964  26.853  -96.120  7.007 0.4000000060
1839  29.212  -93.537  5.458 0.5000000000
1956  23.732  -93.588  -3.180 0.4000000060
1213  22.584  -96.164  8.232 0.3000000119
1207  27.949  -95.072  8.485 0.4000000060
1225  28.469  -95.244  7.719 0.4000000060
1224  29.251  -95.053  7.337 0.5000000000
1814  30.300  -93.565  7.204 0.5000000000
2468  27.230  -90.386  4.351 0.3000000119
2878  25.763  -89.720  1.015 0.3000000119
2552  24.921  -91.555  -0.704 0.3000000119
2563  24.611  -91.700  -1.338 0.3000000119
110479  22.490  -91.772  -11.142 0.6000000238
1792  29.421  -93.487  9.399 0.3000000119
1519  28.897  -94.812  8.089 0.4000000060
2824  29.202  -91.548  6.976 0.3000000119
2993  21.911  -88.278  -9.829 0.5000000000
2242  26.132  -92.247  -3.800 0.4000000060
2405  30.636  -91.142  9.813 0.3000000119
2412  30.201  -91.287  8.533 0.3000000119
1632  29.922  -94.643  -2.498 0.4000000060
1645  28.855  -94.224  -3.770 0.4000000060
1963  28.039  -93.951  -4.163 0.4000000060
1313  32.203  -95.675  -0.938 0.3000000119
128954  29.192  -87.811  7.067 0.3000000119
4775  17.642  -86.382  -4.694 0.6000000238
1940  29.382  -93.716  -2.307 0.3000000119
4098  29.766  -87.544  7.569 0.3000000119
3661  30.525  -88.110  8.250 0.3000000119
4684  28.769  -86.708  1.576 0.3000000119
7121  15.871  -82.183  -6.592 0.5000000000
15062  8.983  -70.513  -3.580 0.6999999881
128338  8.230  -71.400  -2.903 0.6999999881
15046  7.920  -70.789  -3.104 0.6999999881
15047  7.203  -70.618  -2.622 0.6000000238
17305  13.796  -67.733  -1.143 0.3000000119
18039  13.863  -66.130  -1.910 0.3000000119
2638  22.662  -90.933  -8.792 0.5000000000
130652  22.429  -89.185  -9.459 0.5000000000
2630  32.553  -91.946  -8.301 0.6000000238
127527  17.511  -81.640  -4.181 0.4000000060
7730  18.052  -80.939  -3.812 0.5000000000
9599  15.660  -78.568  -5.274 0.5000000000
10280  18.150  -77.737  -6.178 0.5000000000
10263  17.403  -77.937  -5.599 0.5000000000
9598  16.618  -78.364  -5.283 0.5000000000
126421  15.350  -77.786  -5.246 0.5000000000
10264  16.667  -77.517  -5.563 0.5000000000
9633  18.972  -77.928  -6.965 0.5000000000
122390  15.359  -77.189  -5.297 0.4000000060
10294  18.027  -77.444  -7.032 0.5000000000
10281  17.362  -77.384  -6.148 0.5000000000
10916  15.917  -77.000  -5.509 0.5000000000
121836  14.890  -76.797  -5.291 0.5000000000
10295  17.052  -77.053  -7.097 0.6000000238
10282  16.552  -76.937  -6.049 0.5000000000
10929  15.771  -76.241  -5.995 0.5000000000
12270  11.850  -74.623  -6.707 0.5000000000
10946  16.270  -76.794  -8.200 0.6000000238
12243  13.753  -74.795  -5.896 0.5000000000
12244  13.126  -74.646  -5.929 0.5000000000
10939  16.369  -76.589  -6.794 0.6000000238
11599  15.227  -75.426  -6.498 0.6000000238
126400  14.387  -76.207  -5.291 0.5000000000
10306  17.187  -77.048  -8.950 0.6000000238
10947  15.549  -76.243  -8.289 0.6000000238
10940  15.823  -76.012  -7.179 0.6000000238
12290  13.306  -74.406  -7.109 0.6000000238
10948  14.935  -76.106  -9.143 0.6000000238
12291  12.461  -74.204  -7.456 0.5000000000
12292  11.326  -74.325  -7.752 0.5000000000
11610  15.048  -75.511  -7.695 0.6000000238
11600  14.558  -74.988  -6.094 0.6000000238
12842  10.783  -73.585  -1.374 0.5000000000
13507  10.340  -72.621  -0.837 0.5000000000
13524  10.466  -72.384  -1.728 0.5000000000
12325  11.873  -73.706  -9.061 0.6000000238
11618  14.158  -75.338  -8.513 0.6000000238
12310  12.067  -74.023  -8.613 0.6000000238
12308  13.873  -74.768  -7.594 0.6000000238
12309  13.156  -74.299  -8.294 0.6000000238
11619  13.574  -74.808  -9.181 0.6000000238
18844  11.196  -65.856  -3.987 0.3000000119
21377  9.766  -62.699  -1.577 0.3000000119
1665  32.060  -94.186  -5.747 0.4000000060
1986  32.788  -93.560  -7.423 0.5000000000
1730  25.445  -94.542  -12.774 0.5000000000
1727  25.671  -94.493  -11.957 0.5000000000
1994  32.853  -93.060  -7.559 0.4000000060
1722  25.877  -94.474  -10.815 0.4000000060
2986  31.966  -90.972  -8.945 0.4000000060
3005  21.823  -89.479  -9.842 0.4000000060
2011  23.359  -92.586  -9.310 0.4000000060
2654  22.487  -91.250  -9.305 0.4000000060
110831  23.567  -93.283  -10.264 0.4000000060
2019  24.337  -93.757  -10.176 0.4000000060
3839  29.678  -88.846  -8.833 0.4000000060
3424  30.000  -89.433  -10.084 0.4000000060
3002  30.347  -90.624  -10.855 0.4000000060
2988  30.456  -89.736  -8.979 0.4000000060
3001  31.289  -90.903  -10.234 0.4000000060
112845  29.481  -90.672  -11.587 0.4000000060
3444  28.701  -90.704  -12.730 0.5000000000
11624  14.779  -76.080  -10.113 0.5000000000
10963  15.442  -76.313  -10.366 0.5000000000
11632  14.358  -75.216  -10.180 0.5000000000
11631  14.972  -75.478  -10.531 0.5000000000
12338  15.470  -74.495  -10.891 0.5000000000
114987  13.839  -74.673  -10.078 0.5000000000
12968  15.289  -73.586  -10.706 0.5000000000
14239  9.587  -72.101  -0.652 0.4000000060
14240  8.724  -71.683  -0.702 0.4000000060
12339  14.511  -74.561  -10.457 0.5000000000
12324  12.831  -74.224  -9.476 0.5000000000
2311  31.716  -91.502  -9.248 0.5000000000
2980  31.184  -90.433  -8.574 0.4000000060
2486  18.626  -91.327  3.074 0.4000000060
2524  18.692  -91.371  1.805 0.4000000060
1004  18.686  -96.453  2.504 0.4000000060
1864  18.889  -92.536  3.453 0.4000000060
2168  19.202  -91.968  2.946 0.4000000060
1018  19.038  -95.610  2.247 0.4000000060
2523  19.281  -91.651  1.664 0.4000000060
1293  20.814  -95.484  1.924 0.4000000060
1294  19.918  -95.547  2.099 0.4000000060
1295  18.510  -94.898  1.972 0.4000000060
1552  19.541  -94.198  4.277 0.5000000000
125351  19.766  -92.634  3.423 0.5000000000
1863  20.854  -92.707  3.451 0.4000000060
2167  20.390  -92.091  3.025 0.4000000060
1592  19.822  -93.932  1.371 0.4000000060
1264  20.092  -95.046  4.607 0.5000000000
1263  21.053  -95.066  4.527 0.5000000000
1551  20.644  -94.243  4.250 0.5000000000
2166  21.316  -92.300  3.025 0.4000000060
2187  19.565  -92.270  1.386 0.4000000060
1550  21.608  -94.338  4.163 0.4000000060
1849  21.245  -93.510  3.836 0.4000000060
1576  23.162  -94.451  2.542 0.4000000060
1577  22.707  -94.101  2.387 0.4000000060
116661  21.563  -93.695  1.713 0.4000000060
119421  20.759  -93.773  1.458 0.4000000060
1888  19.290  -93.196  1.088 0.4000000060
1591  21.986  -94.427  1.764 0.4000000060
121265  21.183  -94.579  1.706 0.4000000060
1549  22.402  -94.608  3.970 0.5000000000
1861  22.354  -93.370  3.191 0.4000000060
2165  21.981  -92.791  2.878 0.4000000060
2186  20.581  -92.319  1.748 0.4000000060
1261  23.213  -95.080  3.642 0.5000000000
1860  22.781  -93.950  2.899 0.4000000060
1871  22.374  -93.384  2.689 0.4000000060
1886  21.773  -93.075  1.959 0.4000000060
122818  24.629  -97.541  3.173 0.3000000119
1001  24.935  -97.553  2.496 0.3000000119
743  24.817  -98.439  3.059 0.4000000060
994  24.336  -96.876  3.587 0.3000000119
496  24.801  -98.520  4.234 0.4000000060
731  24.444  -98.110  3.657 0.4000000060
345  26.589  -99.191  2.087 0.3000000119
340  25.829  -99.239  2.276 0.4000000060
517  25.252  -98.918  2.720 0.4000000060
495  25.642  -98.416  4.013 0.4000000060
507  27.303  -98.283  2.912 0.4000000060
508  26.281  -98.526  3.317 0.4000000060
129139  26.870  -97.257  4.453 0.4000000060
975  27.234  -96.395  5.903 0.3000000119
1565  23.900  -95.267  3.098 0.3000000119
708  25.730  -97.708  5.569 0.3000000119
497  24.086  -98.602  4.745 0.4000000060
741  28.130  -97.896  2.440 0.4000000060
484  26.067  -97.809  4.645 0.3000000119
718  27.677  -97.282  3.916 0.4000000060
984  28.776  -96.388  4.569 0.4000000060
974  28.464  -96.253  5.549 0.4000000060
987  23.768  -96.722  4.113 0.4000000060
986  24.050  -97.747  4.071 0.4000000060
523  27.606  -98.636  1.774 0.4000000060
697  26.262  -96.891  6.470 0.3000000119
740  28.568  -97.202  2.521 0.4000000060
1562  29.082  -95.677  4.054 0.4000000060
992  29.051  -95.986  4.003 0.4000000060
717  28.541  -96.821  3.659 0.4000000060
1262  22.679  -95.585  4.243 0.4000000060
118317  23.042  -96.717  4.565 0.4000000060
129511  23.927  -98.974  5.394 0.3000000119
721  23.813  -98.346  4.548 0.4000000060
473  24.984  -98.454  5.804 0.3000000119
1000  28.796  -96.576  2.712 0.4000000060
1011  27.928  -96.509  1.435 0.4000000060
1574  28.904  -95.594  3.348 0.4000000060
1548  29.430  -95.194  4.783 0.4000000060
972  29.267  -96.004  4.668 0.4000000060
977  21.428  -96.736  5.282 0.4000000060
326  23.509  -98.913  5.397 0.3000000119
111236  21.011  -97.545  5.907 0.4000000060
129215  21.881  -95.236  4.404 0.4000000060
709  21.940  -97.853  5.760 0.4000000060
988  22.133  -96.218  4.734 0.4000000060
722  23.227  -97.928  4.902 0.4000000060
3032  28.221  -90.750  -13.035 0.4000000060
728  28.560  -97.206  2.933 0.4000000060
296  21.902  -99.139  8.098 0.3000000119
297  21.096  -99.277  8.320 0.3000000119
307  22.305  -99.170  7.164 0.4000000060
317  23.569  -99.142  5.796 0.4000000060
318  23.016  -99.170  6.390 0.4000000060
319  22.521  -99.048  6.381 0.5000000000
321  20.206  -99.321  7.415 0.3000000119
354  26.646  -99.368  1.469 0.4000000060
451  21.137  -98.458  9.160 0.3000000119
452  20.267  -98.781  8.987 0.3000000119
457  23.912  -97.903  8.548 0.3000000119
458  23.152  -98.252  8.253 0.3000000119
485  25.222  -98.404  4.856 0.3000000119
486  24.453  -98.727  5.140 0.3000000119
487  23.158  -98.914  5.479 0.3000000119
488  22.678  -98.949  5.869 0.5000000000
498  23.466  -98.675  5.141 0.4000000060
509  24.720  -98.550  3.690 0.4000000060
515  27.300  -98.636  2.387 0.3000000119
516  26.470  -98.849  2.632 0.4000000060
609  27.425  -98.170  -8.996 0.4000000060
616  27.051  -98.548  -9.442 0.4000000060
623  27.989  -97.854  -9.812 0.5000000000
633  27.195  -97.834  -10.665 0.4000000060
670  20.059  -98.337  9.297 0.3000000119
676  25.319  -97.119  8.676 0.4000000060
678  23.630  -97.439  8.959 0.3000000119
679  22.896  -97.865  8.809 0.3000000119
689  25.369  -97.465  7.720 0.4000000060
698  25.493  -97.635  6.634 0.3000000119
707  26.571  -97.022  5.240 0.3000000119
719  26.573  -97.839  3.932 0.4000000060
720  24.308  -98.416  4.153 0.4000000060
729  28.000  -97.523  3.136 0.4000000060
730  27.181  -97.903  3.445 0.4000000060
815  29.390  -97.297  -7.262 0.4000000060
816  28.868  -97.140  -7.078 0.3000000119
835  30.245  -97.315  -8.346 0.3000000119
836  29.499  -97.525  -8.334 0.3000000119
837  28.736  -97.599  -8.304 0.4000000060
847  30.263  -96.809  -9.498 0.5000000000
849  28.595  -97.582  -9.988 0.5000000000
855  29.857  -96.937  -9.995 0.5000000000
856  29.158  -97.017  -10.539 0.5000000000
934  21.945  -97.554  9.250 0.3000000119
942  26.175  -96.293  8.751 0.4000000060
943  25.562  -96.517  8.976 0.3000000119
944  24.901  -96.776  9.132 0.3000000119
955  28.187  -95.592  7.186 0.4000000060
973  29.251  -95.993  5.358 0.5000000000
976  22.465  -97.314  5.192 0.4000000060
978  20.427  -96.662  5.548 0.5000000000
980  17.946  -95.950  5.727 0.4000000060
985  27.717  -96.702  4.773 0.4000000060
993  28.811  -96.569  3.258 0.4000000060
1002  24.693  -96.601  2.869 0.3000000119
1010  28.551  -97.130  1.923 0.4000000060
1059  23.688  -95.981  -3.935 0.3000000119
1072  30.726  -96.368  -5.725 0.4000000060
1073  30.279  -96.625  -5.367 0.4000000060
1077  23.244  -96.371  -5.585 0.4000000060
1092  24.242  -96.256  -6.523 0.4000000060
1101  30.715  -97.220  -7.788 0.4000000060
1120  30.785  -96.457  -9.305 0.5000000000
1128  29.213  -96.395  -11.144 0.6999999881
1129  28.598  -96.439  -11.579 0.6000000238
1130  27.891  -96.445  -12.037 0.5000000000
1210  25.793  -95.932  8.977 0.3000000119
1212  23.468  -96.064  8.469 0.3000000119
1216  19.707  -95.860  8.519 0.3000000119
1226  27.458  -95.557  8.144 0.4000000060
1240  29.069  -95.397  6.839 0.5000000000
1241  17.281  -95.940  6.015 0.3000000119
1260  29.341  -95.668  4.655 0.4000000060
1270  28.977  -96.085  3.337 0.4000000060
1271  24.333  -95.985  3.185 0.3000000119
1272  23.905  -95.889  3.676 0.4000000060
1276  28.905  -96.011  2.828 0.4000000060
1287  28.467  -96.212  2.195 0.4000000060
1288  27.558  -95.457  1.583 0.4000000060
1292  21.669  -95.309  1.683 0.4000000060
1299  26.485  -94.824  -0.076 0.4000000060
1306  31.835  -95.789  -0.576 0.3000000119
1307  27.103  -96.243  0.075 0.4000000060
1314  31.541  -95.882  -1.100 0.3000000119
1315  26.330  -95.789  -1.219 0.3000000119
1325  31.741  -95.495  -1.735 0.3000000119
1327  25.387  -95.494  -2.465 0.3000000119
1328  24.465  -95.132  -2.731 0.3000000119
1329  23.846  -94.744  -3.065 0.3000000119
1338  30.652  -96.024  -3.592 0.5000000000
1339  29.903  -95.506  -3.787 0.4000000060
1348  31.501  -95.543  -4.626 0.5000000000
1355  23.216  -96.393  -5.097 0.3000000119
1361  31.572  -95.055  -5.474 0.5000000000
1364  28.752  -96.272  -5.169 0.5000000000
1367  25.906  -95.254  -5.746 0.3000000119
1368  24.990  -95.244  -5.636 0.4000000060
1375  31.906  -94.583  -6.531 0.4000000060
1376  31.316  -95.534  -6.180 0.5000000000
1377  27.295  -96.076  -5.976 0.4000000060
1400  31.406  -95.499  -9.329 0.6000000238
1401  30.911  -95.587  -9.785 0.6000000238
1405  29.809  -95.877  -10.912 0.6000000238
1413  27.917  -95.717  -11.920 0.6999999881
1415  26.142  -94.885  -12.438 0.6000000238
1490  28.749  -93.934  9.263 0.3000000119
1505  27.586  -94.712  8.878 0.3000000119
1517  30.277  -94.133  7.131 0.4000000060
1518  29.805  -94.566  7.445 0.5000000000
1531  30.249  -93.998  6.716 0.5000000000
1540  17.505  -94.489  4.977 0.4000000060
1564  28.376  -94.802  3.383 0.5000000000
1566  23.300  -94.574  3.019 0.4000000060
1567  22.681  -94.168  3.394 0.4000000060
1575  23.738  -94.940  2.439 0.4000000060
1589  23.337  -94.743  1.990 0.4000000060
1590  22.672  -94.427  1.916 0.4000000060
1604  26.878  -95.046  0.682 0.4000000060
1621  25.263  -94.520  -1.393 0.4000000060
1634  23.700  -94.064  -2.783 0.3000000119
1658  24.131  -94.291  -4.381 0.3000000119
1659  23.759  -94.720  -4.076 0.3000000119
1666  26.993  -94.956  -5.135 0.3000000119
1669  24.574  -94.645  -5.012 0.3000000119
1697  32.383  -94.499  -8.111 0.6000000238
1702  27.654  -93.915  -8.774 0.8000000119
1718  29.713  -95.252  -10.386 0.6999999881
1838  29.825  -93.798  6.034 0.5000000000
1846  28.974  -94.311  4.768 0.5000000000
1848  22.077  -93.731  3.706 0.4000000060
1850  20.172  -93.433  3.846 0.4000000060
1862  21.748  -92.935  3.377 0.4000000060
1870  26.919  -93.296  2.346 0.4000000060
1872  22.015  -92.992  2.411 0.4000000060
1885  22.196  -93.655  2.128 0.4000000060
1887  20.255  -93.022  1.297 0.4000000060
1915  25.452  -93.457  -0.679 0.4000000060
1929  24.878  -93.773  -1.207 0.3000000119
1930  24.121  -93.341  -1.726 0.3000000119
1931  23.805  -93.413  -2.529 0.3000000119
1952  29.200  -93.904  -3.116 0.3000000119
1955  24.034  -93.023  -3.582 0.4000000060
1976  25.965  -94.249  -5.058 0.4000000060
1977  25.284  -94.087  -4.849 0.4000000060
1995  32.821  -93.317  -7.785 0.6000000238
2003  32.850  -92.909  -7.736 0.4000000060
2018  25.590  -93.612  -9.011 0.6000000238
2023  23.990  -93.700  -11.472 0.6000000238
2092  30.244  -91.220  10.364 0.3000000119
2112  30.283  -92.729  8.515 0.4000000060
2139  30.203  -93.208  6.996 0.5000000000
2140  30.046  -93.052  6.684 0.4000000060
2141  29.580  -92.657  6.312 0.4000000060
2151  28.174  -92.020  5.196 0.4000000060
2164  26.798  -92.330  3.344 0.4000000060
2176  21.457  -92.519  2.310 0.4000000060
2177  20.640  -92.014  2.511 0.4000000060
2184  26.542  -92.843  1.640 0.4000000060
2188  18.748  -91.857  1.347 0.4000000060
2200  25.540  -92.225  0.304 0.3000000119
2210  24.644  -92.179  -0.901 0.3000000119
2219  24.239  -92.395  -1.586 0.3000000119
2229  27.993  -92.668  -3.354 0.4000000060
2230  24.393  -91.904  -2.202 0.3000000119
2243  25.158  -92.208  -3.756 0.3000000119
2245  23.862  -92.985  -2.949 0.4000000060
2260  24.692  -92.808  -4.065 0.3000000119
2280  32.846  -92.855  -7.196 0.4000000060
2286  32.859  -92.632  -7.657 0.4000000060
2304  24.584  -92.228  -8.526 0.6000000238
2306  22.887  -91.726  -8.844 0.6000000238
2483  26.603  -91.465  3.480 0.4000000060
2484  19.807  -91.712  2.483 0.4000000060
2485  18.929  -91.487  2.508 0.4000000060
2503  19.943  -91.732  1.957 0.4000000060
2504  19.269  -91.455  2.067 0.4000000060
2505  18.574  -91.176  2.296 0.4000000060
2506  17.485  -91.064  2.153 0.5000000000
2521  26.184  -92.011  1.985 0.3000000119
2525  17.980  -91.523  1.557 0.4000000060
2539  25.634  -90.541  0.892 0.3000000119
2551  25.239  -91.458  -0.081 0.3000000119
2562  24.950  -91.266  -1.655 0.3000000119
2582  26.692  -91.822  -3.234 0.4000000060
2584  24.746  -91.986  -3.024 0.3000000119
2631  32.086  -91.454  -8.796 0.5000000000
2634  26.373  -91.729  -8.830 0.6999999881
2637  23.312  -91.286  -8.611 0.6000000238
2650  27.892  -91.878  -9.611 0.8000000119
2661  30.739  -91.346  -10.572 0.6000000238
2675  26.606  -91.566  -11.719 0.6999999881
2815  29.987  -90.410  8.359 0.3000000119
2855  18.344  -90.727  3.243 0.5000000000
2868  17.732  -90.621  2.723 0.5000000000
2879  18.111  -91.017  2.167 0.5000000000
2892  25.523  -90.015  0.260 0.3000000119
2902  25.018  -91.068  -0.995 0.3000000119
2987  31.388  -90.624  -9.544 0.4000000060
2991  23.051  -90.447  -8.751 0.6000000238
2992  22.542  -90.061  -9.075 0.5000000000
3004  22.260  -90.479  -9.530 0.4000000060
3014  25.133  -90.234  -10.940 0.8000000119
3024  28.947  -91.148  -12.072 0.6000000238
3026  27.645  -91.235  -12.716 0.6000000238
3034  26.682  -90.746  -12.796 0.6000000238
3265  28.208  -89.197  5.878 0.3000000119
3266  27.740  -89.288  5.164 0.3000000119
3351  19.307  -88.796  -1.858 0.6000000238
3352  18.509  -89.082  -1.843 0.5000000000
3359  19.769  -89.093  -2.444 0.6000000238
3361  18.446  -89.785  -2.287 0.6000000238
3380  19.742  -89.230  -4.270 0.6000000238
3390  20.132  -88.726  -4.966 0.6000000238
3414  30.738  -90.207  -10.066 0.4000000060
3415  23.426  -89.867  -9.038 0.6000000238
3436  20.986  -88.653  -10.868 0.5000000000
3451  26.930  -90.146  -13.238 0.5000000000
3688  27.854  -88.377  5.399 0.3000000119
3763  18.819  -88.288  -1.544 0.5000000000
3771  20.017  -88.578  -1.954 0.6000000238
3787  16.523  -88.869  -3.478 0.6000000238
3856  20.972  -87.756  -10.350 0.5000000000
3867  24.571  -88.818  -10.388 0.6999999881
3878  26.085  -88.758  -12.403 0.5000000000
4099  28.636  -87.728  6.480 0.3000000119
4150  26.671  -87.453  2.969 0.3000000119
4166  29.166  -87.471  1.208 0.3000000119
4216  19.099  -87.579  -1.301 0.6000000238
4258  24.695  -86.553  -4.584 0.8999999762
4303  26.087  -87.086  -7.653 0.6000000238
4304  25.254  -87.483  -7.634 0.8000000119
4673  26.995  -86.756  3.009 0.3000000119
4686  27.038  -86.748  2.107 0.3000000119
4753  22.526  -86.235  -2.354 0.6999999881
4756  17.986  -87.027  -2.078 0.6000000238
4766  23.603  -85.777  -3.161 0.8000000119
4768  18.073  -86.643  -2.998 0.5000000000
4774  25.215  -86.096  -4.782 0.6999999881
4787  25.658  -86.092  -5.385 0.6999999881
4814  26.374  -86.276  -7.605 0.6000000238
4828  26.851  -86.636  -8.894 0.6000000238
5146  27.856  -86.017  3.844 0.3000000119
5223  21.121  -85.652  -1.370 0.6000000238
5225  19.485  -85.263  -1.409 0.6000000238
5237  23.164  -85.160  -2.811 0.8000000119
5248  24.371  -85.443  -4.085 0.8000000119
5251  18.108  -86.116  -3.942 0.6000000238
5266  24.922  -85.552  -4.611 0.6999999881
5267  17.911  -85.674  -4.566 0.6000000238
5280  25.736  -85.558  -5.650 0.6999999881
5300  26.117  -85.717  -7.045 0.6000000238
5311  26.771  -86.046  -9.226 0.6000000238
5784  22.117  -84.974  -1.760 0.5000000000
5786  20.709  -84.494  -1.508 0.6000000238
5801  22.495  -84.791  -2.260 0.6999999881
5837  24.457  -84.963  -4.564 0.6999999881
5838  23.676  -84.690  -4.238 0.6999999881
5853  22.730  -84.888  -5.364 0.6999999881
5864  22.229  -84.901  -6.173 0.5000000000
5889  25.820  -85.174  -8.847 0.6000000238
5902  23.693  -84.347  -10.389 0.5000000000
6411  21.166  -84.079  -1.759 0.5000000000
6413  19.707  -83.774  -1.759 0.5000000000
6434  19.431  -83.155  -1.946 0.6000000238
6449  21.643  -83.822  -3.011 0.6000000238
6470  16.971  -84.005  -5.579 0.6000000238
6478  20.156  -84.280  -6.622 0.5000000000
6494  20.062  -84.527  -7.730 0.6000000238
6517  18.919  -84.135  -9.053 0.6000000238
7061  20.786  -82.762  -2.599 0.6999999881
7077  18.037  -82.390  -3.352 0.5000000000
7086  17.509  -82.425  -4.068 0.4000000060
7162  18.295  -83.540  -10.060 0.6000000238
7163  17.771  -83.173  -10.806 0.5000000000
7180  17.904  -83.219  -11.245 0.6000000238
7711  20.363  -81.446  -3.227 0.6000000238
7800  18.883  -83.344  -11.184 0.6000000238
8333  20.161  -80.113  -4.597 0.6000000238
8335  18.540  -80.207  -3.922 0.6999999881
8349  15.835  -80.149  -5.586 0.6000000238
8942  20.095  -79.674  -5.407 0.6999999881
8943  19.443  -79.520  -4.773 0.6999999881
8955  17.910  -79.521  -4.810 0.6999999881
8957  15.533  -79.467  -5.491 0.6000000238
9000  20.460  -80.736  -9.880 0.5000000000
9017  18.169  -79.920  -10.512 0.6999999881
9057  20.153  -80.292  -13.127 0.5000000000
9597  17.377  -78.629  -5.322 0.6000000238
9601  14.547  -77.494  -5.678 0.5000000000
9618  19.249  -78.511  -6.315 0.6000000238
9656  18.293  -79.047  -10.770 0.6999999881
9685  20.974  -80.069  -13.027 0.5000000000
9697  21.707  -79.209  -13.118 0.5000000000
9700  18.984  -79.235  -12.832 0.5000000000
10265  15.941  -77.703  -5.261 0.5000000000
10330  17.923  -77.217  -10.888 0.5000000000
10917  15.188  -76.510  -5.393 0.5000000000
10962  17.058  -76.643  -10.399 0.5000000000
11582  14.954  -75.690  -5.586 0.6000000238
11583  14.064  -75.453  -5.483 0.5000000000
11587  8.878  -76.076  -6.219 0.5000000000
11611  14.643  -74.929  -6.957 0.6000000238
11625  14.265  -75.425  -9.621 0.5000000000
11633  13.678  -74.746  -9.921 0.5000000000
12177  10.394  -74.656  -2.351 0.6000000238
12245  12.486  -74.889  -5.934 0.5000000000
12268  13.403  -74.540  -6.373 0.6000000238
12269  12.806  -74.449  -6.493 0.5000000000
12289  13.965  -74.654  -6.626 0.6000000238
12294  8.897  -75.152  -7.653 0.5000000000
12295  8.595  -74.231  -7.873 0.6000000238
12312  9.965  -73.975  -8.206 0.6000000238
12314  8.564  -73.626  -8.127 0.6000000238
12340  13.221  -74.317  -9.966 0.6000000238
12856  11.003  -73.289  -1.972 0.5000000000
12868  10.983  -73.573  -2.588 0.6000000238
12881  10.836  -73.330  -3.495 0.6000000238
12915  8.576  -74.148  -6.804 0.5000000000
12953  8.432  -72.946  -8.101 0.6000000238
12960  12.185  -73.505  -9.429 0.6999999881
12961  11.351  -73.312  -9.121 0.6999999881
12962  10.422  -73.087  -8.781 0.6000000238
12963  9.491  -72.848  -8.485 0.6000000238
13506  10.822  -72.920  -1.374 0.5000000000
13523  10.842  -72.726  -2.018 0.5000000000
13592  8.337  -73.169  -7.384 0.6000000238
13613  8.841  -72.536  -8.299 0.6999999881
13624  9.294  -72.169  -8.544 0.6999999881
14257  13.163  -70.897  -1.751 0.6000000238
14258  9.059  -71.807  -1.482 0.5000000000
14271  8.967  -71.392  -3.190 0.8000000119
14321  15.527  -70.780  -7.473 0.5000000000
14322  9.031  -70.888  -6.808 0.5000000000
14341  8.973  -71.727  -8.261 0.6999999881
14342  8.981  -71.251  -7.752 0.6999999881
14349  14.723  -71.236  -9.693 0.5000000000
14352  12.854  -71.227  -9.513 0.6000000238
14353  11.226  -71.881  -9.397 0.8000000119
14360  11.846  -72.441  -9.606 0.8000000119
15013  11.022  -69.856  -0.791 0.6000000238
15029  13.440  -70.611  -1.419 0.6000000238
15033  6.737  -70.849  -2.209 0.5000000000
15041  13.656  -70.963  -2.015 0.6999999881
15042  12.936  -70.971  -2.109 0.6999999881
15043  12.005  -70.600  -2.056 0.6999999881
15057  14.869  -70.063  -3.483 0.5000000000
15058  14.071  -70.526  -3.594 0.6000000238
15060  12.105  -70.157  -3.822 0.8000000119
15077  13.680  -70.043  -4.352 0.6999999881
15086  16.901  -70.060  -5.630 0.4000000060
15097  15.938  -69.982  -7.094 0.6000000238
15099  9.061  -70.820  -7.270 0.5000000000
15110  9.781  -70.115  -7.766 0.8000000119
15121  14.250  -70.075  -8.890 0.6000000238
15122  13.254  -70.058  -8.740 0.8000000119
15124  11.039  -70.448  -8.583 0.6999999881
15133  14.439  -70.556  -9.333 0.5000000000
15802  13.329  -69.702  -0.748 0.4000000060
15803  12.594  -69.633  -0.625 0.4000000060
15822  13.835  -70.108  -1.051 0.4000000060
15825  7.707  -69.681  -2.336 0.6999999881
15847  9.776  -69.456  -4.005 0.8000000119
15873  15.934  -69.236  -5.530 0.4000000060
15876  11.339  -69.362  -5.856 0.8000000119
15878  9.293  -68.931  -5.297 0.6999999881
15884  14.274  -69.226  -6.845 0.6999999881
15887  9.696  -69.194  -6.655 0.6999999881
15899  15.450  -69.669  -7.334 0.6000000238
15900  14.750  -69.570  -7.567 0.6000000238
15914  14.157  -69.841  -8.345 0.8000000119
15915  13.428  -69.753  -8.382 0.8000000119
15918  10.450  -70.092  -8.089 0.8000000119
16548  10.483  -68.759  -0.533 0.6999999881
16567  5.603  -68.954  -2.446 0.4000000060
16574  6.011  -68.927  -2.797 0.6000000238
17309  9.331  -67.289  -1.156 0.6000000238
18041  11.682  -67.003  -1.717 0.3000000119
18052  9.363  -66.254  -2.537 0.5000000000
18064  7.637  -66.020  -3.944 0.6999999881
18066  5.903  -66.167  -3.451 0.6999999881
18067  5.528  -65.963  -3.204 0.6000000238
18847  8.280  -65.773  -4.206 0.6000000238
18857  9.781  -65.322  -5.521 0.4000000060
18860  6.740  -65.253  -4.482 0.6999999881
18873  9.414  -65.007  -5.819 0.5000000000
18884  11.021  -65.120  -7.477 0.4000000060
18892  12.559  -65.265  -8.401 0.3000000119
19677  5.863  -64.426  -3.655 0.5000000000
19687  6.799  -64.555  -4.636 0.6000000238
19704  10.651  -64.872  -7.117 0.4000000060
19712  14.093  -65.082  -9.019 0.3000000119
19714  12.328  -64.983  -8.485 0.3000000119
20502  8.743  -62.895  -2.552 0.5000000000
20514  6.236  -63.654  -3.401 0.5000000000
20540  12.076  -63.623  -7.436 0.3000000119
20541  11.042  -64.261  -7.178 0.4000000060
20550  14.487  -64.649  -8.848 0.3000000119
20553  11.759  -64.443  -7.815 0.3000000119
20561  14.236  -64.359  -8.900 0.3000000119
21387  9.463  -62.279  -2.698 0.5000000000
21389  7.683  -62.716  -3.386 0.6000000238
21409  11.446  -62.262  -5.039 0.3000000119
21412  8.391  -62.378  -4.228 0.5000000000
21421  13.704  -62.445  -5.975 0.3000000119
21425  8.798  -62.941  -5.059 0.4000000060
21434  10.870  -63.314  -6.650 0.3000000119
22310  9.578  -61.554  -3.780 0.5000000000
22329  9.504  -61.476  -4.006 0.4000000060
24981  11.289  -58.486  -0.397 0.3000000119
111080  11.423  -65.716  -4.802 0.3000000119
111733  25.163  -84.932  -8.314 0.6000000238
111906  23.341  -95.934  4.067 0.4000000060
112483  29.773  -95.045  6.017 0.5000000000
112732  32.556  -94.067  -3.533 0.4000000060
112914  22.050  -87.308  -3.677 0.6999999881
113000  13.654  -74.193  -10.190 0.6000000238
113369  17.701  -81.397  -11.199 0.6000000238
113458  22.081  -84.692  -4.668 0.6999999881
113467  32.004  -95.333  -2.838 0.3000000119
113490  10.385  -74.401  -7.918 0.6000000238
113651  26.951  -97.378  -8.000 0.3000000119
113989  25.885  -93.117  -8.596 0.6999999881
114748  7.684  -71.567  -1.414 0.4000000060
114839  7.435  -65.574  -4.560 0.6999999881
116102  11.450  -65.387  -7.572 0.3000000119
116199  21.561  -98.775  8.779 0.3000000119
116444  19.485  -89.604  -2.930 0.6000000238
116527  18.512  -94.138  4.289 0.5000000000
117138  21.161  -92.991  1.602 0.4000000060
117139  25.013  -90.531  -10.152 0.8000000119
117343  12.070  -71.700  -9.581 0.6999999881
117606  24.700  -93.446  -9.248 0.6000000238
117618  10.930  -66.829  -1.705 0.6000000238
117778  13.415  -72.560  -10.168 0.6000000238
117906  13.230  -69.222  -6.437 0.6999999881
118697  24.401  -87.367  -5.783 0.8000000119
118730  26.364  -96.647  7.568 0.4000000060
118956  30.370  -96.925  -8.919 0.4000000060
118961  29.669  -95.077  5.462 0.5000000000
118992  20.315  -94.688  1.716 0.4000000060
119141  20.457  -82.106  -2.695 0.6000000238
119184  28.878  -96.254  4.010 0.4000000060
119970  19.674  -84.290  -7.340 0.6000000238
120205  25.557  -91.374  0.659 0.3000000119
120251  31.835  -95.752  -8.268 0.6000000238
120697  9.651  -69.608  -7.299 0.6999999881
120735  27.474  -86.716  3.743 0.3000000119
120885  20.593  -80.931  -4.213 0.6999999881
121254  27.561  -87.957  4.715 0.3000000119
121560  23.597  -97.520  4.439 0.4000000060
122126  19.403  -94.806  1.807 0.4000000060
122148  15.530  -76.728  -9.219 0.6000000238
122244  22.338  -86.855  -8.741 0.8000000119
122359  24.196  -98.426  7.034 0.4000000060
122519  12.084  -67.354  -1.387 0.3000000119
122568  28.364  -92.786  -8.592 0.8000000119
122919  18.393  -92.772  3.907 0.5000000000
123308  25.293  -98.648  3.370 0.4000000060
123724  13.401  -66.959  -1.678 0.3000000119
124215  24.857  -91.740  -8.536 0.6000000238
124455  31.384  -95.627  -2.482 0.3000000119
124750  17.621  -88.321  -2.050 0.6000000238
125069  16.373  -76.384  -10.453 0.5000000000
125246  8.904  -71.710  -2.378 0.6999999881
125308  24.458  -84.829  -5.920 0.6000000238
126263  22.953  -92.581  -10.489 0.4000000060
126267  22.870  -92.440  -11.586 0.6000000238
126676  29.528  -95.439  5.025 0.5000000000
127746  27.376  -95.803  7.495 0.4000000060
127781  14.411  -75.154  -7.648 0.6000000238
127793  26.310  -97.002  -7.400 0.3000000119
128259  25.725  -98.895  2.804 0.4000000060
129264  24.166  -85.864  -3.724 0.8999999762
129323  19.353  -79.944  -13.011 0.5000000000
129711  27.600  -93.134  -3.986 0.5000000000
129859  25.049  -87.090  -5.583 0.8000000119
129922  18.520  -91.035  2.729 0.4000000060
130176  8.896  -73.709  -6.085 0.6000000238
130195  28.998  -90.723  6.920 0.3000000119
130415  9.264  -69.726  -4.177 0.6000000238
131426  6.629  -68.876  -2.515 0.6000000238
131714  14.256  -72.726  -10.357 0.6000000238
131939  9.351  -62.483  -4.898 0.4000000060
132198  31.578  -95.091  -8.982 0.6999999881
132228  28.318  -96.790  4.182 0.4000000060
132560  12.486  -59.944  -1.095 0.3000000119
132574  27.550  -92.034  -3.192 0.4000000060
132650  10.951  -69.302  -0.577 0.6999999881
132683  20.222  -87.555  -1.555 0.6000000238
132979  16.549  -69.485  -4.335 0.3000000119
132985  22.225  -98.567  6.023 0.5000000000
133194  28.694  -93.591  4.892 0.5000000000
133253  16.967  -77.080  -8.041 0.6000000238
133587  13.621  -74.771  -8.400 0.6000000238
134065  30.298  -93.095  8.647 0.4000000060
134262  21.408  -95.809  4.748 0.4000000060
134361  27.895  -91.700  -12.324 0.6000000238
134505  29.163  -94.936  -3.874 0.4000000060
