#!ascii label  , from subject bert vox2ras=TkReg
1832
10222  45.673  -77.892  -2.882 0.2000000030
129554  45.876  -77.304  -2.394 0.2000000030
10891  45.685  -76.998  -3.795 0.2000000030
9556  45.378  -78.416  -2.537 0.2000000030
10234  44.333  -77.298  -3.530 0.1000000015
10874  46.305  -76.676  -2.348 0.3000000119
117308  46.306  -76.779  -3.368 0.2000000030
10233  45.088  -77.646  -3.782 0.1000000015
9557  45.125  -78.939  -3.128 0.2000000030
11523  45.387  -76.259  -4.342 0.1000000015
10892  44.830  -76.730  -3.938 0.1000000015
11524  44.321  -75.975  -4.213 0.1000000015
11551  43.724  -75.424  -4.833 0.1000000015
10893  43.850  -76.386  -3.620 0.1000000015
12230  43.301  -75.044  -6.429 0.1000000015
11525  42.963  -75.994  -3.444 0.1000000015
11552  42.655  -75.408  -4.361 0.1000000015
12255  42.858  -75.018  -7.148 0.2000000030
12231  42.412  -74.944  -6.280 0.1000000015
120303  46.377  -75.093  -5.220 0.1000000015
12252  46.017  -74.289  -6.352 0.1000000015
11522  46.492  -76.329  -4.093 0.2000000030
11550  44.866  -75.530  -4.867 0.1000000015
11549  45.952  -75.724  -4.775 0.1000000015
11569  44.292  -75.242  -5.459 0.1000000015
12254  43.760  -74.847  -7.117 0.1000000015
126614  43.033  -73.489  -9.003 0.2000000030
12275  43.333  -74.601  -7.746 0.2000000030
14332  42.908  -72.891  -10.112 0.1000000015
12276  42.461  -74.626  -7.712 0.2000000030
15128  43.217  -72.576  -10.795 0.2000000030
14344  42.854  -72.595  -10.611 0.1000000015
15139  43.749  -71.856  -11.611 0.1000000015
117266  45.207  -74.673  -6.329 0.1000000015
130177  45.415  -74.221  -6.690 0.1000000015
15112  43.608  -71.529  -10.169 0.2000000030
15920  43.988  -70.108  -10.001 0.2000000030
16621  44.573  -69.259  -10.456 0.2000000030
15928  44.110  -71.482  -11.346 0.2000000030
16635  45.131  -69.324  -11.601 0.1000000015
15936  44.599  -70.089  -11.952 0.2000000030
12253  44.664  -74.537  -6.924 0.1000000015
12920  45.104  -73.728  -7.023 0.1000000015
12921  44.187  -74.314  -7.526 0.1000000015
13594  43.742  -73.286  -7.974 0.2000000030
15101  43.286  -71.346  -8.356 0.2000000030
14324  43.145  -72.675  -9.187 0.3000000119
16634  45.722  -68.299  -11.323 0.3000000119
16647  45.533  -68.804  -11.976 0.2000000030
16648  44.999  -69.411  -12.187 0.2000000030
15929  43.240  -70.257  -11.632 0.2000000030
15890  43.336  -70.989  -8.869 0.3000000119
13595  43.268  -73.097  -8.645 0.2000000030
17348  45.592  -67.558  -10.401 0.3000000119
18098  45.807  -66.717  -10.247 0.3000000119
18909  46.650  -65.639  -10.871 0.3000000119
18111  46.238  -67.273  -11.075 0.3000000119
17367  45.928  -68.020  -11.878 0.2000000030
16649  44.419  -69.391  -12.351 0.2000000030
16650  43.717  -68.998  -12.113 0.2000000030
19725  44.998  -64.438  -9.893 0.4000000060
18099  45.149  -66.973  -9.626 0.3000000119
18899  45.092  -66.143  -9.678 0.3000000119
17350  44.485  -68.230  -9.648 0.2000000030
18110  46.787  -66.511  -11.296 0.3000000119
17381  45.760  -67.649  -12.367 0.2000000030
18121  46.813  -66.495  -11.869 0.2000000030
17382  45.237  -68.038  -12.661 0.2000000030
20563  45.622  -64.129  -10.302 0.3000000119
19724  45.784  -64.960  -10.311 0.3000000119
113138  47.046  -64.312  -11.555 0.2000000030
118627  46.774  -65.429  -12.755 0.2000000030
19750  47.183  -65.161  -12.190 0.2000000030
19763  46.300  -65.140  -13.338 0.1000000015
18136  46.265  -66.771  -12.369 0.2000000030
18138  44.594  -66.842  -12.777 0.2000000030
18137  45.378  -67.113  -12.912 0.2000000030
17368  44.294  -68.467  -12.421 0.2000000030
21464  45.401  -62.727  -10.494 0.3000000119
118784  46.065  -62.939  -10.783 0.3000000119
20575  45.888  -63.482  -10.540 0.3000000119
133739  45.828  -62.004  -11.317 0.2000000030
21462  46.465  -62.873  -11.277 0.3000000119
22380  46.270  -62.340  -11.592 0.2000000030
19738  46.451  -64.430  -10.791 0.3000000119
20586  47.021  -63.498  -11.779 0.1000000015
20598  47.150  -63.503  -12.737 0.1000000015
19775  45.728  -64.665  -13.815 0.1000000015
133343  47.102  -63.488  -13.573 0.1000000015
18937  45.094  -66.103  -13.156 0.1000000015
22372  45.187  -62.031  -10.497 0.3000000119
22381  45.353  -61.473  -11.113 0.2000000030
24257  44.781  -59.828  -12.652 0.2000000030
25103  44.756  -59.194  -13.497 0.1000000015
23345  45.658  -61.205  -12.355 0.1000000015
23355  45.365  -60.602  -13.035 0.1000000015
22388  46.327  -61.819  -13.116 0.1000000015
22387  46.565  -62.357  -12.593 0.1000000015
20607  46.856  -63.677  -14.050 0.1000000015
20608  46.292  -63.874  -14.267 0.1000000015
23337  44.602  -60.695  -10.634 0.2000000030
24268  45.453  -60.063  -13.821 0.1000000015
24276  45.735  -59.588  -14.715 0.1000000015
23354  46.117  -61.209  -13.650 0.1000000015
23367  46.675  -61.094  -14.871 0.1000000015
22416  46.996  -62.520  -14.815 0.1000000015
22403  46.800  -61.864  -14.422 0.1000000015
25122  45.984  -58.964  -15.447 0.1000000015
115778  46.703  -61.690  -15.433 0.1000000015
126701  46.765  -62.531  -15.275 0.1000000015
25114  45.187  -58.857  -14.479 0.1000000015
11570  43.686  -75.163  -5.710 0.1000000015
126944  45.600  -75.273  -5.246 0.1000000015
13615  42.654  -72.952  -9.923 0.1000000015
19561  40.828  -64.457  4.941 0.5000000000
19538  41.172  -64.297  5.926 0.5000000000
19562  39.897  -64.410  4.645 0.5000000000
19563  38.979  -64.277  4.333 0.5000000000
19521  41.511  -64.385  7.258 0.2000000030
19532  41.417  -63.987  7.140 0.2000000030
116999  41.182  -63.901  6.803 0.3000000119
20401  40.578  -63.761  6.600 0.5000000000
19539  40.256  -64.231  5.653 0.5000000000
19540  39.287  -64.213  5.330 0.5000000000
19579  39.580  -64.446  3.648 0.5000000000
19580  38.681  -64.186  3.448 0.5000000000
19600  39.150  -64.549  2.767 0.5000000000
126038  41.004  -65.118  2.105 0.5000000000
19522  40.987  -63.989  7.574 0.3000000119
117434  40.688  -63.555  7.330 0.3000000119
20425  38.276  -63.933  4.874 0.5000000000
118849  38.346  -63.852  4.002 0.5000000000
18000  43.816  -66.010  0.169 0.4000000060
18001  42.820  -65.923  0.260 0.5000000000
18788  42.540  -65.453  0.831 0.5000000000
126039  41.475  -65.275  1.459 0.5000000000
19625  40.279  -65.245  1.971 0.5000000000
18014  44.400  -66.386  -0.222 0.4000000060
18694  41.183  -64.897  7.549 0.3000000119
20368  40.079  -63.032  7.780 0.4000000060
20385  40.059  -63.230  7.157 0.4000000060
20402  39.742  -63.743  6.323 0.5000000000
20403  38.757  -63.840  6.031 0.5000000000
20404  37.796  -63.614  5.697 0.5000000000
20426  37.401  -63.391  4.747 0.5000000000
21310  37.142  -63.067  4.082 0.5000000000
118033  37.739  -63.463  4.061 0.5000000000
20438  37.909  -63.709  3.365 0.5000000000
19626  39.532  -65.031  2.063 0.6000000238
18789  41.175  -65.576  0.837 0.5000000000
18775  40.695  -65.377  1.383 0.5000000000
18777  38.914  -65.147  1.328 0.5000000000
17278  46.167  -66.511  -0.513 0.4000000060
111344  45.316  -66.310  -0.287 0.4000000060
129953  43.075  -66.386  -0.152 0.5000000000
15662  38.853  -69.059  8.752 0.1000000015
17169  38.436  -67.268  8.500 0.1000000015
18683  37.839  -65.791  8.665 0.1000000015
17168  39.219  -66.893  8.153 0.1000000015
17906  38.526  -66.312  8.381 0.1000000015
17905  39.398  -65.827  8.118 0.1000000015
18682  38.705  -65.244  8.378 0.1000000015
19509  38.051  -64.729  8.700 0.1000000015
19523  40.481  -64.211  7.977 0.2000000030
18681  39.685  -64.664  8.246 0.1000000015
19506  40.392  -63.419  7.899 0.3000000119
20386  39.294  -63.232  6.927 0.5000000000
20349  39.944  -63.001  8.117 0.4000000060
21257  39.544  -62.917  7.597 0.4000000060
20387  38.343  -63.354  6.656 0.4000000060
20405  36.838  -63.145  5.498 0.5000000000
131904  36.808  -62.940  4.550 0.5000000000
19601  38.138  -64.233  2.561 0.5000000000
18790  40.351  -65.649  0.805 0.5000000000
18002  41.851  -65.895  0.374 0.5000000000
121564  44.394  -66.954  -0.532 0.4000000060
17277  46.896  -66.938  -0.712 0.5000000000
14859  38.762  -70.299  11.328 0.1000000015
14883  38.901  -70.277  9.658 0.1000000015
15648  38.536  -69.496  9.463 0.1000000015
16418  38.424  -68.185  8.682 0.1000000015
17170  37.866  -67.568  8.900 0.1000000015
17907  37.789  -66.779  8.801 0.1000000015
16405  38.234  -68.761  9.317 0.1000000015
22152  37.001  -61.742  8.556 0.2000000030
19508  39.015  -64.086  8.504 0.1000000015
115517  38.312  -63.630  8.787 0.1000000015
21240  37.959  -62.465  8.667 0.2000000030
19507  39.905  -63.580  8.265 0.2000000030
20350  39.186  -63.080  8.366 0.1000000015
21260  37.473  -62.367  7.675 0.2000000030
22163  37.124  -61.890  8.048 0.2000000030
22164  36.372  -61.450  7.998 0.2000000030
21238  39.514  -62.832  8.003 0.2000000030
21281  38.836  -62.918  7.443 0.3000000119
21282  37.882  -62.942  7.203 0.3000000119
21283  36.810  -62.803  6.726 0.4000000060
19627  38.053  -64.696  1.645 0.5000000000
18793  37.745  -65.378  0.413 0.5000000000
19631  38.100  -65.154  1.011 0.5000000000
19632  37.269  -64.735  1.015 0.5000000000
18005  39.067  -66.108  0.185 0.5000000000
18792  38.595  -65.555  0.599 0.5000000000
20439  37.220  -63.187  3.443 0.5000000000
18003  40.885  -66.073  0.321 0.5000000000
18004  39.972  -66.164  0.312 0.5000000000
18791  39.478  -65.601  0.740 0.5000000000
18015  43.648  -66.670  -0.372 0.5000000000
18016  42.324  -66.430  -0.152 0.5000000000
18776  39.873  -65.334  1.335 0.5000000000
113238  38.741  -64.737  2.068 0.6000000238
129900  45.931  -67.307  -0.654 0.4000000060
15629  38.591  -69.663  11.642 0.1000000015
15633  38.339  -69.723  10.600 0.1000000015
120465  37.839  -68.778  10.841 0.1000000015
17149  37.117  -67.236  11.474 0.1000000015
16395  38.121  -69.078  10.028 0.1000000015
134766  37.858  -68.565  9.956 0.1000000015
16406  37.801  -68.093  9.375 0.1000000015
119365  37.200  -66.293  9.280 0.1000000015
18668  37.216  -65.302  9.103 0.1000000015
20338  36.946  -63.160  9.536 0.1000000015
21221  37.604  -62.560  9.115 0.2000000030
22142  37.439  -61.991  8.939 0.2000000030
20351  38.281  -62.862  8.730 0.1000000015
22183  36.596  -62.085  7.454 0.3000000119
112075  35.653  -61.113  7.543 0.2000000030
22184  35.802  -61.728  7.113 0.2000000030
21299  36.013  -62.600  5.834 0.4000000060
22203  35.539  -61.930  6.181 0.3000000119
22212  35.630  -62.017  5.178 0.4000000060
19634  35.893  -64.030  0.151 0.5000000000
120336  36.187  -63.784  0.749 0.5000000000
19629  36.622  -63.979  1.278 0.5000000000
21311  36.250  -62.551  4.829 0.5000000000
21369  35.778  -62.576  -0.017 0.5000000000
22258  35.966  -61.787  0.403 0.5000000000
21364  36.018  -62.537  0.815 0.5000000000
20469  36.245  -63.208  1.283 0.5000000000
21326  36.580  -62.542  3.774 0.5000000000
122681  36.014  -61.084  0.895 0.5000000000
118646  36.109  -61.827  1.217 0.5000000000
19628  37.295  -64.115  1.879 0.5000000000
20448  37.312  -63.584  2.679 0.5000000000
20468  36.721  -63.433  1.998 0.5000000000
16534  48.647  -68.164  -1.271 0.4000000060
112647  47.636  -67.753  -0.957 0.4000000060
17869  36.768  -66.338  12.665 0.1000000015
17879  36.946  -66.799  11.955 0.1000000015
18650  36.043  -65.435  11.151 0.1000000015
16396  37.517  -68.018  10.297 0.1000000015
17151  37.107  -67.333  10.656 0.1000000015
17886  36.443  -66.052  10.637 0.1000000015
18659  36.237  -65.411  10.257 0.1000000015
19487  35.993  -64.751  10.346 0.1000000015
19493  36.605  -64.805  9.624 0.1000000015
117334  36.351  -63.991  9.866 0.1000000015
21222  36.071  -61.646  9.586 0.2000000030
22144  36.145  -61.117  9.174 0.2000000030
130160  35.961  -60.769  8.861 0.2000000030
22153  36.318  -61.254  8.678 0.2000000030
26559  39.546  -56.628  2.415 0.2000000030
23142  35.277  -61.059  6.640 0.2000000030
26572  38.785  -56.575  1.758 0.2000000030
25733  37.411  -56.857  1.898 0.2000000030
25734  36.718  -57.298  2.336 0.2000000030
25747  38.845  -56.896  1.178 0.2000000030
25769  37.427  -57.417  0.886 0.2000000030
25749  36.877  -57.501  1.591 0.2000000030
24930  36.399  -58.185  2.083 0.2000000030
24931  36.128  -58.555  2.817 0.3000000119
24072  36.058  -59.126  2.426 0.2000000030
24061  35.636  -59.856  3.593 0.4000000060
24964  37.034  -57.948  0.018 0.2000000030
24944  36.607  -58.146  0.971 0.3000000119
24089  36.208  -59.010  1.572 0.4000000060
24073  35.838  -59.901  2.822 0.4000000060
23190  35.696  -60.639  3.262 0.5000000000
121832  35.493  -61.273  4.595 0.4000000060
22222  35.917  -61.966  4.258 0.5000000000
23234  36.269  -60.150  -0.260 0.5000000000
120347  36.328  -59.505  0.305 0.4000000060
23227  36.104  -59.698  1.105 0.4000000060
127546  35.977  -60.459  1.374 0.4000000060
133789  35.935  -60.579  1.892 0.5000000000
23200  35.864  -60.741  2.433 0.5000000000
22232  35.862  -61.406  3.004 0.5000000000
23228  36.088  -60.311  0.580 0.5000000000
22248  36.203  -61.972  1.960 0.5000000000
21352  36.428  -62.718  2.059 0.5000000000
20440  36.784  -62.907  2.780 0.5000000000
22231  36.279  -62.159  2.791 0.5000000000
18622  36.180  -65.804  13.183 0.1000000015
18639  36.125  -65.662  12.209 0.1000000015
19470  34.878  -64.168  12.722 0.1000000015
18651  35.704  -65.074  11.845 0.1000000015
19469  35.308  -64.447  11.956 0.1000000015
19477  35.661  -64.619  11.160 0.1000000015
124500  35.388  -63.834  11.239 0.1000000015
20331  35.775  -63.990  10.477 0.1000000015
122066  35.583  -63.286  10.611 0.1000000015
20330  36.119  -63.203  9.996 0.1000000015
130306  35.749  -61.078  9.660 0.2000000030
112948  35.777  -60.752  8.279 0.2000000030
26544  38.951  -56.059  2.859 0.1000000015
131794  38.616  -56.303  2.309 0.2000000030
26560  38.081  -56.453  1.958 0.2000000030
26561  36.996  -56.662  2.608 0.2000000030
23162  34.949  -60.565  5.883 0.2000000030
26543  39.892  -56.392  3.198 0.1000000015
26545  37.791  -56.163  2.684 0.1000000015
25721  36.445  -57.033  3.042 0.1000000015
25735  36.271  -57.845  2.883 0.1000000015
119553  35.871  -59.155  3.192 0.2000000030
111345  35.277  -61.226  5.546 0.3000000119
24918  35.860  -58.374  3.410 0.1000000015
134647  36.007  -61.503  2.379 0.5000000000
22223  35.701  -61.322  3.761 0.5000000000
125171  36.022  -61.910  3.501 0.5000000000
18623  35.588  -65.358  13.769 0.1000000015
19446  34.524  -63.662  13.365 0.1000000015
20286  34.330  -62.886  13.209 0.1000000015
20310  34.544  -63.338  12.616 0.1000000015
21178  34.371  -62.479  12.511 0.1000000015
20309  34.921  -63.664  11.956 0.1000000015
21206  35.040  -61.995  10.978 0.1000000015
22114  34.559  -61.560  11.558 0.1000000015
22127  35.462  -61.475  10.250 0.2000000030
23087  35.706  -60.618  9.319 0.2000000030
23106  35.650  -60.218  8.836 0.2000000030
23977  35.368  -59.909  8.211 0.2000000030
23126  35.310  -60.434  7.468 0.2000000030
23143  34.877  -60.156  6.620 0.2000000030
27367  39.320  -55.774  3.526 0.1000000015
27368  38.344  -55.635  3.371 0.1000000015
26546  36.863  -56.315  3.219 0.1000000015
25722  35.889  -57.501  3.526 0.1000000015
24030  34.740  -59.809  5.730 0.1000000015
24908  35.390  -58.038  4.081 0.1000000015
24052  35.436  -59.056  4.000 0.1000000015
127771  35.337  -59.871  4.259 0.2000000030
24029  35.108  -60.409  4.951 0.2000000030
20276  34.344  -62.962  14.423 0.1000000015
130878  34.340  -63.144  13.796 0.1000000015
22076  34.404  -61.246  14.624 0.1000000015
133803  34.242  -62.213  13.153 0.1000000015
23031  34.234  -60.343  13.440 0.1000000015
23032  34.045  -61.007  13.069 0.1000000015
22100  34.231  -61.071  12.219 0.1000000015
111675  34.361  -61.832  12.156 0.1000000015
132837  34.475  -60.895  11.460 0.1000000015
23951  34.688  -59.690  10.217 0.1000000015
117302  34.559  -59.008  9.866 0.1000000015
121688  34.860  -59.389  9.496 0.1000000015
23107  35.217  -59.545  8.882 0.2000000030
23127  34.958  -59.600  7.423 0.2000000030
23996  34.695  -58.732  7.403 0.2000000030
24012  34.667  -59.249  6.567 0.1000000015
120376  39.909  -54.851  4.360 0.1000000015
27354  38.766  -55.218  3.940 0.1000000015
27355  37.883  -55.213  3.995 0.1000000015
112296  36.614  -55.901  3.844 0.1000000015
120278  34.656  -58.881  5.657 0.2000000030
27356  37.009  -55.380  4.269 0.1000000015
134208  36.474  -55.648  4.249 0.1000000015
26547  36.052  -56.576  3.721 0.1000000015
24053  34.912  -59.451  4.854 0.2000000030
23901  34.814  -59.776  14.490 0.1000000015
23912  34.367  -59.406  13.146 0.1000000015
23055  34.324  -60.272  11.770 0.1000000015
24847  34.374  -58.880  10.622 0.1000000015
119924  34.734  -58.760  9.153 0.1000000015
25675  34.660  -57.699  8.354 0.1000000015
24867  34.702  -58.326  8.601 0.1000000015
127755  34.689  -58.343  8.034 0.2000000030
130197  34.886  -59.058  8.241 0.2000000030
125229  34.620  -57.858  7.538 0.1000000015
28178  38.045  -54.120  5.056 0.1000000015
28196  36.788  -54.952  5.007 0.1000000015
28180  36.632  -54.640  5.670 0.1000000015
27337  36.069  -55.246  5.569 0.1000000015
26508  34.997  -56.615  6.331 0.1000000015
25689  34.698  -57.417  6.207 0.1000000015
24881  34.585  -58.189  6.563 0.1000000015
28193  39.173  -54.739  4.360 0.1000000015
28194  38.353  -54.685  4.446 0.1000000015
28195  37.550  -54.768  4.653 0.1000000015
27338  35.567  -55.952  4.974 0.1000000015
25694  35.258  -56.774  4.897 0.1000000015
24891  34.726  -57.965  5.588 0.1000000015
120432  36.278  -55.475  4.695 0.1000000015
26529  35.985  -55.928  4.249 0.1000000015
26530  35.626  -56.454  4.382 0.1000000015
25710  35.084  -57.606  4.836 0.1000000015
121500  34.634  -58.587  13.301 0.1000000015
131423  34.361  -58.064  11.718 0.1000000015
117876  34.324  -58.034  10.929 0.1000000015
131023  34.503  -57.395  10.284 0.1000000015
25666  34.614  -57.751  9.246 0.1000000015
29012  36.752  -53.738  7.489 0.1000000015
28165  35.745  -54.800  7.634 0.1000000015
27324  35.402  -55.461  7.996 0.1000000015
26497  34.709  -56.914  8.820 0.1000000015
115069  38.588  -52.934  6.070 0.1000000015
29020  38.044  -52.959  6.800 0.1000000015
29022  36.602  -54.010  6.763 0.1000000015
28164  36.185  -54.351  7.195 0.1000000015
26503  35.065  -56.270  7.354 0.1000000015
29030  38.634  -53.469  5.382 0.1000000015
29031  37.726  -53.497  5.860 0.1000000015
28171  36.878  -54.037  6.089 0.1000000015
28173  35.772  -54.858  6.944 0.1000000015
26507  35.332  -55.927  6.657 0.1000000015
25684  34.667  -57.215  6.982 0.1000000015
26470  34.606  -56.938  11.013 0.1000000015
27294  35.415  -55.681  10.482 0.1000000015
26483  34.991  -56.072  9.468 0.1000000015
27308  35.501  -55.283  9.715 0.1000000015
29011  37.567  -53.213  7.655 0.1000000015
115414  36.392  -54.203  8.903 0.1000000015
27319  35.400  -55.376  8.908 0.1000000015
26496  34.995  -56.168  8.399 0.1000000015
29940  38.937  -52.643  6.814 0.1000000015
28154  36.263  -54.195  8.039 0.1000000015
130305  39.037  -67.728  8.273 0.1000000015
20388  37.482  -63.290  6.382 0.4000000060
17160  37.345  -67.282  9.568 0.1000000015
21259  37.737  -62.266  8.337 0.3000000119
21239  38.613  -62.722  8.224 0.2000000030
21258  38.349  -62.598  7.856 0.2000000030
19633  36.478  -64.400  0.544 0.5000000000
125478  38.278  -69.186  11.506 0.1000000015
16393  37.490  -67.922  11.423 0.1000000015
17885  36.777  -66.720  11.071 0.1000000015
17896  36.629  -65.798  9.770 0.1000000015
17895  36.788  -66.631  10.107 0.1000000015
122115  36.971  -63.901  9.425 0.1000000015
128724  37.440  -64.269  9.098 0.1000000015
19492  37.661  -63.305  9.172 0.1000000015
21204  36.719  -62.281  9.491 0.1000000015
22143  36.720  -61.574  9.078 0.2000000030
21284  36.014  -62.323  6.681 0.3000000119
20473  35.913  -63.279  0.452 0.5000000000
20476  35.740  -63.433  -0.363 0.5000000000
23235  36.028  -60.974  0.023 0.5000000000
17880  36.507  -66.174  11.620 0.1000000015
25732  40.302  -57.265  2.356 0.2000000030
25748  38.098  -56.849  1.362 0.2000000030
23177  35.494  -60.559  4.052 0.4000000060
24110  36.607  -58.663  0.146 0.5000000000
131354  36.338  -58.983  0.811 0.4000000060
25788  37.827  -57.583  -0.107 0.2000000030
23215  35.926  -59.929  1.957 0.5000000000
24123  36.609  -59.282  -0.545 0.5000000000
22249  36.030  -61.161  1.745 0.5000000000
19445  34.918  -64.516  13.686 0.1000000015
129455  35.469  -65.061  12.761 0.1000000015
21195  34.607  -62.321  11.719 0.1000000015
21194  35.077  -62.951  11.226 0.1000000015
21205  35.680  -62.410  10.249 0.1000000015
23071  35.216  -60.607  10.092 0.2000000030
19428  34.476  -63.737  14.165 0.1000000015
20321  34.585  -62.999  11.959 0.1000000015
21179  34.197  -61.700  12.776 0.1000000015
22128  34.832  -61.173  10.848 0.1000000015
23088  35.290  -59.985  9.465 0.2000000030
27366  40.202  -56.095  3.928 0.1000000015
27369  37.413  -55.743  3.546 0.1000000015
25709  35.504  -57.156  4.205 0.1000000015
21160  34.259  -62.386  13.802 0.1000000015
118409  34.414  -62.674  15.049 0.1000000015
21148  34.309  -62.143  14.566 0.1000000015
23008  34.789  -60.451  14.954 0.1000000015
23017  34.420  -60.434  14.205 0.1000000015
22087  34.156  -61.066  13.781 0.1000000015
22088  34.171  -61.666  13.428 0.1000000015
127474  34.469  -59.786  13.873 0.1000000015
23042  34.191  -60.254  12.649 0.1000000015
111054  34.580  -60.377  10.905 0.1000000015
23939  34.367  -59.568  11.194 0.1000000015
24858  34.460  -58.307  9.989 0.1000000015
27353  39.662  -55.377  4.090 0.1000000015
24909  34.938  -58.513  4.796 0.1000000015
24792  34.773  -59.054  13.998 0.1000000015
24821  34.425  -58.513  12.452 0.1000000015
114758  34.288  -59.451  12.141 0.1000000015
24834  34.317  -58.742  11.523 0.1000000015
125158  34.728  -57.016  7.905 0.1000000015
28179  37.267  -54.339  5.376 0.1000000015
29046  38.872  -54.082  4.787 0.1000000015
27330  35.683  -55.320  6.432 0.1000000015
28172  36.237  -54.634  6.374 0.1000000015
112998  35.433  -55.904  5.923 0.1000000015
26513  35.200  -56.467  5.540 0.1000000015
25633  34.810  -57.886  13.028 0.1000000015
25644  34.615  -57.640  12.207 0.1000000015
26455  34.911  -56.871  11.821 0.1000000015
25653  34.496  -57.480  11.439 0.1000000015
131619  34.446  -57.447  10.919 0.1000000015
124245  34.669  -56.904  9.620 0.1000000015
29021  37.198  -53.490  6.754 0.1000000015
116269  35.481  -55.439  7.172 0.1000000015
28155  35.789  -54.744  8.481 0.1000000015
26454  35.108  -56.324  11.134 0.1000000015
26469  34.833  -56.520  10.338 0.1000000015
28141  35.893  -54.722  9.355 0.1000000015
111739  36.594  -54.329  9.699 0.1000000015
29010  38.619  -52.821  7.754 0.1000000015
131349  37.043  -53.622  8.481 0.1000000015
17923  44.476  -67.020  6.343 0.1000000015
18703  44.022  -65.937  6.154 0.1000000015
18704  42.859  -65.354  6.435 0.1000000015
19531  42.505  -64.779  6.124 0.1000000015
17914  42.629  -66.118  6.812 0.1000000015
18693  41.987  -65.148  7.047 0.1000000015
18702  44.381  -65.687  5.644 0.2000000030
18711  45.064  -65.861  5.147 0.2000000030
18712  43.512  -65.159  5.840 0.1000000015
115049  41.709  -64.347  6.537 0.1000000015
17933  45.741  -66.638  4.914 0.2000000030
19535  44.161  -65.069  5.285 0.2000000030
19536  43.146  -64.646  5.369 0.2000000030
19537  42.154  -64.528  5.742 0.3000000119
19558  43.922  -64.658  4.726 0.2000000030
19556  45.483  -64.980  4.121 0.2000000030
128145  42.522  -64.436  5.068 0.2000000030
114053  44.561  -64.582  4.133 0.2000000030
17979  46.343  -66.243  2.737 0.1000000015
18730  45.766  -65.816  4.637 0.2000000030
19557  44.831  -65.134  4.669 0.2000000030
19560  41.758  -64.443  5.081 0.3000000119
17964  46.360  -65.913  3.398 0.1000000015
18729  46.175  -65.712  4.049 0.1000000015
19559  43.110  -64.419  4.600 0.2000000030
112920  42.295  -64.433  4.379 0.2000000030
114461  41.403  -64.479  4.231 0.4000000060
132485  46.486  -65.246  3.406 0.2000000030
125983  43.731  -64.497  4.163 0.2000000030
19573  46.013  -64.788  3.493 0.2000000030
112700  47.144  -65.734  2.261 0.1000000015
17989  48.052  -64.996  1.741 0.2000000030
17978  46.875  -65.593  2.805 0.1000000015
17977  47.246  -65.021  2.274 0.1000000015
19576  42.972  -64.452  3.680 0.2000000030
19577  41.931  -64.528  3.548 0.4000000060
17963  46.893  -65.141  2.931 0.1000000015
19597  42.387  -64.641  2.802 0.4000000060
19578  40.525  -64.482  3.942 0.4000000060
19594  45.961  -64.336  2.835 0.3000000119
19574  45.164  -64.386  3.406 0.3000000119
19572  46.551  -64.621  2.916 0.2000000030
19593  46.504  -64.312  2.390 0.4000000060
19575  44.035  -64.485  3.494 0.3000000119
19621  44.794  -64.428  2.062 0.4000000060
126082  45.289  -64.301  2.634 0.3000000119
25719  42.217  -57.689  3.534 0.1000000015
26558  40.473  -57.071  2.946 0.1000000015
130112  41.125  -64.561  3.444 0.4000000060
19598  41.443  -64.727  2.791 0.5000000000
19622  43.737  -64.562  2.026 0.4000000060
19595  44.398  -64.398  2.708 0.3000000119
19596  43.368  -64.543  2.759 0.4000000060
19623  42.775  -64.689  2.038 0.4000000060
25720  41.244  -57.470  3.316 0.1000000015
128184  41.709  -57.944  2.975 0.1000000015
19599  40.330  -64.713  2.824 0.4000000060
25731  41.022  -57.683  2.694 0.1000000015
25746  39.691  -57.102  1.625 0.1000000015
24963  41.241  -58.163  1.411 0.1000000015
25745  40.721  -57.707  1.963 0.1000000015
25767  39.318  -57.202  0.641 0.1000000015
17189  44.669  -68.010  6.650 0.1000000015
114217  43.495  -66.286  6.506 0.1000000015
18705  41.910  -64.601  6.803 0.1000000015
17924  43.538  -67.195  6.828 0.1000000015
111205  42.362  -66.923  7.168 0.1000000015
17915  41.742  -65.932  7.227 0.1000000015
17188  45.388  -67.913  6.037 0.1000000015
112214  43.125  -68.001  7.332 0.1000000015
131734  33.179  -71.950  2.189 0.1000000015
12815  33.371  -73.106  1.724 0.1000000015
12811  36.395  -73.626  1.162 0.1000000015
13459  32.877  -72.456  2.140 0.1000000015
13472  36.916  -72.931  1.005 0.1000000015
14177  32.194  -71.488  3.172 0.1000000015
14178  31.486  -71.882  3.523 0.1000000015
13438  30.563  -72.601  4.627 0.1000000015
12801  31.692  -73.218  2.781 0.1000000015
6796  28.541  -83.119  18.691 0.1000000015
12041  26.867  -74.123  10.885 0.1000000015
13405  27.736  -72.868  8.897 0.1000000015
14209  35.088  -71.467  1.719 0.1000000015
13404  28.306  -72.450  8.537 0.1000000015
13474  34.671  -72.180  1.588 0.1000000015
124888  29.816  -71.866  7.000 0.1000000015
117074  36.568  -71.974  1.227 0.1000000015
13426  30.109  -72.706  6.399 0.1000000015
12830  37.820  -73.120  0.752 0.1000000015
6145  28.931  -84.947  18.290 0.1000000015
6810  28.718  -82.579  17.873 0.1000000015
7463  28.349  -81.491  17.712 0.1000000015
5022  29.707  -86.108  17.830 0.1000000015
5552  29.255  -85.646  18.039 0.1000000015
6795  28.851  -83.780  18.084 0.1000000015
123150  29.175  -83.169  17.221 0.1000000015
8100  28.758  -80.404  16.321 0.1000000015
10078  27.766  -77.210  13.953 0.1000000015
12022  27.808  -74.801  12.320 0.1000000015
14210  34.275  -71.484  1.898 0.1000000015
14957  32.803  -70.992  2.889 0.1000000015
14168  30.969  -71.347  4.140 0.1000000015
14208  35.932  -71.319  1.617 0.1000000015
13493  38.450  -72.380  0.665 0.1000000015
12829  38.754  -73.267  0.612 0.1000000015
7462  28.961  -82.136  17.151 0.1000000015
7482  28.949  -81.262  16.774 0.1000000015
5036  29.915  -86.206  17.115 0.1000000015
5569  29.530  -85.644  17.153 0.1000000015
6162  29.139  -84.621  17.344 0.1000000015
112260  29.496  -81.098  15.926 0.1000000015
8743  29.913  -79.803  15.373 0.1000000015
9383  28.908  -78.581  15.062 0.1000000015
9401  28.246  -78.087  14.904 0.1000000015
10058  29.277  -77.599  14.389 0.1000000015
10059  28.417  -77.594  14.430 0.1000000015
129926  28.825  -75.704  13.193 0.1000000015
11367  28.378  -75.281  12.782 0.1000000015
12032  28.075  -74.047  11.999 0.1000000015
13381  27.855  -72.770  10.629 0.1000000015
131194  29.951  -70.696  7.372 0.1000000015
14979  34.736  -70.989  2.021 0.1000000015
14946  32.858  -70.301  3.466 0.1000000015
129001  32.308  -70.811  3.413 0.1000000015
111045  30.348  -70.932  5.840 0.1000000015
14924  30.127  -71.111  6.580 0.1000000015
14206  37.361  -71.357  1.150 0.1000000015
13494  37.532  -72.213  0.889 0.1000000015
8117  30.118  -80.695  15.458 0.1000000015
5035  30.385  -86.275  16.672 0.1000000015
6184  29.588  -84.759  16.436 0.1000000015
117390  29.539  -83.745  16.628 0.1000000015
7496  30.235  -81.715  15.537 0.1000000015
9399  30.201  -78.664  14.775 0.1000000015
119898  30.129  -77.350  14.247 0.1000000015
12006  30.115  -75.011  13.211 0.1000000015
5568  29.979  -85.710  16.330 0.1000000015
5585  30.377  -85.202  15.578 0.1000000015
6183  29.991  -84.740  15.848 0.1000000015
6198  29.944  -83.784  15.976 0.1000000015
6844  30.364  -82.885  15.565 0.1000000015
10076  29.465  -76.812  13.894 0.1000000015
11358  29.641  -75.908  13.425 0.1000000015
12021  28.661  -74.550  12.476 0.1000000015
123968  29.038  -72.454  11.452 0.1000000015
13372  28.342  -72.887  11.311 0.1000000015
14100  29.792  -71.262  11.200 0.1000000015
13371  28.523  -72.275  10.853 0.1000000015
14886  29.590  -70.597  9.382 0.1000000015
14117  29.118  -71.168  9.854 0.1000000015
15707  30.900  -69.779  6.456 0.1000000015
14898  30.193  -69.971  8.060 0.1000000015
124865  29.025  -71.303  8.842 0.1000000015
14945  33.694  -69.942  3.336 0.1000000015
14935  32.020  -70.334  3.874 0.1000000015
14930  30.734  -70.198  5.702 0.1000000015
14977  36.271  -70.476  1.864 0.1000000015
14976  37.302  -70.481  1.530 0.1000000015
14223  39.090  -71.646  0.667 0.1000000015
14224  38.178  -71.542  0.861 0.1000000015
14989  40.690  -71.237  0.755 0.1000000015
14991  38.752  -70.873  1.040 0.1000000015
8140  31.430  -80.651  14.937 0.1000000015
8141  30.704  -80.263  15.160 0.1000000015
5047  30.563  -86.233  15.927 0.1000000015
5584  31.028  -85.659  15.229 0.1000000015
116894  31.049  -84.390  15.144 0.1000000015
6843  30.979  -82.132  15.203 0.1000000015
7515  30.871  -81.154  15.169 0.1000000015
112571  30.970  -78.919  14.778 0.1000000015
10057  30.769  -78.036  14.482 0.1000000015
11357  30.699  -75.733  13.476 0.1000000015
6197  30.407  -84.052  15.493 0.1000000015
12005  31.094  -74.871  13.265 0.1000000015
12019  30.475  -74.387  12.956 0.1000000015
12020  29.637  -74.303  12.626 0.1000000015
12708  30.375  -73.726  12.651 0.1000000015
130716  29.539  -72.768  11.925 0.1000000015
14091  30.514  -71.944  12.302 0.1000000015
13370  29.767  -71.999  11.821 0.1000000015
15652  30.793  -69.635  9.328 0.1000000015
14872  30.236  -70.050  9.839 0.1000000015
14944  34.473  -69.700  3.351 0.1000000015
15741  33.999  -69.521  3.893 0.1000000015
15742  33.214  -69.704  3.945 0.1000000015
15720  32.448  -69.579  5.496 0.1000000015
15682  31.155  -69.511  7.161 0.1000000015
15666  30.834  -69.519  7.901 0.1000000015
15740  35.279  -69.387  3.495 0.1000000015
15721  31.442  -69.723  5.718 0.1000000015
14954  35.571  -70.157  2.331 0.1000000015
15752  36.506  -69.397  2.704 0.1000000015
15770  36.874  -69.807  2.076 0.1000000015
14205  37.962  -70.879  1.158 0.1000000015
14204  41.247  -70.891  0.936 0.1000000015
5059  32.195  -86.923  14.752 0.1000000015
5046  31.156  -86.792  15.522 0.1000000015
112011  30.972  -86.714  16.104 0.1000000015
5602  31.838  -84.790  14.593 0.1000000015
6216  31.741  -83.507  14.825 0.1000000015
8762  31.278  -79.735  14.880 0.1000000015
5060  31.676  -86.263  14.898 0.1000000015
115835  31.023  -83.217  15.183 0.1000000015
7514  31.580  -81.515  14.886 0.1000000015
129834  31.938  -80.161  14.814 0.1000000015
133169  31.499  -79.126  14.704 0.1000000015
10056  31.525  -77.665  14.250 0.1000000015
10730  31.309  -76.413  13.685 0.1000000015
9398  31.714  -78.466  14.467 0.1000000015
10729  32.225  -76.368  13.522 0.1000000015
112701  31.604  -74.392  13.238 0.1000000015
12696  31.057  -74.073  13.029 0.1000000015
13359  31.188  -72.329  12.740 0.1000000015
13345  31.792  -72.991  13.193 0.1000000015
14090  31.071  -71.448  12.395 0.1000000015
14864  31.935  -70.351  11.880 0.1000000015
14871  31.287  -70.028  11.139 0.1000000015
15665  31.407  -69.378  8.663 0.1000000015
15638  31.031  -69.694  10.207 0.1000000015
15733  33.667  -69.493  4.593 0.1000000015
15681  31.957  -69.426  7.113 0.1000000015
127688  34.661  -69.373  3.889 0.1000000015
15732  34.447  -69.337  4.484 0.1000000015
15739  36.103  -69.153  3.370 0.1000000015
15769  37.762  -69.719  1.944 0.1000000015
14975  38.272  -70.265  1.465 0.1000000015
14974  39.207  -70.158  1.438 0.1000000015
14990  39.823  -70.862  0.944 0.1000000015
8138  33.143  -80.714  14.580 0.1000000015
112564  33.660  -79.945  14.419 0.1000000015
114390  33.079  -86.732  14.569 0.1000000015
111688  32.633  -85.648  14.473 0.1000000015
5601  32.797  -84.491  14.434 0.1000000015
6215  32.561  -83.661  14.569 0.1000000015
6861  32.380  -82.701  14.697 0.1000000015
130473  32.761  -81.367  14.642 0.1000000015
8760  33.178  -79.229  14.331 0.1000000015
9396  33.612  -78.472  14.043 0.1000000015
7513  32.207  -81.819  14.642 0.1000000015
8139  32.213  -80.929  14.689 0.1000000015
9408  33.165  -77.776  13.826 0.1000000015
10728  33.102  -76.377  13.489 0.1000000015
129829  32.689  -74.169  13.608 0.1000000015
10055  32.312  -77.726  14.071 0.1000000015
13344  32.607  -72.768  13.526 0.1000000015
14852  31.742  -70.996  12.419 0.1000000015
15631  32.307  -69.809  11.237 0.1000000015
15637  31.943  -69.464  10.494 0.1000000015
15663  33.340  -69.505  8.315 0.1000000015
117554  32.205  -69.218  9.070 0.1000000015
15703  33.985  -69.772  5.982 0.1000000015
15704  33.079  -69.627  6.239 0.1000000015
134716  32.610  -69.593  6.832 0.1000000015
15717  35.028  -69.247  5.045 0.1000000015
16492  35.781  -68.982  3.997 0.1000000015
121131  37.309  -69.247  2.589 0.1000000015
118275  35.044  -82.383  14.468 0.1000000015
5600  33.612  -84.762  14.375 0.1000000015
6859  34.202  -83.072  14.546 0.1000000015
7511  34.488  -81.429  14.547 0.1000000015
7512  33.549  -81.377  14.625 0.1000000015
8759  34.102  -79.168  14.253 0.1000000015
129271  33.637  -85.704  14.419 0.1000000015
6214  33.475  -83.781  14.488 0.1000000015
118274  33.908  -82.174  14.629 0.1000000015
10054  33.928  -77.816  13.792 0.1000000015
10727  33.788  -76.591  13.688 0.1000000015
12693  33.253  -73.593  13.902 0.1000000015
14077  32.864  -71.895  13.341 0.1000000015
14851  32.546  -70.733  12.387 0.1000000015
15630  33.060  -69.806  11.250 0.1000000015
15636  32.859  -69.539  10.647 0.1000000015
15649  33.675  -69.531  9.259 0.1000000015
15702  34.883  -69.827  5.832 0.1000000015
15680  33.215  -69.775  6.960 0.1000000015
16476  36.848  -68.596  4.614 0.1000000015
16490  37.258  -68.508  3.996 0.1000000015
127442  35.092  -83.363  14.452 0.1000000015
112591  34.700  -79.941  14.401 0.1000000015
6213  34.473  -84.036  14.432 0.1000000015
131130  34.894  -80.747  14.481 0.1000000015
111358  34.581  -77.839  14.005 0.1000000015
118894  34.833  -77.191  14.177 0.1000000015
10726  34.494  -76.261  14.171 0.1000000015
11349  34.073  -75.268  14.110 0.1000000015
12692  34.217  -73.004  14.164 0.1000000015
13343  33.497  -72.480  13.761 0.1000000015
14087  33.998  -70.961  12.702 0.1000000015
14088  33.142  -71.183  12.837 0.1000000015
14870  34.435  -70.167  10.629 0.1000000015
14862  33.582  -70.126  11.602 0.1000000015
14897  34.205  -69.995  8.376 0.1000000015
15634  34.150  -69.898  10.027 0.1000000015
14141  34.989  -71.013  6.966 0.1000000015
14909  33.805  -69.896  7.473 0.1000000015
14155  35.264  -70.618  6.440 0.1000000015
14921  34.538  -70.260  6.539 0.1000000015
14922  33.833  -69.946  6.688 0.1000000015
16460  36.978  -68.688  5.264 0.1000000015
121569  38.180  -68.136  4.012 0.1000000015
130683  40.397  -67.802  3.412 0.1000000015
7510  35.457  -81.388  14.468 0.1000000015
8758  35.503  -79.714  14.380 0.1000000015
130760  35.144  -78.454  14.250 0.1000000015
129993  35.136  -77.780  14.237 0.1000000015
112648  36.008  -83.208  14.336 0.1000000015
113079  34.901  -79.130  14.292 0.1000000015
123398  34.958  -75.201  14.602 0.1000000015
13327  35.159  -72.729  14.051 0.1000000015
13342  34.480  -72.156  13.724 0.1000000015
14075  34.773  -71.379  13.084 0.1000000015
14848  34.892  -70.633  11.771 0.1000000015
114980  35.172  -71.316  7.736 0.1000000015
14884  34.487  -70.253  9.227 0.1000000015
14908  34.594  -70.576  7.585 0.1000000015
15716  36.367  -69.213  5.677 0.1000000015
16474  38.442  -67.989  4.953 0.1000000015
17218  41.004  -67.481  4.700 0.1000000015
17234  42.451  -66.869  3.326 0.1000000015
128798  37.027  -82.239  14.245 0.1000000015
7509  36.201  -82.248  14.405 0.1000000015
112051  36.235  -80.275  14.396 0.1000000015
111390  36.105  -79.489  14.398 0.1000000015
10051  36.193  -77.404  14.870 0.1000000015
10052  35.482  -77.295  14.521 0.1000000015
8136  35.562  -80.496  14.430 0.1000000015
130795  35.494  -79.108  14.353 0.1000000015
11348  35.808  -75.124  14.871 0.1000000015
12678  35.832  -73.317  14.253 0.1000000015
132549  35.466  -71.548  12.938 0.1000000015
14107  35.542  -71.070  10.512 0.1000000015
14869  34.907  -70.559  10.021 0.1000000015
124280  41.742  -70.561  6.409 0.1000000015
14917  39.779  -70.667  6.585 0.1000000015
119201  38.035  -71.154  6.516 0.1000000015
14919  37.054  -70.957  6.503 0.1000000015
14128  35.411  -71.536  8.671 0.1000000015
14129  34.844  -70.756  8.452 0.1000000015
15696  41.482  -69.668  6.299 0.1000000015
15697  40.501  -69.869  6.430 0.1000000015
14918  38.678  -70.391  6.509 0.1000000015
14140  35.656  -71.760  7.213 0.1000000015
15695  42.606  -70.105  6.290 0.1000000015
16439  41.966  -69.124  6.036 0.1000000015
16441  39.688  -68.880  6.163 0.1000000015
16443  37.931  -69.050  6.067 0.1000000015
114996  36.810  -69.907  6.224 0.1000000015
133463  43.455  -70.132  6.245 0.1000000015
16438  43.195  -69.482  6.023 0.1000000015
16456  41.339  -68.360  5.662 0.1000000015
122046  37.950  -68.545  5.560 0.1000000015
17203  41.963  -67.747  5.273 0.1000000015
17220  39.337  -67.845  4.976 0.1000000015
17216  44.229  -67.511  4.931 0.1000000015
17217  41.901  -67.188  4.518 0.1000000015
17951  43.019  -66.884  4.172 0.1000000015
8135  36.950  -80.880  14.347 0.1000000015
116791  36.420  -81.271  14.394 0.1000000015
111529  36.963  -80.069  14.522 0.1000000015
9394  36.664  -79.070  14.583 0.1000000015
9382  36.458  -78.219  14.731 0.1000000015
10708  36.759  -76.666  15.149 0.1000000015
10717  35.889  -76.615  14.919 0.1000000015
11989  36.568  -74.691  14.772 0.1000000015
11990  35.622  -74.256  14.619 0.1000000015
12691  35.995  -72.614  13.733 0.1000000015
133185  36.083  -72.204  13.275 0.1000000015
127900  36.004  -71.501  10.945 0.1000000015
13402  35.926  -72.349  8.453 0.1000000015
14115  35.488  -71.304  9.657 0.1000000015
120978  39.084  -71.401  6.517 0.1000000015
116937  37.398  -71.944  6.574 0.1000000015
118408  35.629  -71.944  7.875 0.1000000015
120979  40.256  -71.816  6.526 0.1000000015
16453  44.839  -69.250  6.090 0.1000000015
16454  44.124  -69.053  5.831 0.1000000015
8757  38.023  -80.218  14.784 0.1000000015
9393  37.393  -79.412  14.797 0.1000000015
10041  37.038  -77.525  15.136 0.1000000015
10707  37.642  -76.774  15.271 0.1000000015
9381  37.417  -78.491  15.049 0.1000000015
11336  37.478  -75.971  15.115 0.1000000015
11337  36.469  -75.702  15.060 0.1000000015
12677  36.585  -73.856  14.380 0.1000000015
13340  36.623  -72.571  13.053 0.1000000015
13369  36.529  -72.219  10.944 0.1000000015
13356  36.708  -72.299  12.044 0.1000000015
13401  36.539  -72.973  8.212 0.1000000015
12724  36.803  -73.125  9.648 0.1000000015
13378  36.438  -72.483  9.952 0.1000000015
14151  39.481  -72.486  6.461 0.1000000015
13423  38.733  -73.200  6.417 0.1000000015
133840  36.785  -73.226  7.427 0.1000000015
13379  36.009  -71.755  10.219 0.1000000015
120899  42.239  -71.648  6.456 0.1000000015
122689  40.533  -72.810  6.492 0.1000000015
14139  36.296  -72.180  6.951 0.1000000015
120666  43.184  -71.728  6.677 0.1000000015
133364  42.728  -71.004  6.466 0.1000000015
120372  38.499  -78.386  15.337 0.1000000015
10040  37.960  -77.591  15.348 0.1000000015
11347  37.476  -75.102  14.810 0.1000000015
11988  37.430  -74.324  14.364 0.1000000015
12689  37.311  -73.713  13.830 0.1000000015
13339  37.266  -73.273  13.138 0.1000000015
13355  37.323  -72.976  12.295 0.1000000015
13377  36.960  -73.082  10.407 0.1000000015
12746  37.157  -73.628  7.948 0.1000000015
12735  36.959  -73.398  8.909 0.1000000015
13424  37.338  -73.321  6.773 0.1000000015
14915  44.323  -70.617  6.677 0.1000000015
118794  44.838  -69.195  6.438 0.1000000015
10039  38.895  -77.629  15.376 0.1000000015
10716  39.045  -76.117  14.834 0.1000000015
11335  38.222  -76.186  15.125 0.1000000015
11345  39.329  -75.542  14.012 0.1000000015
11346  38.381  -75.518  14.759 0.1000000015
115308  38.058  -74.219  13.654 0.1000000015
11987  38.343  -74.817  14.192 0.1000000015
129254  37.771  -73.764  13.223 0.1000000015
12706  37.871  -73.615  12.494 0.1000000015
13368  37.216  -72.946  11.330 0.1000000015
12734  37.626  -74.074  8.650 0.1000000015
12767  38.084  -73.893  6.580 0.1000000015
12756  37.381  -73.950  6.987 0.1000000015
14150  41.566  -72.453  6.504 0.1000000015
122981  44.821  -69.135  7.068 0.1000000015
16427  45.058  -68.699  6.526 0.1000000015
12001  38.940  -74.857  13.173 0.1000000015
12018  39.041  -74.755  12.075 0.1000000015
12688  38.377  -74.173  12.782 0.1000000015
12705  38.434  -74.179  11.839 0.1000000015
12715  37.835  -73.585  11.609 0.1000000015
113203  37.628  -73.736  10.708 0.1000000015
12723  37.446  -73.800  9.711 0.1000000015
14906  44.417  -70.854  7.010 0.1000000015
14149  43.245  -72.168  6.899 0.1000000015
117996  39.013  -74.016  6.468 0.1000000015
119084  44.336  -69.710  7.392 0.1000000015
12017  39.441  -75.401  12.213 0.1000000015
12039  38.660  -75.320  10.298 0.1000000015
12030  38.907  -75.029  11.099 0.1000000015
120028  38.584  -75.473  8.902 0.1000000015
12050  38.566  -75.473  9.568 0.1000000015
118997  38.699  -75.213  7.645 0.1000000015
12040  38.092  -74.578  10.121 0.1000000015
12051  38.096  -74.701  9.238 0.1000000015
14137  43.939  -71.400  7.203 0.1000000015
13410  42.894  -72.719  6.974 0.1000000015
13419  42.712  -72.464  6.715 0.1000000015
13422  39.906  -73.570  6.516 0.1000000015
12755  38.201  -74.550  6.801 0.1000000015
13421  41.166  -73.392  6.696 0.1000000015
11412  39.293  -75.490  7.801 0.1000000015
12070  38.840  -75.113  6.991 0.1000000015
12060  38.296  -74.844  8.240 0.1000000015
12753  41.491  -73.643  7.018 0.1000000015
12765  39.619  -74.473  6.650 0.1000000015
12071  38.166  -74.726  7.222 0.1000000015
12764  40.527  -74.126  6.835 0.1000000015
12766  38.820  -74.630  6.619 0.1000000015
11369  26.869  -76.043  12.359 0.1000000015
12718  27.646  -73.519  11.271 0.1000000015
13380  28.157  -72.182  10.088 0.1000000015
13392  27.628  -72.747  9.756 0.1000000015
13391  28.060  -72.244  9.267 0.1000000015
118433  35.177  -72.883  1.387 0.1000000015
13403  28.821  -71.988  8.212 0.1000000015
13473  35.583  -72.110  1.459 0.1000000015
14937  30.578  -70.819  4.918 0.1000000015
14142  29.382  -71.437  7.873 0.1000000015
13449  30.877  -72.274  4.051 0.1000000015
13448  31.313  -72.787  3.400 0.1000000015
14161  30.334  -71.528  5.360 0.1000000015
6146  28.690  -84.541  19.081 0.1000000015
12052  26.767  -74.244  9.853 0.1000000015
12033  27.300  -74.408  11.646 0.1000000015
13413  29.289  -72.326  7.555 0.1000000015
8118  29.325  -80.144  15.753 0.1000000015
10732  28.764  -76.359  13.517 0.1000000015
11359  28.128  -75.943  13.169 0.1000000015
14185  34.145  -70.791  2.307 0.1000000015
14936  31.273  -70.538  4.318 0.1000000015
6829  29.649  -82.432  16.324 0.1000000015
8764  29.666  -79.036  15.104 0.1000000015
8744  28.952  -79.294  15.461 0.1000000015
8763  30.456  -79.435  15.046 0.1000000015
114790  29.953  -78.016  14.538 0.1000000015
11366  29.223  -75.126  12.941 0.1000000015
12710  28.890  -73.816  12.144 0.1000000015
14910  30.518  -69.882  7.232 0.1000000015
14899  29.649  -70.633  8.399 0.1000000015
14955  34.836  -70.442  2.347 0.1000000015
15734  32.498  -69.890  4.049 0.1000000015
10731  30.373  -76.561  13.798 0.1000000015
121473  29.801  -70.684  10.410 0.1000000015
14865  30.454  -70.653  11.225 0.1000000015
14885  30.090  -70.008  8.940 0.1000000015
15706  31.471  -69.556  6.543 0.1000000015
6862  31.663  -82.454  14.887 0.1000000015
10075  30.994  -77.149  14.133 0.1000000015
11356  31.659  -75.658  13.429 0.1000000015
14099  30.430  -71.316  11.852 0.1000000015
15705  32.119  -69.487  6.297 0.1000000015
8761  32.150  -79.326  14.590 0.1000000015
112605  32.706  -80.053  14.564 0.1000000015
10074  31.861  -77.052  13.861 0.1000000015
9397  32.716  -78.485  14.219 0.1000000015
11355  32.589  -75.606  13.440 0.1000000015
12004  31.966  -74.944  13.357 0.1000000015
12694  32.357  -73.608  13.459 0.1000000015
13358  32.056  -72.181  13.082 0.1000000015
15664  32.356  -69.287  8.286 0.1000000015
16504  36.875  -68.913  3.286 0.1000000015
15751  38.187  -69.109  2.503 0.1000000015
15768  38.677  -69.589  1.905 0.1000000015
8137  34.077  -80.666  14.532 0.1000000015
6860  33.239  -82.878  14.609 0.1000000015
118833  32.720  -77.075  13.626 0.1000000015
11354  33.654  -75.930  13.691 0.1000000015
113976  33.285  -75.205  13.663 0.1000000015
14089  32.332  -71.435  12.812 0.1000000015
117059  32.907  -69.205  8.944 0.1000000015
16477  36.005  -68.918  4.822 0.1000000015
125846  37.713  -68.676  3.222 0.1000000015
9395  34.393  -78.469  14.082 0.1000000015
10053  34.189  -77.162  13.819 0.1000000015
11992  33.702  -74.466  14.055 0.1000000015
14076  33.775  -71.611  13.344 0.1000000015
128026  33.441  -69.533  10.125 0.1000000015
15635  33.723  -69.791  10.833 0.1000000015
123589  35.591  -69.385  5.495 0.1000000015
16475  37.570  -68.278  4.788 0.1000000015
16503  38.594  -68.504  3.093 0.1000000015
130669  35.227  -76.660  14.501 0.1000000015
11991  34.542  -74.420  14.397 0.1000000015
14861  34.324  -70.228  11.321 0.1000000015
14860  35.006  -70.518  10.947 0.1000000015
121755  34.347  -70.386  6.997 0.1000000015
16489  38.904  -67.904  4.374 0.1000000015
16488  39.807  -67.971  3.517 0.1000000015
120736  40.305  -67.640  4.052 0.1000000015
17236  41.064  -67.403  3.726 0.1000000015
111023  35.701  -78.002  14.484 0.1000000015
13341  35.468  -72.010  13.421 0.1000000015
14097  35.540  -71.044  11.365 0.1000000015
16459  37.241  -69.049  5.891 0.1000000015
17235  41.925  -66.988  3.747 0.1000000015
17219  40.175  -67.722  4.839 0.1000000015
17204  40.897  -67.847  5.288 0.1000000015
122793  35.906  -78.733  14.428 0.1000000015
14085  36.099  -71.636  11.746 0.1000000015
15698  39.238  -69.632  6.446 0.1000000015
122816  37.728  -70.204  6.410 0.1000000015
14920  36.100  -70.834  6.403 0.1000000015
14153  36.509  -71.720  6.661 0.1000000015
16440  40.804  -68.942  6.102 0.1000000015
15699  38.288  -69.548  6.331 0.1000000015
113999  43.634  -70.819  6.476 0.1000000015
16455  42.648  -68.549  5.695 0.1000000015
16442  38.654  -68.899  6.118 0.1000000015
16457  40.143  -68.245  5.556 0.1000000015
15694  43.883  -70.092  6.187 0.1000000015
123243  42.861  -67.413  4.935 0.1000000015
17950  44.687  -66.986  4.259 0.1000000015
13389  36.409  -72.729  9.101 0.1000000015
14152  38.379  -72.172  6.488 0.1000000015
116826  37.733  -72.917  6.539 0.1000000015
13425  36.953  -72.566  6.737 0.1000000015
15693  44.539  -69.818  6.540 0.1000000015
12690  36.614  -73.194  13.785 0.1000000015
14148  43.866  -71.467  6.909 0.1000000015
14905  44.544  -70.281  6.850 0.1000000015
12745  37.718  -74.250  7.716 0.1000000015
12031  38.240  -74.406  10.937 0.1000000015
19624  41.889  -64.913  2.097 0.4000000060
18771  45.249  -64.629  1.501 0.3000000119
18772  44.130  -64.899  1.441 0.3000000119
18773  43.125  -65.004  1.416 0.3000000119
18774  42.263  -65.123  1.453 0.4000000060
18787  43.462  -65.431  0.784 0.3000000119
130624  41.847  -65.443  0.952 0.4000000060
12134  47.712  -74.131  1.860 0.1000000015
12840  48.841  -72.684  0.389 0.1000000015
13500  49.675  -71.466  0.170 0.2000000030
15789  49.079  -69.119  -1.222 0.3000000119
18018  40.498  -66.630  -0.165 0.4000000060
19620  45.905  -64.217  2.150 0.3000000119
16535  46.312  -67.921  -0.749 0.4000000060
17279  45.220  -67.145  -0.617 0.4000000060
15813  49.992  -69.647  -0.962 0.2000000030
15790  47.844  -68.963  -1.041 0.3000000119
16536  45.313  -67.969  -0.643 0.4000000060
17280  43.478  -67.504  -0.535 0.4000000060
18017  41.427  -66.519  -0.145 0.4000000060
12135  47.285  -74.899  2.613 0.1000000015
15019  50.175  -70.312  -0.688 0.3000000119
114025  44.391  -67.833  -0.574 0.4000000060
122107  42.842  -66.925  -0.439 0.4000000060
17281  41.970  -67.103  -0.452 0.4000000060
123788  47.130  -74.459  1.025 0.1000000015
13511  49.766  -71.582  -1.021 0.2000000030
14999  49.168  -69.983  -1.281 0.3000000119
115874  46.718  -68.807  -0.788 0.3000000119
133441  43.023  -68.059  -0.584 0.4000000060
18801  38.180  -65.918  -0.039 0.4000000060
18794  36.956  -65.043  0.176 0.4000000060
115873  45.645  -68.801  -0.660 0.4000000060
116079  44.537  -68.911  -0.604 0.4000000060
116062  42.581  -67.652  -0.551 0.4000000060
17282  41.009  -67.249  -0.464 0.4000000060
12148  47.080  -74.623  -0.223 0.2000000030
12147  47.547  -73.931  0.324 0.2000000030
14246  49.834  -71.068  -1.159 0.2000000030
13501  49.466  -72.147  -0.516 0.2000000030
124673  47.071  -69.812  -0.817 0.3000000119
15001  46.057  -69.686  -0.709 0.3000000119
11485  46.611  -74.971  0.854 0.1000000015
16537  43.459  -68.568  -0.581 0.4000000060
15000  48.184  -69.944  -1.092 0.3000000119
16538  42.516  -68.515  -0.624 0.4000000060
18019  39.544  -66.668  -0.232 0.5000000000
18020  38.569  -66.602  -0.392 0.5000000000
117356  40.477  -68.105  -0.704 0.4000000060
17283  40.017  -67.315  -0.496 0.5000000000
18802  37.337  -65.679  -0.226 0.4000000060
12841  48.281  -73.349  -0.463 0.2000000030
14263  49.441  -71.626  -1.721 0.2000000030
14228  48.765  -70.581  -1.529 0.4000000060
125264  49.432  -71.172  -1.708 0.2000000030
14229  47.414  -70.788  -1.157 0.3000000119
130232  46.432  -70.444  -0.855 0.3000000119
16540  39.527  -68.109  -0.800 0.5000000000
18022  36.850  -66.114  -0.829 0.5000000000
18803  36.556  -65.401  -0.440 0.4000000060
19637  36.183  -64.728  -0.129 0.4000000060
14230  46.250  -71.134  -1.102 0.4000000060
15791  44.349  -69.940  -0.662 0.4000000060
129555  37.996  -67.339  -1.044 0.5000000000
114039  49.068  -72.771  -1.245 0.2000000030
12156  47.758  -74.157  -1.054 0.2000000030
13512  49.451  -72.193  -1.702 0.2000000030
19638  35.755  -64.275  -0.606 0.4000000060
14264  49.150  -71.684  -2.351 0.2000000030
125193  45.128  -69.737  -0.658 0.3000000119
15792  42.680  -69.474  -0.702 0.4000000060
15794  40.851  -68.959  -0.973 0.4000000060
11493  46.663  -75.408  -0.629 0.2000000030
12850  49.084  -72.789  -2.363 0.2000000030
122419  48.508  -71.186  -1.836 0.3000000119
14247  47.161  -71.457  -1.618 0.4000000060
15002  45.608  -70.538  -0.801 0.3000000119
18030  37.076  -66.898  -1.305 0.5000000000
12157  47.213  -74.978  -1.489 0.2000000030
12851  48.547  -73.542  -1.801 0.2000000030
15004  42.912  -70.432  -0.978 0.4000000060
15793  41.756  -69.200  -0.814 0.4000000060
122942  36.266  -65.724  -1.080 0.5000000000
19649  35.712  -64.556  -1.408 0.4000000060
11499  46.282  -76.200  -1.038 0.2000000030
12862  48.461  -73.570  -2.837 0.2000000030
13529  49.145  -72.076  -2.738 0.2000000030
13513  48.459  -71.656  -2.513 0.2000000030
14232  44.500  -71.258  -1.125 0.4000000060
16554  39.270  -68.596  -1.303 0.5000000000
17296  37.395  -67.606  -1.721 0.5000000000
10209  45.278  -77.173  -0.716 0.2000000030
14231  45.298  -71.228  -1.078 0.4000000060
15003  44.760  -70.624  -0.797 0.3000000119
16553  39.929  -68.861  -1.045 0.5000000000
16541  38.693  -68.080  -1.152 0.5000000000
10875  45.827  -76.909  -1.466 0.2000000030
117708  36.458  -60.028  -0.984 0.4000000060
24980  36.881  -58.521  -0.468 0.2000000030
22265  35.886  -61.721  -0.507 0.4000000060
21371  35.775  -62.623  -1.063 0.4000000060
12167  47.879  -74.387  -2.193 0.2000000030
18817  35.877  -65.308  -1.531 0.4000000060
20481  35.679  -63.668  -1.260 0.4000000060
11498  46.754  -75.809  -1.886 0.2000000030
12861  48.826  -72.647  -3.311 0.2000000030
13530  48.800  -71.826  -3.454 0.2000000030
22264  36.071  -60.802  -0.977 0.4000000060
115043  35.655  -62.252  -1.863 0.4000000060
112382  35.737  -63.069  -1.974 0.4000000060
15005  41.998  -70.155  -1.113 0.3000000119
17295  38.047  -68.035  -1.615 0.5000000000
18031  36.502  -66.377  -1.489 0.5000000000
20493  35.756  -64.017  -2.112 0.4000000060
14248  45.938  -71.671  -1.516 0.4000000060
15021  43.218  -71.101  -1.426 0.4000000060
15022  41.444  -70.483  -1.835 0.3000000119
15815  40.327  -69.547  -1.490 0.4000000060
14249  44.925  -71.692  -1.534 0.4000000060
16556  37.888  -68.125  -2.058 0.5000000000
22270  35.776  -61.622  -1.437 0.4000000060
18829  35.986  -65.582  -2.056 0.5000000000
18046  36.324  -66.270  -2.168 0.5000000000
15023  40.672  -70.116  -1.901 0.4000000060
112012  39.594  -69.226  -1.783 0.5000000000
17297  36.743  -67.071  -1.878 0.5000000000
16569  38.537  -68.476  -2.589 0.5000000000
15829  39.190  -69.031  -2.494 0.5000000000
17313  37.303  -67.565  -2.247 0.5000000000
18800  47.446  -65.012  0.327 0.3000000119
18785  46.794  -64.873  0.604 0.3000000119
120650  45.813  -64.947  0.902 0.2000000030
18786  44.541  -65.288  0.824 0.2000000030
17996  49.493  -65.494  0.633 0.2000000030
18799  48.328  -64.906  0.459 0.3000000119
18013  47.455  -65.773  -0.269 0.3000000119
17998  46.488  -65.662  -0.055 0.3000000119
17995  50.267  -66.154  0.093 0.2000000030
17275  49.904  -66.464  -0.484 0.2000000030
17276  48.171  -66.484  -0.705 0.2000000030
14998  50.428  -70.106  0.134 0.2000000030
8878  44.476  -79.224  -1.771 0.1000000015
8886  44.236  -79.999  -2.483 0.1000000015
14310  46.537  -71.746  -6.208 0.1000000015
134560  46.229  -64.413  1.600 0.2000000030
18784  47.880  -64.409  0.942 0.2000000030
18770  46.975  -64.390  1.307 0.2000000030
17256  47.535  -66.160  1.712 0.1000000015
17997  48.490  -65.731  1.394 0.1000000015
17988  48.905  -64.923  1.027 0.2000000030
17267  47.777  -66.837  1.203 0.1000000015
113311  48.021  -67.519  0.914 0.1000000015
10870  45.658  -76.397  -0.067 0.1000000015
9532  45.093  -78.095  -1.491 0.1000000015
131670  47.993  -73.586  -4.496 0.1000000015
12884  48.383  -72.853  -4.682 0.1000000015
14286  48.432  -71.388  -5.043 0.1000000015
124977  47.172  -70.749  -4.636 0.1000000015
12202  47.503  -74.419  -4.287 0.1000000015
14302  48.043  -71.529  -5.525 0.1000000015
14287  47.650  -70.864  -5.235 0.1000000015
121881  46.152  -70.720  -4.630 0.1000000015
14303  47.326  -71.522  -5.792 0.1000000015
15064  44.656  -69.846  -4.934 0.1000000015
118131  43.990  -69.865  -4.598 0.1000000015
15850  42.467  -69.066  -4.842 0.1000000015
13514  46.849  -71.951  -2.182 0.1000000015
14252  42.406  -70.929  -1.763 0.3000000119
12168  47.258  -75.257  -2.631 0.1000000015
12874  48.288  -73.448  -3.888 0.1000000015
13539  48.863  -71.980  -3.823 0.1000000015
13541  47.510  -71.272  -3.968 0.1000000015
13533  45.074  -71.815  -2.902 0.2000000030
14266  42.674  -71.248  -2.697 0.3000000119
15052  40.551  -70.115  -3.079 0.3000000119
15839  39.494  -69.260  -3.140 0.3000000119
8899  44.698  -79.459  -2.755 0.1000000015
11506  46.781  -76.147  -3.057 0.1000000015
14278  48.132  -71.021  -4.606 0.1000000015
128639  44.995  -71.297  -4.008 0.1000000015
120851  43.451  -71.533  -2.892 0.2000000030
15051  41.502  -70.475  -3.499 0.3000000119
11548  46.857  -75.428  -4.583 0.1000000015
14289  44.411  -70.481  -4.369 0.1000000015
15066  41.951  -69.837  -4.309 0.2000000030
15852  40.455  -68.893  -4.343 0.3000000119
15065  43.094  -69.706  -4.581 0.1000000015
16582  41.319  -68.293  -4.899 0.2000000030
17324  40.463  -67.806  -4.880 0.4000000060
15865  43.257  -69.027  -5.238 0.1000000015
16581  42.030  -68.534  -5.001 0.1000000015
17323  41.281  -67.599  -5.332 0.3000000119
18059  36.729  -66.031  -3.001 0.4000000060
17320  37.539  -67.231  -3.084 0.4000000060
15828  39.849  -69.685  -2.597 0.3000000119
16577  39.035  -68.786  -3.228 0.4000000060
17319  38.151  -67.557  -3.666 0.4000000060
17326  38.894  -67.763  -4.216 0.4000000060
18069  38.324  -66.397  -4.604 0.4000000060
17325  39.614  -67.549  -4.719 0.4000000060
18076  39.542  -66.394  -5.523 0.5000000000
17332  40.717  -67.184  -5.379 0.3000000119
17333  39.988  -67.050  -5.194 0.5000000000
16589  42.673  -68.370  -5.451 0.2000000030
18075  40.391  -66.644  -5.718 0.4000000060
16588  43.363  -68.614  -5.925 0.1000000015
17330  42.351  -67.707  -5.871 0.2000000030
17331  41.786  -67.476  -5.696 0.2000000030
14313  43.913  -71.217  -6.890 0.1000000015
15879  43.512  -69.441  -6.672 0.1000000015
17335  42.646  -67.332  -6.501 0.2000000030
13583  44.168  -72.368  -7.142 0.1000000015
15100  43.497  -70.566  -7.253 0.1000000015
19663  36.074  -64.387  -2.852 0.4000000060
114676  36.510  -64.705  -3.491 0.4000000060
18058  37.258  -66.482  -3.441 0.4000000060
18057  37.855  -66.822  -3.931 0.4000000060
18851  36.926  -65.019  -4.070 0.4000000060
18068  39.086  -66.880  -4.854 0.4000000060
18077  38.754  -66.067  -5.265 0.4000000060
18864  38.441  -65.384  -5.575 0.4000000060
18863  39.134  -65.720  -5.855 0.5000000000
18862  39.910  -66.037  -6.157 0.4000000060
18080  41.630  -66.497  -6.459 0.3000000119
18081  40.800  -66.273  -6.295 0.4000000060
18876  40.373  -65.499  -6.751 0.4000000060
17338  43.378  -68.178  -7.787 0.2000000030
17334  43.076  -67.610  -7.027 0.2000000030
17336  42.020  -67.115  -6.155 0.2000000030
16603  43.417  -69.028  -7.771 0.1000000015
16595  43.296  -68.836  -6.904 0.2000000030
12256  41.966  -74.788  -6.928 0.1000000015
20505  36.139  -63.233  -3.712 0.4000000060
19672  36.020  -63.383  -2.892 0.4000000060
19680  36.650  -64.277  -4.266 0.4000000060
19689  37.521  -64.293  -5.527 0.4000000060
19679  37.143  -64.672  -4.839 0.4000000060
18865  37.786  -65.051  -5.260 0.4000000060
19698  38.762  -64.257  -6.281 0.4000000060
19688  38.203  -64.659  -5.855 0.4000000060
116757  39.256  -64.671  -6.463 0.3000000119
19707  40.491  -64.742  -7.295 0.4000000060
19697  39.796  -64.736  -6.879 0.4000000060
18086  41.984  -66.070  -7.049 0.3000000119
18875  41.247  -65.847  -6.835 0.3000000119
133812  43.356  -67.392  -7.768 0.2000000030
114532  43.027  -66.822  -7.296 0.2000000030
18079  42.358  -66.681  -6.748 0.2000000030
15905  43.581  -70.085  -8.777 0.2000000030
12233  40.708  -74.542  -5.752 0.1000000015
12257  41.090  -74.544  -6.628 0.1000000015
12277  41.563  -74.358  -7.460 0.1000000015
22284  35.681  -61.636  -2.249 0.3000000119
21390  35.992  -62.560  -3.400 0.4000000060
22283  35.854  -61.775  -3.028 0.3000000119
20515  36.356  -63.510  -4.346 0.4000000060
22333  36.791  -61.403  -5.619 0.4000000060
115355  36.366  -62.960  -4.966 0.4000000060
20523  37.328  -63.583  -5.712 0.4000000060
114849  36.914  -62.972  -5.559 0.4000000060
128015  38.246  -62.984  -6.338 0.4000000060
19699  38.066  -63.746  -6.063 0.4000000060
20544  39.496  -63.121  -7.160 0.4000000060
20533  38.809  -63.429  -6.517 0.3000000119
19718  42.060  -64.079  -8.375 0.3000000119
20542  41.435  -64.093  -8.053 0.3000000119
117843  40.752  -64.027  -7.680 0.3000000119
20543  40.357  -63.265  -7.676 0.3000000119
19708  39.979  -64.016  -7.342 0.3000000119
18090  44.424  -66.460  -9.020 0.2000000030
123819  43.845  -66.049  -8.517 0.2000000030
18896  42.914  -65.215  -8.266 0.3000000119
19706  41.990  -64.852  -8.082 0.2000000030
116510  41.189  -64.760  -7.649 0.3000000119
18889  40.978  -65.281  -7.206 0.3000000119
17342  43.786  -67.944  -8.639 0.2000000030
18085  43.155  -66.032  -7.962 0.2000000030
16612  43.713  -69.011  -8.642 0.2000000030
22269  35.799  -60.923  -1.963 0.3000000119
24135  36.733  -59.974  -2.300 0.3000000119
23255  36.241  -60.587  -2.658 0.3000000119
118664  36.096  -61.148  -3.305 0.4000000060
24179  36.633  -59.783  -4.836 0.3000000119
23284  36.447  -60.488  -4.347 0.4000000060
127854  36.981  -60.653  -5.900 0.4000000060
23298  36.582  -60.595  -5.189 0.4000000060
21414  36.558  -62.206  -5.319 0.4000000060
131552  37.357  -60.649  -6.270 0.4000000060
21413  37.134  -62.211  -5.963 0.4000000060
22340  38.406  -61.540  -6.893 0.3000000119
21426  37.904  -62.271  -6.411 0.4000000060
116325  37.453  -61.345  -6.289 0.4000000060
21443  41.357  -61.962  -8.532 0.3000000119
23321  40.865  -60.893  -8.388 0.2000000030
21444  40.438  -61.799  -8.105 0.2000000030
22347  39.192  -61.241  -7.505 0.2000000030
21436  39.227  -62.135  -7.358 0.3000000119
20545  38.707  -62.574  -6.754 0.3000000119
21442  42.132  -62.685  -8.791 0.3000000119
121828  41.080  -63.350  -8.000 0.3000000119
20557  40.789  -62.611  -8.043 0.2000000030
21435  39.975  -62.469  -7.749 0.2000000030
19716  43.665  -64.763  -8.860 0.3000000119
20554  43.308  -63.827  -9.111 0.3000000119
19717  42.734  -64.392  -8.565 0.3000000119
125226  36.805  -59.564  -1.452 0.3000000119
23243  36.258  -60.269  -1.732 0.3000000119
24205  37.538  -59.084  -6.355 0.3000000119
25060  40.078  -58.555  -7.844 0.2000000030
25061  39.366  -58.453  -7.434 0.2000000030
24214  38.762  -59.673  -7.305 0.2000000030
120820  38.000  -59.823  -6.808 0.2000000030
24223  40.816  -59.956  -8.515 0.2000000030
23314  40.167  -60.155  -8.077 0.2000000030
23315  39.375  -60.342  -7.633 0.2000000030
24122  36.974  -58.857  -0.991 0.2000000030
121785  43.602  -72.402  -7.611 0.1000000015
15889  43.456  -70.000  -7.751 0.1000000015
126951  44.461  -64.811  -9.378 0.3000000119
16622  44.069  -68.893  -9.424 0.2000000030
17999  44.936  -65.811  0.259 0.3000000119
133418  45.844  -65.546  0.244 0.3000000119
112918  49.115  -67.123  -1.161 0.2000000030
17922  45.003  -66.729  5.601 0.1000000015
19619  46.776  -64.284  1.927 0.2000000030
13531  47.823  -71.770  -3.177 0.1000000015
14250  43.985  -71.535  -1.603 0.3000000119
24134  37.443  -59.038  -1.564 0.3000000119
13540  48.388  -71.366  -4.042 0.1000000015
21378  35.799  -62.432  -2.575 0.3000000119
13515  45.565  -71.994  -2.098 0.3000000119
15037  41.007  -70.449  -2.539 0.2000000030
14265  44.035  -71.742  -2.426 0.2000000030
12873  48.665  -72.514  -4.085 0.1000000015
18783  48.691  -64.751  0.878 0.2000000030
18781  49.612  -65.555  0.496 0.1000000015
18012  48.721  -65.580  -0.109 0.2000000030
15063  45.911  -70.447  -5.369 0.1000000015
18769  47.457  -64.527  1.553 0.2000000030
12885  47.572  -73.588  -5.044 0.1000000015
14277  48.591  -71.532  -4.327 0.1000000015
13542  46.193  -71.450  -3.887 0.1000000015
125603  46.584  -70.498  -5.071 0.1000000015
14288  45.459  -70.361  -4.855 0.1000000015
15050  43.281  -70.619  -4.040 0.1000000015
13532  46.431  -71.959  -2.980 0.2000000030
14267  41.812  -70.915  -2.623 0.3000000119
14279  43.850  -71.240  -3.651 0.2000000030
16583  39.562  -68.961  -3.809 0.4000000060
16578  38.555  -68.232  -3.414 0.4000000060
117372  42.400  -70.405  -4.029 0.3000000119
15837  40.938  -69.774  -3.941 0.3000000119
18839  36.724  -65.354  -3.424 0.4000000060
18849  38.081  -65.703  -4.944 0.4000000060
18850  37.464  -65.371  -4.546 0.4000000060
21401  36.087  -62.731  -4.218 0.4000000060
18887  42.381  -65.654  -7.668 0.2000000030
22299  36.029  -61.831  -3.936 0.4000000060
22319  36.346  -61.387  -4.745 0.4000000060
132305  41.411  -62.801  -8.327 0.3000000119
18894  44.329  -65.560  -9.046 0.2000000030
18895  43.573  -65.523  -8.515 0.2000000030
23269  36.454  -60.543  -3.526 0.4000000060
23308  37.826  -60.641  -6.620 0.4000000060
23316  38.578  -60.548  -7.164 0.2000000030
23320  41.469  -60.226  -8.863 0.2000000030
123877  39.733  -61.756  -7.782 0.2000000030
24144  36.809  -60.131  -3.082 0.2000000030
24160  37.360  -59.585  -3.190 0.3000000119
24143  37.347  -59.685  -2.740 0.2000000030
17274  50.622  -66.790  -0.111 0.1000000015
15775  50.597  -68.715  0.579 0.1000000015
15788  50.690  -68.491  -0.232 0.1000000015
18755  46.985  -64.488  2.333 0.1000000015
112514  50.127  -67.328  -0.698 0.1000000015
14986  50.433  -70.066  0.889 0.1000000015
16552  49.967  -68.838  -0.964 0.1000000015
122514  50.609  -69.417  -0.248 0.1000000015
24978  38.299  -57.894  -0.765 0.1000000015
24979  37.491  -58.285  -0.792 0.1000000015
112982  40.300  -58.548  -0.898 0.1000000015
24977  39.146  -58.008  -1.009 0.1000000015
24988  38.348  -58.652  -1.567 0.1000000015
112979  37.920  -59.284  -2.321 0.1000000015
24987  39.461  -58.898  -1.728 0.1000000015
24133  38.849  -59.185  -2.392 0.1000000015
24142  38.167  -59.337  -2.849 0.1000000015
24141  39.100  -59.251  -2.860 0.2000000030
24178  36.902  -59.086  -4.569 0.2000000030
24158  39.209  -59.156  -3.061 0.2000000030
24159  38.250  -59.172  -3.174 0.2000000030
123500  37.296  -59.124  -3.784 0.2000000030
24161  36.714  -59.771  -3.901 0.2000000030
24157  40.538  -59.365  -3.005 0.2000000030
25009  37.918  -58.509  -3.772 0.2000000030
24190  36.929  -59.164  -5.508 0.2000000030
23297  37.229  -59.977  -6.227 0.2000000030
25051  38.001  -58.335  -6.432 0.1000000015
123458  39.864  -59.297  -2.888 0.2000000030
25029  37.370  -58.613  -4.337 0.2000000030
25038  37.185  -58.406  -4.991 0.2000000030
25850  37.706  -57.813  -5.241 0.1000000015
26676  38.637  -56.727  -5.102 0.1000000015
25867  37.883  -57.808  -5.927 0.1000000015
25787  38.750  -57.437  -0.220 0.1000000015
25786  39.797  -57.722  -0.084 0.1000000015
25008  38.828  -58.494  -3.359 0.2000000030
20564  43.853  -63.172  -9.713 0.2000000030
20565  42.987  -62.977  -9.249 0.2000000030
20576  44.885  -63.463  -10.143 0.2000000030
21452  44.467  -62.373  -10.150 0.2000000030
22354  42.246  -61.794  -9.066 0.2000000030
21453  43.490  -62.334  -9.673 0.2000000030
127916  42.759  -62.294  -9.297 0.2000000030
118119  41.781  -61.070  -8.847 0.2000000030
111300  43.323  -60.984  -9.685 0.1000000015
22362  43.842  -61.610  -9.905 0.2000000030
22364  42.556  -61.045  -9.300 0.2000000030
132370  42.117  -60.475  -9.198 0.2000000030
23338  43.984  -60.192  -10.312 0.1000000015
23328  43.501  -60.437  -9.939 0.1000000015
23329  42.798  -60.263  -9.607 0.1000000015
24237  44.373  -59.845  -10.871 0.1000000015
24244  44.433  -59.421  -11.600 0.1000000015
24140  40.415  -59.534  -2.616 0.1000000015
24231  42.063  -59.727  -9.288 0.1000000015
24229  43.362  -58.912  -10.252 0.1000000015
24245  44.006  -59.038  -10.893 0.1000000015
25093  43.979  -58.495  -11.638 0.1000000015
25104  44.129  -58.390  -12.689 0.1000000015
24156  41.332  -59.493  -3.226 0.1000000015
23253  42.684  -60.419  -2.792 0.1000000015
24139  41.123  -59.864  -2.602 0.1000000015
24212  40.413  -59.292  -8.287 0.1000000015
24222  41.254  -59.237  -8.870 0.1000000015
25074  42.723  -58.448  -9.728 0.1000000015
25075  42.111  -58.796  -9.278 0.1000000015
25080  43.556  -58.256  -10.825 0.1000000015
25920  43.708  -57.734  -12.082 0.1000000015
23254  41.907  -60.146  -3.005 0.1000000015
25007  39.816  -58.901  -3.199 0.1000000015
25886  41.638  -57.343  -8.826 0.1000000015
25070  40.750  -58.457  -8.412 0.1000000015
26722  42.429  -56.363  -9.365 0.1000000015
25885  42.074  -57.022  -9.218 0.1000000015
25069  41.503  -58.212  -8.867 0.1000000015
25887  41.035  -57.622  -8.388 0.1000000015
130846  42.766  -56.709  -9.818 0.1000000015
25892  42.500  -57.162  -9.593 0.1000000015
116009  43.282  -56.021  -10.789 0.1000000015
26729  43.070  -56.563  -10.359 0.1000000015
25073  43.082  -58.019  -10.204 0.1000000015
128566  42.687  -57.754  -9.757 0.1000000015
27547  43.606  -55.044  -11.859 0.1000000015
123111  43.417  -55.849  -11.374 0.1000000015
25899  43.224  -57.427  -10.683 0.1000000015
114612  43.508  -56.129  -12.126 0.1000000015
111438  42.279  -59.622  -3.473 0.1000000015
25006  40.714  -58.647  -3.336 0.1000000015
25877  40.400  -57.771  -7.868 0.1000000015
28350  43.306  -54.690  -10.149 0.1000000015
27524  43.200  -55.635  -10.128 0.1000000015
27536  43.393  -55.289  -10.864 0.1000000015
25878  39.791  -57.895  -7.515 0.1000000015
112132  44.618  -61.493  -10.318 0.1000000015
25911  43.535  -57.662  -11.358 0.1000000015
26752  43.521  -57.020  -12.241 0.1000000015
124899  41.238  -56.929  -8.366 0.1000000015
15116  39.240  -70.717  -8.308 0.1000000015
128516  39.579  -70.245  -8.603 0.1000000015
15102  38.480  -70.619  -7.875 0.1000000015
14326  38.523  -71.286  -7.501 0.1000000015
13570  36.535  -72.095  -5.459 0.1000000015
13550  36.218  -72.601  -4.754 0.1000000015
12908  34.564  -73.748  -5.115 0.1000000015
15115  40.027  -70.962  -8.812 0.1000000015
15906  40.332  -70.218  -9.191 0.1000000015
14327  37.551  -70.696  -7.336 0.1000000015
13586  37.341  -71.977  -6.107 0.1000000015
16623  41.521  -69.048  -10.350 0.1000000015
15930  42.440  -69.701  -11.061 0.1000000015
15129  42.313  -71.612  -10.978 0.1000000015
15114  40.888  -71.408  -9.551 0.1000000015
14325  39.353  -71.697  -7.800 0.1000000015
115065  39.472  -69.490  -8.684 0.1000000015
15140  43.769  -71.082  -11.832 0.1000000015
15141  43.173  -71.930  -11.494 0.1000000015
15923  39.997  -69.054  -9.282 0.1000000015
128579  43.042  -68.477  -11.513 0.1000000015
17369  43.551  -68.027  -11.842 0.1000000015
17351  41.189  -67.952  -10.229 0.1000000015
16637  42.240  -68.463  -10.865 0.1000000015
17357  42.668  -67.640  -11.193 0.1000000015
120259  41.374  -70.922  -10.084 0.1000000015
126644  34.572  -73.828  -5.734 0.1000000015
9400  29.476  -78.350  14.770 0.1000000015
9533  44.591  -78.432  -1.007 0.1000000015
9546  45.033  -78.891  -2.149 0.1000000015
9569  45.381  -78.377  -3.208 0.2000000030
9570  45.082  -78.396  -3.561 0.2000000030
10073  33.490  -77.143  13.634 0.1000000015
10077  28.623  -77.048  13.947 0.1000000015
10219  45.506  -77.670  -1.977 0.2000000030
10232  45.435  -77.795  -3.456 0.2000000030
10718  35.458  -75.914  14.771 0.1000000015
10733  27.951  -76.605  13.520 0.1000000015
11379  27.062  -75.217  11.999 0.1000000015
11494  46.170  -75.713  0.429 0.2000000030
11521  47.185  -75.492  -3.746 0.1000000015
11571  42.942  -75.106  -5.482 0.1000000015
12002  33.102  -74.464  13.751 0.1000000015
12003  32.635  -74.798  13.509 0.1000000015
12034  26.653  -74.888  11.267 0.1000000015
12082  39.360  -74.969  6.790 0.1000000015
12181  47.769  -74.475  -3.276 0.1000000015
12204  45.848  -74.838  -5.807 0.1000000015
12205  45.000  -75.073  -5.641 0.1000000015
12228  46.690  -74.244  -5.715 0.1000000015
12229  44.265  -74.958  -6.298 0.1000000015
12235  34.433  -74.409  -5.381 0.1000000015
12679  34.923  -73.561  14.333 0.1000000015
12680  34.116  -73.791  14.243 0.1000000015
12695  31.672  -73.788  13.180 0.1000000015
12707  31.049  -73.289  12.883 0.1000000015
12709  29.630  -73.430  12.241 0.1000000015
12716  28.980  -73.143  11.765 0.1000000015
12717  28.369  -73.461  11.718 0.1000000015
12725  27.261  -73.425  10.301 0.1000000015
12736  27.261  -73.477  9.303 0.1000000015
12757  36.784  -73.000  6.977 0.1000000015
12810  37.188  -73.811  0.863 0.1000000015
12823  48.273  -73.421  1.201 0.1000000015
12889  34.752  -73.806  -4.686 0.1000000015
12935  43.742  -74.049  -8.153 0.2000000030
12936  42.965  -74.267  -8.384 0.2000000030
12937  42.125  -74.132  -8.269 0.1000000015
13357  36.056  -71.840  12.737 0.1000000015
13360  30.283  -72.782  12.395 0.1000000015
13390  35.870  -72.082  9.349 0.1000000015
13412  36.227  -72.480  7.532 0.1000000015
13431  30.329  -72.443  5.426 0.1000000015
13460  32.064  -72.411  2.780 0.1000000015
13475  33.700  -72.199  1.826 0.1000000015
13516  44.652  -71.878  -2.042 0.2000000030
13549  48.681  -71.984  -4.635 0.1000000015
13552  34.838  -73.206  -4.893 0.1000000015
13567  48.233  -72.278  -5.351 0.1000000015
13598  38.867  -72.013  -7.167 0.1000000015
13604  42.821  -73.224  -9.383 0.1000000015
14086  35.396  -71.225  12.320 0.1000000015
14098  31.098  -70.714  11.920 0.1000000015
14101  29.162  -71.797  11.101 0.1000000015
14108  29.317  -71.308  10.594 0.1000000015
14109  28.795  -71.724  10.347 0.1000000015
14116  35.088  -70.841  9.198 0.1000000015
14118  28.590  -71.737  9.533 0.1000000015
14130  28.512  -71.911  8.852 0.1000000015
14154  35.722  -71.435  6.757 0.1000000015
14156  30.184  -71.781  6.127 0.1000000015
14186  33.453  -71.365  2.299 0.1000000015
14187  32.743  -71.771  2.563 0.1000000015
14207  36.676  -71.109  1.441 0.1000000015
14245  50.011  -70.840  -0.418 0.2000000030
14251  43.251  -71.414  -2.115 0.3000000119
14280  42.386  -70.949  -3.455 0.3000000119
14304  46.575  -70.901  -5.693 0.1000000015
14314  37.938  -71.557  -6.822 0.1000000015
14323  43.295  -71.897  -7.854 0.1000000015
14333  40.541  -71.759  -8.965 0.1000000015
14334  39.702  -71.383  -8.377 0.1000000015
14335  39.054  -71.124  -7.955 0.1000000015
14343  43.296  -72.314  -11.241 0.1000000015
14849  34.166  -70.473  12.059 0.1000000015
14850  33.379  -70.556  12.268 0.1000000015
14863  32.796  -70.196  11.796 0.1000000015
14907  44.263  -70.638  7.361 0.1000000015
14916  41.018  -71.175  6.455 0.1000000015
14923  30.427  -70.377  6.526 0.1000000015
14929  31.061  -70.142  5.018 0.1000000015
14947  31.650  -71.007  3.687 0.1000000015
14953  36.191  -69.863  2.325 0.1000000015
14956  33.499  -70.539  2.790 0.1000000015
14973  40.746  -70.544  1.172 0.1000000015
14978  35.398  -70.788  1.954 0.1000000015
15020  49.668  -70.551  -1.243 0.2000000030
15113  43.229  -72.158  -9.673 0.3000000119
15127  43.586  -72.142  -11.313 0.1000000015
15138  44.106  -70.961  -11.767 0.1000000015
15650  32.684  -69.244  9.770 0.1000000015
15651  31.648  -69.335  9.620 0.1000000015
15676  44.665  -69.743  6.812 0.1000000015
15677  44.633  -70.135  7.100 0.1000000015
15700  37.594  -69.508  6.208 0.1000000015
15701  35.803  -69.972  6.011 0.1000000015
15718  34.218  -69.476  5.239 0.1000000015
15719  33.378  -69.574  5.378 0.1000000015
15731  35.191  -69.166  4.300 0.1000000015
15735  31.899  -69.919  4.706 0.1000000015
15753  35.762  -69.599  2.798 0.1000000015
15754  35.015  -69.886  2.820 0.1000000015
15774  50.773  -68.810  0.214 0.1000000015
15812  50.389  -68.944  -0.624 0.1000000015
15814  41.127  -69.814  -1.312 0.3000000119
15838  40.069  -69.554  -3.534 0.4000000060
15849  43.987  -69.424  -5.038 0.1000000015
15851  41.517  -69.103  -4.583 0.2000000030
15907  38.758  -69.913  -8.293 0.1000000015
15919  44.462  -70.313  -11.381 0.1000000015
15921  41.879  -70.303  -10.596 0.1000000015
15922  40.950  -69.631  -9.813 0.1000000015
15937  44.354  -70.243  -12.132 0.1000000015
15938  43.828  -69.988  -12.144 0.2000000030
16458  39.006  -68.347  5.593 0.1000000015
16491  36.454  -68.762  4.005 0.1000000015
16519  50.771  -67.995  0.119 0.1000000015
16532  50.329  -68.217  -0.685 0.1000000015
16533  49.589  -68.104  -1.177 0.4000000060
16539  41.602  -68.091  -0.651 0.4000000060
16555  38.700  -68.553  -1.848 0.5000000000
16584  39.102  -68.452  -3.842 0.3000000119
16590  41.935  -67.986  -5.363 0.2000000030
16596  43.002  -67.987  -6.264 0.1000000015
16624  40.572  -68.502  -9.762 0.1000000015
16636  43.096  -69.319  -11.573 0.2000000030
16664  45.416  -68.520  -12.315 0.2000000030
16665  44.922  -68.709  -12.574 0.2000000030
17237  39.582  -67.807  4.225 0.1000000015
17250  40.790  -67.862  2.939 0.1000000015
17264  50.821  -67.078  0.037 0.1000000015
17284  39.026  -67.359  -0.638 0.5000000000
17312  37.965  -67.913  -2.797 0.5000000000
17341  44.416  -67.314  -9.142 0.2000000030
17349  45.203  -68.435  -10.550 0.3000000119
17383  44.774  -67.843  -12.732 0.2000000030
17994  50.650  -66.611  0.005 0.2000000030
18011  49.593  -65.716  -0.006 0.2000000030
18021  37.642  -66.416  -0.638 0.5000000000
18045  36.852  -66.895  -2.524 0.5000000000
18070  37.673  -66.066  -4.239 0.4000000060
18074  41.261  -66.958  -5.828 0.4000000060
18091  43.674  -66.805  -8.318 0.2000000030
18122  46.412  -67.162  -11.829 0.2000000030
18123  44.086  -67.479  -12.291 0.1000000015
18124  43.211  -67.053  -11.602 0.1000000015
18782  49.179  -65.126  0.756 0.2000000030
18798  48.994  -64.918  0.345 0.1000000015
18804  35.919  -65.069  -0.793 0.4000000060
18816  36.116  -65.891  -1.664 0.5000000000
18828  36.294  -65.324  -2.731 0.5000000000
18838  37.104  -65.726  -3.807 0.4000000060
18877  39.521  -65.313  -6.388 0.4000000060
18878  38.836  -65.023  -6.103 0.4000000060
18888  41.616  -65.436  -7.427 0.3000000119
18898  45.850  -65.871  -10.258 0.3000000119
18923  47.090  -65.898  -11.657 0.2000000030
18935  46.870  -66.002  -12.270 0.2000000030
18936  46.030  -66.002  -12.878 0.2000000030
18946  45.589  -65.411  -13.328 0.1000000015
19664  35.837  -64.896  -2.141 0.5000000000
19726  44.169  -64.082  -9.547 0.3000000119
19737  46.950  -65.110  -11.406 0.2000000030
19762  46.994  -64.774  -13.041 0.1000000015
19774  46.551  -64.365  -13.700 0.1000000015
20524  36.777  -63.812  -5.129 0.4000000060
20532  39.347  -64.037  -6.771 0.4000000060
20534  37.585  -62.963  -6.037 0.4000000060
20555  42.491  -63.562  -8.731 0.3000000119
20556  41.755  -63.420  -8.370 0.3000000119
20574  46.567  -63.530  -11.023 0.3000000119
20613  46.735  -63.161  -14.770 0.1000000015
21149  34.220  -61.700  14.038 0.1000000015
21353  36.205  -62.470  1.482 0.5000000000
21463  45.804  -62.322  -10.935 0.2000000030
21470  46.851  -62.861  -12.107 0.1000000015
21478  47.031  -62.970  -13.196 0.1000000015
21491  47.112  -63.102  -14.179 0.1000000015
21501  46.243  -62.956  -15.191 0.1000000015
22346  39.948  -61.042  -7.956 0.2000000030
22363  43.023  -61.680  -9.529 0.2000000030
22373  44.022  -60.890  -10.054 0.1000000015
22402  46.962  -62.490  -13.826 0.1000000015
23268  42.588  -60.289  -3.211 0.1000000015
23368  45.960  -60.699  -14.099 0.1000000015
24213  39.599  -59.356  -7.688 0.2000000030
24230  42.749  -59.328  -9.692 0.1000000015
24986  40.233  -59.262  -1.715 0.1000000015
25052  37.421  -58.366  -5.768 0.1000000015
25695  34.944  -57.139  5.565 0.1000000015
25838  37.765  -58.015  -4.474 0.2000000030
25891  42.853  -57.274  -10.077 0.1000000015
25893  42.209  -57.824  -9.310 0.1000000015
26714  41.708  -56.421  -8.732 0.1000000015
26721  42.908  -56.159  -9.796 0.1000000015
26742  43.369  -56.748  -11.313 0.1000000015
112033  47.133  -64.040  -13.342 0.1000000015
112392  43.212  -68.287  -7.109 0.2000000030
112975  49.386  -65.891  1.182 0.2000000030
113874  28.868  -78.057  14.716 0.1000000015
113920  32.794  -69.534  7.522 0.1000000015
113988  32.161  -74.299  13.363 0.1000000015
114322  30.512  -71.799  4.701 0.1000000015
114559  43.371  -59.784  -10.047 0.1000000015
114808  45.966  -77.291  -3.130 0.2000000030
115321  49.173  -66.214  -0.580 0.2000000030
115431  48.266  -64.587  1.125 0.2000000030
115962  43.289  -73.683  -8.622 0.2000000030
116255  39.645  -68.279  -4.341 0.4000000060
116832  39.873  -57.015  -7.342 0.1000000015
117312  43.494  -75.763  -3.998 0.1000000015
117544  46.405  -66.417  -10.706 0.3000000119
117561  39.071  -68.074  3.671 0.1000000015
118747  43.602  -69.702  -0.655 0.4000000060
119011  34.668  -70.870  12.423 0.1000000015
119583  36.063  -72.850  1.316 0.1000000015
119907  43.075  -71.210  -3.370 0.2000000030
120116  35.840  -61.172  -2.640 0.3000000119
120349  46.014  -61.820  -11.916 0.1000000015
120632  50.700  -67.598  -0.202 0.1000000015
120683  40.125  -69.821  -1.997 0.4000000060
120803  36.769  -59.996  -5.574 0.2000000030
121115  31.610  -69.356  7.797 0.1000000015
121120  32.837  -69.659  4.683 0.1000000015
121242  34.245  -70.166  2.773 0.1000000015
121396  36.214  -62.230  -4.674 0.4000000060
121475  34.292  -72.959  1.545 0.1000000015
121781  47.229  -64.224  -12.446 0.1000000015
121972  42.813  -70.930  -11.375 0.1000000015
122368  32.982  -82.038  14.680 0.1000000015
123369  49.991  -70.491  1.346 0.1000000015
123892  36.260  -63.934  -3.625 0.4000000060
123960  45.083  -65.284  -9.752 0.4000000060
124379  30.610  -69.654  8.581 0.1000000015
125257  45.023  -67.675  -9.821 0.3000000119
125452  43.840  -70.769  -0.914 0.3000000119
126728  36.287  -61.077  -3.961 0.4000000060
128558  44.205  -71.650  -3.175 0.2000000030
128909  42.593  -66.262  -7.326 0.2000000030
129334  43.852  -59.537  -10.465 0.1000000015
129731  37.242  -59.538  -2.124 0.1000000015
129903  31.673  -71.675  12.701 0.1000000015
129909  40.408  -70.082  -2.381 0.3000000119
130566  39.058  -62.767  7.851 0.2000000030
130717  44.916  -60.441  -11.685 0.1000000015
130945  30.527  -70.178  10.589 0.1000000015
131365  32.164  -69.366  7.681 0.1000000015
133848  33.169  -75.792  13.513 0.1000000015
134025  43.504  -57.287  -11.729 0.1000000015
134600  38.436  -67.093  -4.290 0.4000000060
