#!ascii label  , from subject bert vox2ras=TkReg
237
19540  39.287  -64.213  5.330 0.0000000000
15792  42.680  -69.474  -0.702 0.0000000000
19557  44.831  -65.134  4.669 0.0000000000
18790  40.351  -65.649  0.805 0.0000000000
18783  48.691  -64.751  0.878 0.0000000000
19593  46.504  -64.312  2.390 0.0000000000
17990  46.302  -66.775  1.789 0.0000000000
17281  41.970  -67.103  -0.452 0.0000000000
18802  37.337  -65.679  -0.226 0.0000000000
19560  41.758  -64.443  5.081 0.0000000000
19597  42.387  -64.641  2.802 0.0000000000
18786  44.541  -65.288  0.824 0.0000000000
129900  45.931  -67.307  -0.654 0.0000000000
15788  50.690  -68.491  -0.232 0.0000000000
21282  37.882  -62.942  7.203 0.0000000000
19532  41.417  -63.987  7.140 0.0000000000
114217  43.495  -66.286  6.506 0.0000000000
19629  36.622  -63.979  1.278 0.0000000000
17979  46.343  -66.243  2.737 0.0000000000
16538  42.516  -68.515  -0.624 0.0000000000
16540  39.527  -68.109  -0.800 0.0000000000
19536  43.146  -64.646  5.369 0.0000000000
125983  43.731  -64.497  4.163 0.0000000000
18769  47.457  -64.527  1.553 0.0000000000
18771  45.249  -64.629  1.501 0.0000000000
18785  46.794  -64.873  0.604 0.0000000000
111344  45.316  -66.310  -0.287 0.0000000000
18013  47.455  -65.773  -0.269 0.0000000000
15789  49.079  -69.119  -1.222 0.0000000000
17915  41.742  -65.932  7.227 0.0000000000
18705  41.910  -64.601  6.803 0.0000000000
111205  42.362  -66.923  7.168 0.0000000000
19625  40.279  -65.245  1.971 0.0000000000
18777  38.914  -65.147  1.328 0.0000000000
18817  35.877  -65.308  -1.531 0.0000000000
19638  35.755  -64.275  -0.606 0.0000000000
18730  45.766  -65.816  4.637 0.0000000000
19556  45.483  -64.980  4.121 0.0000000000
132485  46.486  -65.246  3.406 0.0000000000
17977  47.246  -65.021  2.274 0.0000000000
17997  48.490  -65.731  1.394 0.0000000000
18003  40.885  -66.073  0.321 0.0000000000
18005  39.067  -66.108  0.185 0.0000000000
18019  39.544  -66.668  -0.232 0.0000000000
18030  37.076  -66.898  -1.305 0.0000000000
15021  43.218  -71.101  -1.426 0.0000000000
19562  39.897  -64.410  4.645 0.0000000000
19598  41.443  -64.727  2.791 0.0000000000
126039  41.475  -65.275  1.459 0.0000000000
19595  44.398  -64.398  2.708 0.0000000000
18773  43.125  -65.004  1.416 0.0000000000
18788  42.540  -65.453  0.831 0.0000000000
129953  43.075  -66.386  -0.152 0.0000000000
17280  43.478  -67.504  -0.535 0.0000000000
116079  44.537  -68.911  -0.604 0.0000000000
17995  50.267  -66.154  0.093 0.0000000000
112918  49.115  -67.123  -1.161 0.0000000000
115874  46.718  -68.807  -0.788 0.0000000000
125193  45.128  -69.737  -0.658 0.0000000000
20405  36.838  -63.145  5.498 0.0000000000
20403  38.757  -63.840  6.031 0.0000000000
20385  40.059  -63.230  7.157 0.0000000000
20401  40.578  -63.761  6.600 0.0000000000
19538  41.172  -64.297  5.926 0.0000000000
19531  42.505  -64.779  6.124 0.0000000000
18702  44.381  -65.687  5.644 0.0000000000
17923  44.476  -67.020  6.343 0.0000000000
17922  45.003  -66.729  5.601 0.0000000000
18794  36.956  -65.043  0.176 0.0000000000
20425  38.276  -63.933  4.874 0.0000000000
21310  37.142  -63.067  4.082 0.0000000000
15794  40.851  -68.959  -0.973 0.0000000000
19558  43.922  -64.658  4.726 0.0000000000
19559  43.110  -64.419  4.600 0.0000000000
18784  47.880  -64.409  0.942 0.0000000000
18770  46.975  -64.390  1.307 0.0000000000
18800  47.446  -65.012  0.327 0.0000000000
17998  46.488  -65.662  -0.055 0.0000000000
18799  48.328  -64.906  0.459 0.0000000000
15019  50.175  -70.312  -0.688 0.0000000000
18775  40.695  -65.377  1.383 0.0000000000
18776  39.873  -65.334  1.335 0.0000000000
20493  35.756  -64.017  -2.112 0.0000000000
18729  46.175  -65.712  4.049 0.0000000000
17948  45.921  -66.527  4.266 0.0000000000
17978  46.875  -65.593  2.805 0.0000000000
112700  47.144  -65.734  2.261 0.0000000000
17989  48.052  -64.996  1.741 0.0000000000
17256  47.535  -66.160  1.712 0.0000000000
18017  41.427  -66.519  -0.145 0.0000000000
18018  40.498  -66.630  -0.165 0.0000000000
129555  37.996  -67.339  -1.044 0.0000000000
17296  37.395  -67.606  -1.721 0.0000000000
18031  36.502  -66.377  -1.489 0.0000000000
19561  40.828  -64.457  4.941 0.0000000000
114461  41.403  -64.479  4.231 0.0000000000
126038  41.004  -65.118  2.105 0.0000000000
19624  41.889  -64.913  2.097 0.0000000000
19594  45.961  -64.336  2.835 0.0000000000
19574  45.164  -64.386  3.406 0.0000000000
126082  45.289  -64.301  2.634 0.0000000000
18772  44.130  -64.899  1.441 0.0000000000
18787  43.462  -65.431  0.784 0.0000000000
18001  42.820  -65.923  0.260 0.0000000000
18000  43.816  -66.010  0.169 0.0000000000
17278  46.167  -66.511  -0.513 0.0000000000
121564  44.394  -66.954  -0.532 0.0000000000
17279  45.220  -67.145  -0.617 0.0000000000
114025  44.391  -67.833  -0.574 0.0000000000
16536  45.313  -67.969  -0.643 0.0000000000
14197  49.007  -71.748  3.178 0.0000000000
14985  50.666  -69.464  0.536 0.0000000000
15776  50.268  -69.181  1.102 0.0000000000
15775  50.597  -68.715  0.579 0.0000000000
17274  50.622  -66.790  -0.111 0.0000000000
17275  49.904  -66.464  -0.484 0.0000000000
112514  50.127  -67.328  -0.698 0.0000000000
15000  48.184  -69.944  -1.092 0.0000000000
15790  47.844  -68.963  -1.041 0.0000000000
124673  47.071  -69.812  -0.817 0.0000000000
15001  46.057  -69.686  -0.709 0.0000000000
130232  46.432  -70.444  -0.855 0.0000000000
21283  36.810  -62.803  6.726 0.0000000000
20388  37.482  -63.290  6.382 0.0000000000
20404  37.796  -63.614  5.697 0.0000000000
20387  38.343  -63.354  6.656 0.0000000000
19522  40.987  -63.989  7.574 0.0000000000
20368  40.079  -63.032  7.780 0.0000000000
117434  40.688  -63.555  7.330 0.0000000000
116999  41.182  -63.901  6.803 0.0000000000
18704  42.859  -65.354  6.435 0.0000000000
18712  43.512  -65.159  5.840 0.0000000000
18703  44.022  -65.937  6.154 0.0000000000
118794  44.838  -69.195  6.438 0.0000000000
17188  45.388  -67.913  6.037 0.0000000000
18801  38.180  -65.918  -0.039 0.0000000000
18793  37.745  -65.378  0.413 0.0000000000
20476  35.740  -63.433  -0.363 0.0000000000
116062  42.581  -67.652  -0.551 0.0000000000
17282  41.009  -67.249  -0.464 0.0000000000
128145  42.522  -64.436  5.068 0.0000000000
112920  42.295  -64.433  4.379 0.0000000000
19596  43.368  -64.543  2.759 0.0000000000
19619  46.776  -64.284  1.927 0.0000000000
19620  45.905  -64.217  2.150 0.0000000000
134560  46.229  -64.413  1.600 0.0000000000
120650  45.813  -64.947  0.902 0.0000000000
17999  44.936  -65.811  0.259 0.0000000000
133418  45.844  -65.546  0.244 0.0000000000
16552  49.967  -68.838  -0.964 0.0000000000
15813  49.992  -69.647  -0.962 0.0000000000
14999  49.168  -69.983  -1.281 0.0000000000
19521  41.511  -64.385  7.258 0.0000000000
18693  41.987  -65.148  7.047 0.0000000000
17914  42.629  -66.118  6.812 0.0000000000
19627  38.053  -64.696  1.645 0.0000000000
19632  37.269  -64.735  1.015 0.0000000000
122942  36.266  -65.724  -1.080 0.0000000000
18803  36.556  -65.401  -0.440 0.0000000000
19649  35.712  -64.556  -1.408 0.0000000000
20481  35.679  -63.668  -1.260 0.0000000000
114053  44.561  -64.582  4.133 0.0000000000
19573  46.013  -64.788  3.493 0.0000000000
19572  46.551  -64.621  2.916 0.0000000000
17963  46.893  -65.141  2.931 0.0000000000
18755  46.985  -64.488  2.333 0.0000000000
18791  39.478  -65.601  0.740 0.0000000000
18004  39.972  -66.164  0.312 0.0000000000
18020  38.569  -66.602  -0.392 0.0000000000
17283  40.017  -67.315  -0.496 0.0000000000
18022  36.850  -66.114  -0.829 0.0000000000
18829  35.986  -65.582  -2.056 0.0000000000
15004  42.912  -70.432  -0.978 0.0000000000
19563  38.979  -64.277  4.333 0.0000000000
19621  44.794  -64.428  2.062 0.0000000000
19622  43.737  -64.562  2.026 0.0000000000
19623  42.775  -64.689  2.038 0.0000000000
18774  42.263  -65.123  1.453 0.0000000000
130624  41.847  -65.443  0.952 0.0000000000
18789  41.175  -65.576  0.837 0.0000000000
18002  41.851  -65.895  0.374 0.0000000000
18016  42.324  -66.430  -0.152 0.0000000000
18014  44.400  -66.386  -0.222 0.0000000000
18015  43.648  -66.670  -0.372 0.0000000000
122107  42.842  -66.925  -0.439 0.0000000000
133441  43.023  -68.059  -0.584 0.0000000000
16537  43.459  -68.568  -0.581 0.0000000000
111519  49.294  -71.010  2.279 0.0000000000
112939  49.893  -66.540  0.598 0.0000000000
18781  49.612  -65.555  0.496 0.0000000000
18012  48.721  -65.580  -0.109 0.0000000000
17276  48.171  -66.484  -0.705 0.0000000000
17277  46.896  -66.938  -0.712 0.0000000000
16534  48.647  -68.164  -1.271 0.0000000000
112647  47.636  -67.753  -0.957 0.0000000000
16535  46.312  -67.921  -0.749 0.0000000000
115873  45.645  -68.801  -0.660 0.0000000000
15791  44.349  -69.940  -0.662 0.0000000000
15003  44.760  -70.624  -0.797 0.0000000000
22212  35.630  -62.017  5.178 0.0000000000
21299  36.013  -62.600  5.834 0.0000000000
20349  39.944  -63.001  8.117 0.0000000000
21281  38.836  -62.918  7.443 0.0000000000
20386  39.294  -63.232  6.927 0.0000000000
20402  39.742  -63.743  6.323 0.0000000000
19539  40.256  -64.231  5.653 0.0000000000
115049  41.709  -64.347  6.537 0.0000000000
19537  42.154  -64.528  5.742 0.0000000000
19535  44.161  -65.069  5.285 0.0000000000
18711  45.064  -65.861  5.147 0.0000000000
18792  38.595  -65.555  0.599 0.0000000000
19631  38.100  -65.154  1.011 0.0000000000
19633  36.478  -64.400  0.544 0.0000000000
19637  36.183  -64.728  -0.129 0.0000000000
19634  35.893  -64.030  0.151 0.0000000000
14965  49.735  -70.086  1.451 0.0000000000
15774  50.773  -68.810  0.214 0.0000000000
15812  50.389  -68.944  -0.624 0.0000000000
16519  50.771  -67.995  0.119 0.0000000000
16532  50.329  -68.217  -0.685 0.0000000000
16533  49.589  -68.104  -1.177 0.0000000000
17264  50.821  -67.078  0.037 0.0000000000
17284  39.026  -67.359  -0.638 0.0000000000
17994  50.650  -66.611  0.005 0.0000000000
18011  49.593  -65.716  -0.006 0.0000000000
18021  37.642  -66.416  -0.638 0.0000000000
18782  49.179  -65.126  0.756 0.0000000000
18798  48.994  -64.918  0.345 0.0000000000
18804  35.919  -65.069  -0.793 0.0000000000
18816  36.116  -65.891  -1.664 0.0000000000
19664  35.837  -64.896  -2.141 0.0000000000
115321  49.173  -66.214  -0.580 0.0000000000
115431  48.266  -64.587  1.125 0.0000000000
118747  43.602  -69.702  -0.655 0.0000000000
120475  49.980  -65.952  0.371 0.0000000000
120632  50.700  -67.598  -0.202 0.0000000000
125452  43.840  -70.769  -0.914 0.0000000000
