#!ascii label  , from subject bert vox2ras=TkReg
559
53250  24.755  -25.188  -14.089 0.1428571492
53243  23.076  -25.554  -13.873 0.1428571492
134331  23.818  -24.104  -15.015 0.1428571492
53241  25.537  -25.618  -13.662 0.1428571492
54043  24.951  -24.480  -14.567 0.2857142985
54866  23.331  -24.372  -14.567 0.1428571492
54042  25.851  -24.256  -14.363 0.1428571492
55734  24.218  -22.828  -15.912 0.5714285970
54863  26.255  -23.489  -14.792 0.1428571492
55718  27.593  -22.924  -14.941 0.2857142985
54869  26.902  -23.117  -15.133 0.2857142985
131199  28.883  -22.264  -14.969 0.1428571492
55730  28.037  -22.287  -15.441 0.2857142985
57736  29.264  -20.385  -16.267 0.2857142985
57737  28.490  -20.509  -16.965 0.1428571492
56711  28.550  -20.994  -16.169 0.2857142985
59494  30.240  -18.436  -17.348 0.2857142985
58630  30.356  -19.382  -16.277 0.2857142985
60314  30.457  -17.688  -17.633 0.2857142985
59509  29.931  -18.188  -17.998 0.2857142985
61134  31.111  -16.132  -18.305 0.2857142985
62776  31.437  -14.235  -19.574 0.8571428657
62007  31.199  -15.073  -19.340 0.4285714328
61122  30.696  -16.891  -17.984 0.2857142985
64597  31.775  -12.468  -20.176 0.7142857313
63669  31.724  -13.320  -19.788 0.7142857313
62777  30.711  -14.628  -19.982 0.7142857313
65494  32.356  -11.740  -19.976 0.8571428657
64611  31.275  -12.262  -20.761 0.8571428657
63681  31.203  -13.075  -20.567 0.7142857313
63670  31.082  -13.915  -20.356 0.7142857313
129373  32.732  -10.427  -20.884 0.4285714328
65505  32.213  -11.202  -20.568 0.7142857313
65495  31.823  -11.829  -20.456 0.8571428657
67989  33.418  -8.879  -21.522 0.2857142985
67204  32.960  -9.648  -21.268 0.7142857313
115141  31.829  -10.778  -21.014 0.8571428657
68766  33.941  -8.046  -21.738 0.1428571492
67988  34.116  -8.851  -21.171 0.1428571492
67997  33.260  -7.924  -21.860 0.4285714328
67210  32.367  -9.360  -21.408 0.5714285970
66356  32.175  -10.059  -21.259 0.8571428657
69595  33.571  -6.164  -22.727 0.1428571492
68774  33.821  -7.124  -22.271 0.1428571492
68775  33.095  -7.073  -22.204 0.1428571492
134274  31.859  -8.991  -21.400 0.8571428657
71257  33.044  -4.520  -22.301 0.1428571492
131887  33.671  -5.432  -23.010 0.1428571492
69586  33.112  -5.558  -22.530 0.1428571492
69596  32.900  -6.425  -22.224 0.1428571492
69587  32.224  -6.239  -21.257 0.4285714328
119625  32.460  -7.772  -21.647 0.5714285970
122349  31.686  -8.356  -21.408 0.7142857313
67999  31.081  -8.977  -21.259 0.8571428657
133487  32.592  -3.921  -20.893 0.1428571492
70436  32.486  -5.364  -21.191 0.1428571492
70437  31.520  -5.637  -20.641 0.5714285970
68776  31.551  -7.626  -21.327 0.8571428657
120046  30.630  -8.182  -21.182 0.8571428657
71985  33.199  -3.605  -22.131 0.1428571492
72714  32.357  -3.059  -20.796 0.2857142985
71258  31.892  -4.666  -20.607 0.1428571492
71259  30.646  -4.304  -20.500 0.8571428657
124590  31.097  -6.440  -20.725 0.8571428657
130999  31.581  -6.955  -21.113 0.7142857313
70438  30.438  -5.800  -20.560 0.8571428657
121647  30.863  -2.078  -20.414 0.1428571492
73504  31.564  -1.610  -20.551 0.1428571492
72715  31.099  -2.904  -20.507 0.4285714328
71987  30.416  -3.464  -20.580 0.8571428657
71260  29.742  -3.977  -20.738 0.8571428657
116380  29.801  -4.979  -20.619 0.8571428657
71270  28.981  -4.414  -21.248 0.8571428657
73505  30.618  -1.131  -20.328 0.1428571492
74258  30.602  -0.148  -20.186 0.2857142985
127694  30.115  -1.797  -20.482 0.8571428657
72716  30.092  -2.616  -20.586 0.8571428657
71988  29.712  -3.260  -20.764 0.8571428657
72730  29.259  -2.757  -20.938 0.8571428657
71997  29.145  -3.510  -21.110 0.8571428657
114325  31.272  0.260  -20.313 0.2857142985
74259  29.875  -0.489  -20.283 0.8571428657
72717  29.400  -1.981  -20.704 0.8571428657
73523  28.076  -1.521  -21.286 0.8571428657
71998  28.557  -2.988  -21.321 0.8571428657
75049  29.613  0.385  -20.186 0.8571428657
73507  28.782  -1.319  -20.795 0.8571428657
75059  28.039  0.374  -20.959 0.7142857313
74272  28.153  -0.644  -21.049 0.7142857313
75929  28.975  1.203  -20.335 0.8571428657
74260  28.930  -0.349  -20.504 0.8571428657
75938  28.285  1.235  -20.815 0.8571428657
75937  28.580  1.809  -20.739 0.8571428657
76699  30.098  2.725  -19.914 0.7142857313
76700  29.371  2.703  -20.243 0.8571428657
77422  29.847  3.483  -20.123 0.8571428657
77429  28.900  3.397  -20.690 0.8571428657
123887  29.515  4.933  -20.668 0.7142857313
75050  28.727  0.560  -20.468 0.8571428657
76708  28.549  2.573  -20.879 0.8571428657
78883  33.625  5.500  -21.740 0.1428571492
78158  30.067  4.372  -20.337 0.7142857313
123412  30.187  5.014  -20.503 0.7142857313
78159  29.236  4.177  -20.642 0.8571428657
79620  33.901  7.008  -22.669 0.1428571492
78876  31.415  5.415  -20.444 0.5714285970
115672  31.727  6.137  -20.544 0.5714285970
80347  31.232  7.506  -20.629 0.5714285970
124909  32.690  7.046  -21.131 0.1428571492
81086  33.414  8.440  -23.933 0.1428571492
81040  31.443  8.367  -20.764 0.5714285970
81743  33.503  9.049  -23.345 0.1428571492
81751  32.887  9.733  -24.742 0.1428571492
81053  32.740  8.605  -21.374 0.1428571492
80346  32.053  7.659  -20.803 0.5714285970
82370  32.954  10.094  -23.932 0.1428571492
82359  32.956  10.343  -23.134 0.1428571492
82371  32.561  10.604  -24.685 0.1428571492
129154  32.556  10.890  -22.985 0.1428571492
52449  24.079  -26.485  -13.542 0.1428571492
54864  25.255  -23.733  -14.939 0.2857142985
54862  27.225  -23.516  -14.510 0.2857142985
57728  29.803  -20.536  -15.591 0.2857142985
56703  29.321  -21.044  -15.531 0.2857142985
119474  28.734  -21.658  -15.493 0.1428571492
61135  30.562  -16.716  -18.913 0.2857142985
60324  30.128  -17.588  -18.587 0.2857142985
61996  30.915  -15.896  -19.120 0.5714285970
65493  32.884  -11.311  -19.606 0.2857142985
62788  30.361  -14.330  -20.719 0.7142857313
66355  33.418  -10.206  -20.506 0.1428571492
66368  31.290  -10.357  -21.278 0.8571428657
67998  32.583  -8.637  -21.552 0.7142857313
69588  30.127  -6.626  -20.723 0.8571428657
75048  30.564  0.726  -20.158 0.8571428657
75918  29.941  2.058  -19.989 0.8571428657
77428  30.731  3.856  -20.117 0.8571428657
78157  30.919  4.701  -20.324 0.7142857313
79611  32.545  6.224  -20.888 0.2857142985
80356  32.749  7.848  -21.272 0.1428571492
81075  33.712  8.448  -22.995 0.1428571492
81761  32.020  9.790  -26.078 0.1428571492
116624  23.363  -26.864  -13.590 0.1428571492
54871  25.586  -23.145  -15.529 0.4285714328
55731  27.043  -22.664  -15.813 0.2857142985
54870  26.358  -22.980  -15.485 0.4285714328
55733  25.078  -22.852  -16.192 0.2857142985
56704  28.049  -21.577  -16.013 0.1428571492
57735  30.025  -19.993  -15.906 0.2857142985
58639  29.332  -19.562  -17.487 0.2857142985
58632  29.068  -20.028  -17.074 0.2857142985
59487  29.966  -19.131  -17.065 0.2857142985
62008  30.460  -15.458  -19.688 0.7142857313
69594  34.208  -6.344  -22.588 0.1428571492
71256  33.625  -4.114  -22.998 0.1428571492
121858  31.668  -2.361  -20.577 0.2857142985
68767  30.752  -7.240  -20.951 0.8571428657
68777  29.845  -7.515  -21.035 1.0000000000
74257  31.565  -0.605  -20.487 0.1428571492
115543  31.448  1.065  -20.415 0.2857142985
75927  30.632  1.531  -20.102 0.5714285970
75917  30.689  2.286  -19.985 0.5714285970
77427  31.435  3.362  -20.295 0.5714285970
78875  32.308  5.430  -20.605 0.4285714328
78155  32.746  4.678  -20.820 0.2857142985
78884  33.048  5.469  -21.101 0.2857142985
79610  33.350  6.368  -21.528 0.1428571492
80355  33.333  7.325  -21.635 0.1428571492
81725  32.601  9.369  -21.496 0.2857142985
81063  33.811  7.832  -22.640 0.1428571492
120443  33.298  9.691  -23.260 0.1428571492
82340  32.960  9.674  -22.052 0.1428571492
82351  32.653  10.459  -22.347 0.1428571492
82986  32.359  11.423  -24.287 0.1428571492
82976  32.329  11.457  -23.389 0.1428571492
82993  32.156  11.357  -25.164 0.1428571492
121667  31.264  1.853  -20.243 0.4285714328
75916  31.378  2.539  -20.243 0.4285714328
76707  32.006  2.835  -20.777 0.4285714328
77426  32.235  3.818  -20.707 0.4285714328
117021  31.457  4.075  -20.339 0.5714285970
78156  31.912  4.671  -20.450 0.5714285970
54034  25.496  -24.912  -14.108 0.1428571492
54044  24.067  -24.706  -14.565 0.1428571492
53242  23.898  -25.546  -13.883 0.1428571492
133258  23.305  -26.276  -13.705 0.1428571492
118585  23.997  -23.560  -15.419 0.4285714328
115690  24.717  -23.372  -15.562 0.5714285970
54041  26.785  -24.068  -14.046 0.1428571492
58631  29.662  -19.732  -16.686 0.2857142985
63682  30.576  -13.601  -20.987 0.7142857313
66350  32.931  -10.967  -20.251 0.8571428657
65506  31.466  -11.509  -20.876 0.8571428657
67203  33.658  -9.579  -21.005 0.5714285970
69597  32.321  -7.059  -21.647 0.1428571492
71986  31.530  -3.723  -20.525 0.5714285970
123804  30.838  -5.097  -20.472 0.8571428657
73506  29.608  -1.180  -20.484 0.8571428657
72731  28.651  -2.171  -21.071 0.8571428657
112373  29.798  1.290  -20.074 0.8571428657
75928  29.160  1.940  -20.332 0.8571428657
79621  33.896  6.206  -22.176 0.1428571492
79601  31.927  6.908  -20.623 0.5714285970
79602  31.061  6.745  -20.579 0.5714285970
81096  33.146  8.130  -24.759 0.1428571492
81039  32.234  8.304  -21.012 0.4285714328
81734  33.456  9.188  -22.570 0.1428571492
81758  32.600  9.290  -25.498 0.1428571492
81757  33.058  8.880  -24.778 0.1428571492
81064  33.636  8.373  -22.243 0.1428571492
81724  33.226  8.919  -21.830 0.1428571492
56702  30.106  -21.062  -15.130 0.1428571492
55732  26.016  -22.570  -16.184 0.4285714328
58651  29.085  -19.397  -18.131 0.5714285970
82341  32.393  10.154  -21.650 0.1428571492
58652  28.482  -19.579  -18.390 0.5714285970
58654  26.831  -19.438  -18.654 0.5714285970
58656  25.164  -19.140  -18.445 0.2857142985
59525  28.027  -18.308  -19.248 0.5714285970
59512  27.321  -18.699  -18.982 0.5714285970
58655  25.419  -19.974  -18.198 0.4285714328
59496  24.523  -18.586  -18.406 0.2857142985
59514  25.939  -18.430  -19.078 0.4285714328
61136  29.972  -17.156  -19.326 0.4285714328
60333  28.103  -17.541  -19.562 0.5714285970
60334  27.003  -17.626  -20.125 0.5714285970
61150  26.373  -17.436  -20.216 0.4285714328
61147  29.424  -16.589  -19.746 0.5714285970
61148  28.452  -16.771  -19.894 0.5714285970
61149  27.520  -17.064  -20.245 0.4285714328
62010  28.848  -16.104  -20.361 0.7142857313
62022  28.413  -15.726  -21.144 0.4285714328
62009  29.647  -15.778  -20.001 0.4285714328
59527  26.565  -18.121  -19.516 0.4285714328
60327  24.680  -17.817  -19.020 0.2857142985
59515  23.984  -17.770  -18.563 0.2857142985
60343  26.881  -17.235  -20.622 0.4285714328
61146  30.239  -16.316  -19.489 0.7142857313
62789  29.589  -14.646  -21.071 0.7142857313
62801  28.147  -14.417  -21.936 0.4285714328
62800  29.088  -13.990  -21.637 0.7142857313
63694  28.297  -13.590  -22.166 0.5714285970
64624  29.128  -13.072  -22.054 0.7142857313
64625  28.327  -12.780  -22.355 0.2857142985
62778  30.007  -15.066  -20.389 0.5714285970
64623  29.992  -12.393  -21.902 0.7142857313
120706  29.075  -12.271  -22.275 0.7142857313
65523  28.935  -11.476  -22.302 0.7142857313
122760  28.276  -11.985  -22.534 0.4285714328
66385  28.356  -10.266  -22.656 0.4285714328
64613  29.906  -13.309  -21.540 0.5714285970
65507  30.794  -11.937  -21.358 0.5714285970
65521  30.304  -11.502  -21.796 0.5714285970
66370  29.643  -10.926  -22.015 0.7142857313
119340  29.197  -10.089  -22.124 0.7142857313
67214  28.945  -9.320  -21.949 0.7142857313
131676  28.688  -9.762  -22.370 0.7142857313
67225  28.219  -9.379  -22.630 0.5714285970
68002  28.514  -8.539  -21.977 0.5714285970
66369  30.484  -10.665  -21.584 0.5714285970
67212  30.612  -9.758  -21.345 0.7142857313
122005  29.941  -10.186  -21.708 0.7142857313
68001  29.511  -8.542  -21.363 0.8571428657
68778  28.944  -7.671  -21.487 0.7142857313
68785  28.061  -7.643  -22.212 0.5714285970
69599  28.602  -6.970  -21.672 0.7142857313
67213  29.731  -9.481  -21.548 0.7142857313
69606  28.077  -6.675  -22.220 0.5714285970
71277  27.649  -4.987  -22.413 0.2857142985
69598  29.282  -6.799  -21.138 0.7142857313
71272  27.461  -4.128  -22.340 0.7142857313
70448  28.691  -6.100  -21.528 0.8571428657
128020  28.511  -3.717  -21.429 0.8571428657
120732  29.082  -5.319  -21.193 0.8571428657
71271  28.080  -4.311  -21.728 0.5714285970
71999  27.856  -3.372  -21.816 0.8571428657
72003  27.256  -3.444  -22.474 0.7142857313
70439  29.534  -5.932  -20.842 0.8571428657
72732  27.948  -2.398  -21.553 0.8571428657
73524  27.438  -1.680  -21.866 0.7142857313
75939  27.590  1.349  -21.377 0.7142857313
76715  28.027  2.017  -21.243 0.5714285970
76716  27.163  2.294  -21.870 0.7142857313
114923  27.894  2.705  -21.509 0.7142857313
77433  28.149  3.307  -21.372 0.8571428657
78167  28.410  4.040  -21.172 0.7142857313
77434  27.384  3.185  -21.808 0.7142857313
78168  27.848  4.685  -21.443 0.7142857313
78886  27.297  5.382  -21.664 0.7142857313
124519  28.685  4.815  -20.982 0.7142857313
78885  28.154  5.495  -21.229 0.7142857313
124509  26.801  5.994  -21.861 0.5714285970
79605  28.539  6.235  -21.074 0.4285714328
79612  27.597  6.324  -21.432 0.5714285970
78879  29.032  5.602  -20.871 0.5714285970
80350  28.440  7.244  -21.166 0.5714285970
123439  27.425  7.169  -21.452 0.5714285970
79622  26.091  6.155  -22.298 0.4285714328
79614  25.632  7.068  -22.315 0.5714285970
80358  26.918  7.784  -21.611 0.5714285970
79613  26.623  6.887  -21.763 0.5714285970
79615  24.579  7.119  -22.473 0.4285714328
78892  23.766  5.508  -22.880 0.4285714328
80359  26.015  7.819  -21.909 0.5714285970
81728  25.489  9.120  -21.307 0.4285714328
62767  31.768  -14.600  -18.843 0.2857142985
65520  31.024  -11.143  -21.314 0.5714285970
81056  26.386  8.630  -21.587 0.2857142985
112320  25.472  8.472  -21.728 0.4285714328
126438  24.499  8.633  -21.434 0.2857142985
57753  27.242  -20.225  -18.382 0.5714285970
57744  25.997  -20.727  -17.943 0.5714285970
59510  29.491  -18.403  -18.578 0.2857142985
120246  28.924  -18.936  -18.578 0.4285714328
114683  25.903  -19.199  -18.640 0.5714285970
60325  29.597  -17.803  -19.100 0.2857142985
58642  24.743  -19.436  -18.117 0.2857142985
59528  25.576  -17.780  -19.538 0.4285714328
61159  27.173  -16.678  -20.934 0.4285714328
61158  27.990  -16.401  -20.729 0.5714285970
60335  24.781  -17.213  -19.614 0.2857142985
61161  25.609  -16.959  -20.263 0.2857142985
62790  28.733  -14.910  -21.397 0.5714285970
63668  32.257  -13.175  -19.205 0.2857142985
63695  27.451  -13.928  -22.192 0.2857142985
70454  28.388  -5.174  -21.703 0.7142857313
123703  27.608  -0.133  -21.374 0.7142857313
75060  27.239  0.602  -21.535 0.7142857313
78887  26.476  5.327  -22.154 0.5714285970
78878  29.830  5.604  -20.620 0.5714285970
79604  29.499  6.510  -20.751 0.5714285970
122661  30.215  6.042  -20.576 0.5714285970
80357  27.705  7.799  -21.439 0.5714285970
81055  27.403  8.493  -21.480 0.2857142985
59495  29.593  -18.874  -17.864 0.2857142985
67211  31.571  -9.603  -21.341 0.7142857313
68000  30.282  -8.979  -21.290 0.7142857313
74273  27.554  -0.846  -21.583 0.7142857313
64612  30.634  -12.767  -21.210 0.5714285970
59511  28.251  -18.912  -18.823 0.5714285970
58653  27.715  -19.566  -18.583 0.4285714328
59513  26.489  -18.739  -18.910 0.4285714328
121985  25.287  -18.460  -18.835 0.4285714328
60326  28.847  -18.232  -19.131 0.5714285970
59526  27.391  -17.976  -19.520 0.5714285970
57745  25.281  -20.683  -17.772 0.5714285970
60332  29.142  -17.376  -19.488 0.5714285970
61160  26.446  -16.876  -20.789 0.4285714328
62021  29.213  -15.395  -20.776 0.5714285970
62791  27.925  -15.199  -21.665 0.4285714328
63683  29.933  -13.994  -21.225 0.7142857313
64626  27.745  -13.174  -22.322 0.2857142985
65522  29.655  -11.749  -22.145 0.7142857313
66371  28.848  -10.779  -22.299 0.7142857313
68011  27.797  -8.560  -22.771 0.2857142985
70455  28.031  -5.847  -22.353 0.5714285970
70456  27.453  -5.777  -23.158 0.2857142985
80360  25.016  7.927  -22.137 0.4285714328
61162  25.356  -16.059  -20.366 0.1428571492
62024  26.659  -15.980  -21.148 0.4285714328
131243  23.649  -23.057  -15.406 0.4285714328
59485  31.396  -18.348  -16.280 0.1428571492
60306  30.868  -17.968  -16.916 0.1428571492
61995  31.489  -15.383  -18.610 0.1428571492
60313  31.126  -17.232  -17.256 0.1428571492
60305  31.700  -17.657  -16.688 0.1428571492
61133  31.718  -15.658  -17.782 0.1428571492
61121  31.412  -16.452  -17.554 0.1428571492
61112  31.998  -16.949  -17.017 0.1428571492
61994  32.089  -14.933  -18.077 0.1428571492
64590  32.595  -12.698  -18.879 0.2857142985
65484  32.647  -11.943  -19.221 0.1428571492
83616  31.439  13.104  -24.718 0.1428571492
73540  26.870  -1.726  -22.551 0.4285714328
83606  31.907  12.750  -23.935 0.1428571492
75061  26.682  0.619  -22.147 0.4285714328
75940  26.894  1.393  -21.932 0.5714285970
132636  26.664  1.917  -22.436 0.4285714328
82951  29.703  10.990  -20.563 0.2857142985
81716  29.343  9.483  -20.702 0.2857142985
118410  29.056  8.122  -20.953 0.2857142985
122445  30.024  9.304  -20.707 0.2857142985
75956  24.688  1.897  -24.611 0.1428571492
76717  26.473  2.446  -22.610 0.5714285970
125088  27.595  3.914  -21.652 0.5714285970
81717  28.504  9.660  -20.831 0.2857142985
80349  29.420  7.456  -20.816 0.4285714328
77446  25.570  3.159  -23.150 0.4285714328
78175  26.099  3.661  -22.659 0.5714285970
81044  27.961  9.088  -21.217 0.2857142985
78182  25.291  3.844  -22.891 0.4285714328
78176  25.238  4.686  -22.959 0.2857142985
81727  27.080  9.262  -21.363 0.1428571492
78177  23.918  4.317  -23.263 0.1428571492
78891  24.761  5.538  -22.962 0.4285714328
127722  26.284  9.374  -21.268 0.1428571492
81719  26.680  9.950  -20.935 0.1428571492
114351  28.183  10.468  -20.665 0.1428571492
116340  24.261  4.869  -23.148 0.2857142985
81721  23.949  9.356  -20.017 0.1428571492
111183  25.727  9.853  -20.871 0.1428571492
82337  25.236  10.408  -20.312 0.1428571492
82336  26.090  10.636  -20.544 0.1428571492
57729  23.129  -20.556  -15.980 0.2857142985
59486  30.628  -18.702  -16.602 0.1428571492
62766  32.376  -14.183  -18.362 0.1428571492
74291  26.569  -0.175  -22.513 0.2857142985
120329  30.885  6.062  -20.531 0.4285714328
81041  30.488  8.751  -20.714 0.2857142985
82333  30.093  10.084  -20.660 0.2857142985
82335  27.170  10.673  -20.468 0.2857142985
56706  23.185  -21.461  -15.693 0.2857142985
55729  29.622  -21.792  -14.898 0.1428571492
58618  30.792  -19.760  -15.603 0.1428571492
58629  31.085  -19.036  -15.869 0.1428571492
64596  32.235  -12.563  -19.556 0.1428571492
63658  32.027  -13.819  -19.069 0.1428571492
78183  24.513  4.127  -23.140 0.1428571492
74290  26.970  -0.928  -22.165 0.4285714328
76728  25.008  2.633  -23.920 0.2857142985
112841  26.161  4.538  -22.494 0.5714285970
80348  30.283  7.275  -20.610 0.4285714328
125608  30.595  9.485  -20.768 0.2857142985
82332  31.063  10.052  -20.937 0.2857142985
82950  30.718  11.016  -20.824 0.2857142985
82957  31.308  11.587  -21.265 0.1428571492
130073  31.172  12.333  -21.304 0.1428571492
82967  32.154  11.332  -22.434 0.1428571492
113792  28.781  11.148  -20.547 0.2857142985
114368  31.805  11.310  -21.722 0.1428571492
83593  31.967  12.256  -23.039 0.1428571492
82956  32.199  10.810  -21.825 0.1428571492
134195  30.124  11.635  -20.684 0.2857142985
81726  31.899  9.762  -21.189 0.2857142985
82342  31.667  10.684  -21.329 0.1428571492
55741  23.926  -21.991  -16.252 0.4285714328
79603  30.368  6.538  -20.581 0.4285714328
124795  30.654  8.007  -20.623 0.2857142985
81715  31.284  9.246  -20.866 0.2857142985
124533  26.520  1.322  -22.629 0.4285714328
77435  26.671  3.065  -22.283 0.5714285970
120070  26.999  4.587  -21.904 0.5714285970
120779  29.892  8.072  -20.686 0.2857142985
74274  27.008  -0.141  -21.800 0.5714285970
78169  26.797  3.813  -22.105 0.5714285970
81054  28.242  8.280  -21.250 0.2857142985
81043  28.779  8.890  -20.947 0.2857142985
75070  26.375  0.602  -22.979 0.2857142985
82334  29.100  10.290  -20.601 0.2857142985
81042  29.589  8.763  -20.768 0.2857142985
76723  25.876  2.477  -23.217 0.2857142985
77441  26.183  2.963  -22.810 0.4285714328
81718  27.625  9.843  -20.946 0.1428571492
77447  24.740  3.423  -23.423 0.2857142985
128781  25.718  4.196  -22.737 0.5714285970
62761  32.767  -14.558  -17.625 0.1428571492
123895  26.492  -0.968  -22.872 0.2857142985
82968  31.618  12.133  -21.934 0.1428571492
69607  27.639  -6.398  -22.869 0.2857142985
118661  28.452  12.086  -20.550 0.1428571492
127764  29.362  11.821  -20.622 0.1428571492
83571  29.106  12.777  -20.718 0.1428571492
82954  26.188  11.663  -19.517 0.1428571492
83572  27.974  13.267  -20.547 0.1428571492
82953  27.200  11.503  -20.114 0.1428571492
83564  26.865  12.310  -19.710 0.1428571492
83573  27.210  13.137  -20.163 0.1428571492
84198  28.843  13.918  -20.807 0.1428571492
82952  27.895  11.329  -20.445 0.1428571492
118451  27.566  12.258  -20.322 0.1428571492
84809  26.618  14.759  -19.835 0.1428571492
84201  26.768  13.623  -19.729 0.1428571492
84200  27.116  14.305  -20.252 0.1428571492
83570  29.992  12.389  -20.823 0.1428571492
56720  26.449  -21.265  -17.550 0.4285714328
56719  27.273  -21.112  -17.619 0.2857142985
56712  27.758  -21.165  -16.823 0.1428571492
57743  27.528  -20.715  -18.068 0.2857142985
58641  27.991  -20.256  -18.214 0.2857142985
115931  26.008  -21.876  -16.961 0.2857142985
78890  25.685  5.423  -22.660 0.4285714328
56721  25.601  -21.277  -17.490 0.4285714328
116678  27.962  -20.695  -17.689 0.1428571492
56705  27.394  -21.957  -16.304 0.1428571492
58640  28.650  -20.059  -17.790 0.2857142985
122863  26.374  -20.126  -18.376 0.4285714328
57754  26.840  -20.783  -18.079 0.2857142985
56713  26.935  -21.644  -17.022 0.2857142985
56715  24.386  -21.551  -16.879 0.2857142985
56714  25.100  -21.795  -17.080 0.2857142985
57738  24.149  -20.761  -17.149 0.2857142985
56722  24.807  -21.104  -17.416 0.2857142985
62023  27.584  -15.933  -21.281 0.2857142985
62034  27.135  -15.259  -21.639 0.2857142985
62803  26.845  -14.514  -21.879 0.2857142985
64639  27.559  -12.393  -22.611 0.1428571492
65537  27.626  -11.650  -22.853 0.1428571492
65536  28.200  -11.160  -22.561 0.2857142985
71283  27.065  -5.009  -23.252 0.1428571492
131032  26.734  -4.045  -23.135 0.1428571492
72004  26.840  -3.128  -22.856 0.1428571492
72742  26.650  -2.430  -23.006 0.1428571492
75077  25.774  0.734  -23.667 0.1428571492
75945  26.268  1.892  -23.014 0.1428571492
75078  25.086  0.954  -24.412 0.1428571492
75949  26.156  1.267  -23.233 0.1428571492
79623  25.208  6.272  -22.659 0.1428571492
80361  23.920  7.800  -21.896 0.1428571492
55735  23.481  -22.382  -15.599 0.2857142985
72741  27.313  -2.591  -22.304 0.2857142985
73541  26.382  -1.680  -23.249 0.1428571492
75950  25.566  1.719  -23.764 0.1428571492
54873  23.082  -22.767  -15.040 0.2857142985
62035  26.374  -15.068  -21.398 0.2857142985
66386  27.490  -10.808  -23.202 0.1428571492
130854  27.486  -7.926  -22.996 0.1428571492
68786  27.461  -7.168  -22.856 0.1428571492
70463  26.736  -5.733  -23.955 0.1428571492
79625  23.190  6.126  -22.478 0.1428571492
79624  24.165  6.296  -22.737 0.1428571492
55740  24.662  -22.269  -16.565 0.2857142985
78178  23.475  4.692  -22.923 0.1428571492
129604  26.004  -16.365  -20.752 0.1428571492
56716  23.747  -21.120  -16.457 0.2857142985
56686  22.147  -21.602  -14.568 0.1428571492
55736  22.786  -22.005  -15.123 0.1428571492
56687  21.683  -21.092  -14.224 0.1428571492
56707  22.480  -21.374  -15.161 0.1428571492
57747  23.951  -19.999  -17.312 0.1428571492
66349  33.460  -10.669  -19.610 0.1428571492
75926  31.946  1.833  -20.698 0.1428571492
132196  22.712  -23.110  -14.558 0.1428571492
116100  22.473  -20.024  -15.590 0.1428571492
57739  23.616  -20.260  -16.660 0.1428571492
57746  24.597  -20.197  -17.698 0.1428571492
59497  23.871  -18.284  -17.988 0.1428571492
54872  23.324  -23.581  -14.936 0.1428571492
58643  24.020  -19.211  -17.747 0.1428571492
55719  22.422  -22.382  -14.522 0.1428571492
54865  24.408  -24.007  -15.066 0.4285714328
55739  25.342  -22.305  -16.655 0.2857142985
62802  27.474  -14.682  -21.956 0.2857142985
76698  30.700  3.055  -19.908 0.7142857313
77448  23.946  3.710  -23.635 0.1428571492
78877  30.572  5.473  -20.494 0.7142857313
80366  33.716  7.606  -22.100 0.1428571492
81052  33.328  8.136  -21.703 0.1428571492
81714  32.095  8.976  -21.016 0.2857142985
81750  33.248  9.338  -24.010 0.1428571492
82350  33.145  9.902  -22.643 0.1428571492
82360  32.610  10.795  -23.733 0.1428571492
122931  33.768  6.911  -21.964 0.1428571492
127986  32.260  10.714  -25.442 0.1428571492
132319  32.871  -9.149  -21.484 0.5714285970
132498  27.233  -4.556  -22.744 0.1428571492
133019  33.225  -9.977  -20.938 0.1428571492
133202  29.270  -18.916  -18.307 0.5714285970
133635  22.970  -26.807  -13.636 0.1428571492
134209  27.477  -17.495  -19.812 0.4285714328
