#!ascii label  , from subject bert vox2ras=TkReg
214
67213  29.731  -9.481  -21.548 0.0000000000
60325  29.597  -17.803  -19.100 0.0000000000
71272  27.461  -4.128  -22.340 0.0000000000
123439  27.425  7.169  -21.452 0.0000000000
59512  27.321  -18.699  -18.982 0.0000000000
72717  29.400  -1.981  -20.704 0.0000000000
75938  28.285  1.235  -20.815 0.0000000000
65523  28.935  -11.476  -22.302 0.0000000000
63683  29.933  -13.994  -21.225 0.0000000000
65506  31.466  -11.509  -20.876 0.0000000000
68776  31.551  -7.626  -21.327 0.0000000000
67204  32.960  -9.648  -21.268 0.0000000000
69599  28.602  -6.970  -21.672 0.0000000000
116380  29.801  -4.979  -20.619 0.0000000000
120070  26.999  4.587  -21.904 0.0000000000
78159  29.236  4.177  -20.642 0.0000000000
61996  30.915  -15.896  -19.120 0.0000000000
123703  27.608  -0.133  -21.374 0.0000000000
75939  27.590  1.349  -21.377 0.0000000000
119340  29.197  -10.089  -22.124 0.0000000000
65521  30.304  -11.502  -21.796 0.0000000000
66369  30.484  -10.665  -21.584 0.0000000000
59525  28.027  -18.308  -19.248 0.0000000000
70454  28.388  -5.174  -21.703 0.0000000000
70439  29.534  -5.932  -20.842 0.0000000000
71270  28.981  -4.414  -21.248 0.0000000000
74259  29.875  -0.489  -20.283 0.0000000000
72716  30.092  -2.616  -20.586 0.0000000000
79614  25.632  7.068  -22.315 0.0000000000
78176  25.238  4.686  -22.959 0.0000000000
124509  26.801  5.994  -21.861 0.0000000000
80346  32.053  7.659  -20.803 0.0000000000
115672  31.727  6.137  -20.544 0.0000000000
78878  29.830  5.604  -20.620 0.0000000000
78157  30.919  4.701  -20.324 0.0000000000
77428  30.731  3.856  -20.117 0.0000000000
63670  31.082  -13.915  -20.356 0.0000000000
62778  30.007  -15.066  -20.389 0.0000000000
114683  25.903  -19.199  -18.640 0.0000000000
71998  28.557  -2.988  -21.321 0.0000000000
73523  28.076  -1.521  -21.286 0.0000000000
74260  28.930  -0.349  -20.504 0.0000000000
75049  29.613  0.385  -20.186 0.0000000000
63694  28.297  -13.590  -22.166 0.0000000000
120706  29.075  -12.271  -22.275 0.0000000000
64612  30.634  -12.767  -21.210 0.0000000000
64597  31.775  -12.468  -20.176 0.0000000000
120046  30.630  -8.182  -21.182 0.0000000000
67211  31.571  -9.603  -21.341 0.0000000000
67998  32.583  -8.637  -21.552 0.0000000000
67214  28.945  -9.320  -21.949 0.0000000000
68785  28.061  -7.643  -22.212 0.0000000000
68778  28.944  -7.671  -21.487 0.0000000000
69588  30.127  -6.626  -20.723 0.0000000000
70438  30.438  -5.800  -20.560 0.0000000000
71258  31.892  -4.666  -20.607 0.0000000000
71988  29.712  -3.260  -20.764 0.0000000000
71987  30.416  -3.464  -20.580 0.0000000000
77435  26.671  3.065  -22.283 0.0000000000
79605  28.539  6.235  -21.074 0.0000000000
78885  28.154  5.495  -21.229 0.0000000000
78167  28.410  4.040  -21.172 0.0000000000
114923  27.894  2.705  -21.509 0.0000000000
76708  28.549  2.573  -20.879 0.0000000000
75918  29.941  2.058  -19.989 0.0000000000
61148  28.452  -16.771  -19.894 0.0000000000
62790  28.733  -14.910  -21.397 0.0000000000
115141  31.829  -10.778  -21.014 0.0000000000
65494  32.356  -11.740  -19.976 0.0000000000
75940  26.894  1.393  -21.932 0.0000000000
76716  27.163  2.294  -21.870 0.0000000000
122005  29.941  -10.186  -21.708 0.0000000000
67212  30.612  -9.758  -21.345 0.0000000000
57745  25.281  -20.683  -17.772 0.0000000000
57744  25.997  -20.727  -17.943 0.0000000000
60326  28.847  -18.232  -19.131 0.0000000000
71271  28.080  -4.311  -21.728 0.0000000000
74258  30.602  -0.148  -20.186 0.0000000000
73505  30.618  -1.131  -20.328 0.0000000000
79613  26.623  6.887  -21.763 0.0000000000
78876  31.415  5.415  -20.444 0.0000000000
78156  31.912  4.671  -20.450 0.0000000000
62776  31.437  -14.235  -19.574 0.0000000000
60334  27.003  -17.626  -20.125 0.0000000000
73524  27.438  -1.680  -21.866 0.0000000000
74273  27.554  -0.846  -21.583 0.0000000000
75059  28.039  0.374  -20.959 0.0000000000
75050  28.727  0.560  -20.468 0.0000000000
75929  28.975  1.203  -20.335 0.0000000000
81055  27.403  8.493  -21.480 0.0000000000
64625  28.327  -12.780  -22.355 0.0000000000
65507  30.794  -11.937  -21.358 0.0000000000
64623  29.992  -12.393  -21.902 0.0000000000
63681  31.203  -13.075  -20.567 0.0000000000
64611  31.275  -12.262  -20.761 0.0000000000
58654  26.831  -19.438  -18.654 0.0000000000
57753  27.242  -20.225  -18.382 0.0000000000
122349  31.686  -8.356  -21.408 0.0000000000
67225  28.219  -9.379  -22.630 0.0000000000
69606  28.077  -6.675  -22.220 0.0000000000
68777  29.845  -7.515  -21.035 0.0000000000
69598  29.282  -6.799  -21.138 0.0000000000
70437  31.520  -5.637  -20.641 0.0000000000
123804  30.838  -5.097  -20.472 0.0000000000
72731  28.651  -2.171  -21.071 0.0000000000
72730  29.259  -2.757  -20.938 0.0000000000
71986  31.530  -3.723  -20.525 0.0000000000
112841  26.161  4.538  -22.494 0.0000000000
128781  25.718  4.196  -22.737 0.0000000000
78175  26.099  3.661  -22.659 0.0000000000
78169  26.797  3.813  -22.105 0.0000000000
80347  31.232  7.506  -20.629 0.0000000000
81040  31.443  8.367  -20.764 0.0000000000
79604  29.499  6.510  -20.751 0.0000000000
123887  29.515  4.933  -20.668 0.0000000000
124519  28.685  4.815  -20.982 0.0000000000
77433  28.149  3.307  -21.372 0.0000000000
77429  28.900  3.397  -20.690 0.0000000000
77427  31.435  3.362  -20.295 0.0000000000
76699  30.098  2.725  -19.914 0.0000000000
75917  30.689  2.286  -19.985 0.0000000000
75927  30.632  1.531  -20.102 0.0000000000
61158  27.990  -16.401  -20.729 0.0000000000
62800  29.088  -13.990  -21.637 0.0000000000
62008  30.460  -15.458  -19.688 0.0000000000
62009  29.647  -15.778  -20.001 0.0000000000
61146  30.239  -16.316  -19.489 0.0000000000
66356  32.175  -10.059  -21.259 0.0000000000
129373  32.732  -10.427  -20.884 0.0000000000
74274  27.008  -0.141  -21.800 0.0000000000
75060  27.239  0.602  -21.535 0.0000000000
66371  28.848  -10.779  -22.299 0.0000000000
66370  29.643  -10.926  -22.015 0.0000000000
65520  31.024  -11.143  -21.314 0.0000000000
58652  28.482  -19.579  -18.390 0.0000000000
59511  28.251  -18.912  -18.823 0.0000000000
58651  29.085  -19.397  -18.131 0.0000000000
130999  31.581  -6.955  -21.113 0.0000000000
119625  32.460  -7.772  -21.647 0.0000000000
70455  28.031  -5.847  -22.353 0.0000000000
70448  28.691  -6.100  -21.528 0.0000000000
120732  29.082  -5.319  -21.193 0.0000000000
73506  29.608  -1.180  -20.484 0.0000000000
127694  30.115  -1.797  -20.482 0.0000000000
121647  30.863  -2.078  -20.414 0.0000000000
78887  26.476  5.327  -22.154 0.0000000000
78886  27.297  5.382  -21.664 0.0000000000
79601  31.927  6.908  -20.623 0.0000000000
79602  31.061  6.745  -20.579 0.0000000000
122661  30.215  6.042  -20.576 0.0000000000
123412  30.187  5.014  -20.503 0.0000000000
78158  30.067  4.372  -20.337 0.0000000000
77422  29.847  3.483  -20.123 0.0000000000
117021  31.457  4.075  -20.339 0.0000000000
63682  30.576  -13.601  -20.987 0.0000000000
62788  30.361  -14.330  -20.719 0.0000000000
62777  30.711  -14.628  -19.982 0.0000000000
58655  25.419  -19.974  -18.198 0.0000000000
59526  27.391  -17.976  -19.520 0.0000000000
60333  28.103  -17.541  -19.562 0.0000000000
72003  27.256  -3.444  -22.474 0.0000000000
71999  27.856  -3.372  -21.816 0.0000000000
72732  27.948  -2.398  -21.553 0.0000000000
74272  28.153  -0.644  -21.049 0.0000000000
73507  28.782  -1.319  -20.795 0.0000000000
75048  30.564  0.726  -20.158 0.0000000000
80359  26.015  7.819  -21.909 0.0000000000
80358  26.918  7.784  -21.611 0.0000000000
80357  27.705  7.799  -21.439 0.0000000000
64624  29.128  -13.072  -22.054 0.0000000000
65522  29.655  -11.749  -22.145 0.0000000000
64613  29.906  -13.309  -21.540 0.0000000000
63669  31.724  -13.320  -19.788 0.0000000000
68000  30.282  -8.979  -21.290 0.0000000000
67999  31.081  -8.977  -21.259 0.0000000000
134274  31.859  -8.991  -21.400 0.0000000000
67210  32.367  -9.360  -21.408 0.0000000000
67989  33.418  -8.879  -21.522 0.0000000000
67203  33.658  -9.579  -21.005 0.0000000000
131676  28.688  -9.762  -22.370 0.0000000000
68002  28.514  -8.539  -21.977 0.0000000000
68001  29.511  -8.542  -21.363 0.0000000000
68767  30.752  -7.240  -20.951 0.0000000000
124590  31.097  -6.440  -20.725 0.0000000000
128020  28.511  -3.717  -21.429 0.0000000000
71997  29.145  -3.510  -21.110 0.0000000000
71260  29.742  -3.977  -20.738 0.0000000000
71259  30.646  -4.304  -20.500 0.0000000000
76717  26.473  2.446  -22.610 0.0000000000
80350  28.440  7.244  -21.166 0.0000000000
79612  27.597  6.324  -21.432 0.0000000000
78168  27.848  4.685  -21.443 0.0000000000
78879  29.032  5.602  -20.871 0.0000000000
125088  27.595  3.914  -21.652 0.0000000000
77434  27.384  3.185  -21.808 0.0000000000
76715  28.027  2.017  -21.243 0.0000000000
75937  28.580  1.809  -20.739 0.0000000000
76700  29.371  2.703  -20.243 0.0000000000
75928  29.160  1.940  -20.332 0.0000000000
112373  29.798  1.290  -20.074 0.0000000000
60332  29.142  -17.376  -19.488 0.0000000000
62789  29.589  -14.646  -21.071 0.0000000000
62021  29.213  -15.395  -20.776 0.0000000000
62022  28.413  -15.726  -21.144 0.0000000000
62010  28.848  -16.104  -20.361 0.0000000000
61147  29.424  -16.589  -19.746 0.0000000000
66368  31.290  -10.357  -21.278 0.0000000000
66350  32.931  -10.967  -20.251 0.0000000000
65505  32.213  -11.202  -20.568 0.0000000000
65495  31.823  -11.829  -20.456 0.0000000000
76698  30.700  3.055  -19.908 0.0000000000
78877  30.572  5.473  -20.494 0.0000000000
132319  32.871  -9.149  -21.484 0.0000000000
133202  29.270  -18.916  -18.307 0.0000000000
